Iteration	CPUTime	PhysTime	Travels	Value	AvValue	MinValue	MaxValue	Delta	Criteria	Progress	dGMaxMin	CriteriaType	CriteriaVarType	CriteriaPercentage
1	48	0	0.00876609577	0	0	0	0	0	0	0	0	0	0	0	3
2	50	0	0.0175321915	0	0	0	0	0	0	0	0	0	0	0	3
3	51	0	0.0262982873	0	0	0	0	0	0	0	0	0	0	0	3
4	52	0	0.0350643831	0	0	0	0	0	0	0	0	0	0	0	3
5	54	0	0.0438304789	0	0	0	0	0	0	0	0	0	0	0	3
6	55	0	0.0525965746	0	0	0	0	0	0	0	0	0	0	0	3
7	56	0	0.0613626704	0	0	0	0	0	0	0	0	0	0	0	3
8	57	0	0.0701287662	0	0	0	0	0	0	0	0	0	0	0	3
9	58	0	0.0788948619	0	0	0	0	0	0	0	0	0	0	0	3
10	59	0	0.0876609577	0	0	0	0	0	0	0	0	0	0	0	3
11	60	0	0.0964270535	0	0	0	0	0	0	0	0	0	0	0	3
12	61	0	0.105193149	0	0	0	0	0	0	0	0	0	0	0	3
13	62	0	0.113959245	0	0	0	0	0	0	0	0	0	0	0	3
14	63	0	0.122725341	0	0	0	0	0	0	0	0	0	0	0	3
15	64	0	0.131491437	0	0	0	0	0	0	0	0	0	0	0	3
16	66	0	0.140257532	0	0	0	0	0	0	0	0	0	0	0	3
17	67	0	0.149023628	0	0	0	0	0	0	0	0	0	0	0	3
18	68	0	0.157789724	0	0	0	0	0	0	0	0	0	0	0	3
19	69	0	0.16655582	0	0	0	0	0	0	0	0	0	0	0	3
20	69	0	0.175321915	0	0	0	0	0	0	0	0	0	0	0	3
21	71	0	0.184088011	0	0	0	0	0	0	0	0	0	0	0	3
22	72	0	0.192854107	0	0	0	0	0	0	0	0	0	0	0	3
23	73	0	0.201620203	0	0	0	0	0	0	0	0	0	0	0	3
24	74	0	0.210386298	0	0	0	0	0	0	0	0	0	0	0	3
25	75	0	0.219152394	0	0	0	0	0	0	0	0	0	0	0	3
26	76	0	0.22791849	0	0	0	0	0	0	0	0	0	0	0	3
27	78	0	0.236684586	0	0	0	0	0	0	0	0	0	0	0	3
28	79	0	0.245450682	0	0	0	0	0	0	0	0	0	0	0	3
29	80	0	0.254216777	0	0	0	0	0	0	0	0	0	0	0	3
30	81	0	0.262982873	0	0	0	0	0	0	0	0	0	0	0	3
31	82	0	0.271748969	0	0	0	0	0	0	0	0	0	0	0	3
32	83	0	0.280515065	0	0	0	0	0	0	0	0	0	0	0	3
33	84	0	0.28928116	0	0	0	0	0	0	0	0	0	0	0	3
34	86	0	0.298047256	0	0	0	0	0	0	0	0	0	0	0	3
35	87	0	0.306813352	0	0	0	0	0	0	0	0	0	0	0	3
36	88	0	0.315579448	0	0	0	0	0	0	0	0	0	0	0	3
37	89	0	0.324345543	0	0	0	0	0	0	0	0	0	0	0	3
38	90	0	0.333111639	0	0	0	0	0	0	0	0	0	0	0	3
39	91	0	0.341877735	0	0	0	0	0	0	0	0	0	0	0	3
40	92	0	0.350643831	0	0	0	0	0	0	0	0	0	0	0	3
41	94	0	0.359409927	0	0	0	0	0	0	0	0	0	0	0	3
42	95	0	0.368176022	0	0	0	0	0	0	0	0	0	0	0	3
43	96	0	0.376942118	0	0	0	0	0	0	0	0	0	0	0	3
44	97	0	0.385708214	0	0	0	0	0	0	0	0	0	0	0	3
45	98	0	0.39447431	0	0	0	0	0	0	0	0	0	0	0	3
46	100	0	0.403240405	0	0	0	0	0	0	0	0	0	0	0	3
47	101	0	0.412006501	0	0	0	0	0	0	0	0	0	0	0	3
48	102	0	0.420772597	0	0	0	0	0	0	0	0	0	0	0	3
49	103	0	0.429538693	0	0	0	0	0	0	0	0	0	0	0	3
50	104	0	0.438304789	0	0	0	0	0	0	0	0	0	0	0	3
51	106	0	0.447070884	0	0	0	0	0	0	0	0	0	0	0	3
52	107	0	0.45583698	0	0	0	0	0	0	0	0	0	0	0	3
53	107	0	0.464603076	0	0	0	0	0	0	0	0	0	0	0	3
54	108	0	0.473369172	0	0	0	0	0	0	0	0	0	0	0	3
55	109	0	0.482135267	0	0	0	0	0	0	0	0	0	0	0	3
56	111	0	0.490901363	0	0	0	0	0	0	0	0	0	0	0	3
57	112	0	0.499667459	0	0	0	0	0	0	0	0	0	0	0	3
58	113	0	0.508433555	0	0	0	0	0	0	0	0	0	0	0	3
59	113	0	0.51719965	0	0	0	0	0	0	0	0	0	0	0	3
60	114	0	0.525965746	0	0	0	0	0	0	0	0	0	0	0	3
61	116	0	0.534731842	0	0	0	0	0	0	0	0	0	0	0	3
62	117	0	0.543497938	0	0	0	0	0	0	0	0	0	0	0	3
63	118	0	0.552264034	0	0	0	0	0	0	0	0	0	0	0	3
64	118	0	0.561030129	0	0	0	0	0	0	0	0	0	0	0	3
65	119	0	0.569796225	0	0	0	0	0	0	0	0	0	0	0	3
66	121	0	0.578562321	0	0	0	0	0	0	0	0	0	0	0	3
67	122	0	0.587328417	0	0	0	0	0	0	0	0	0	0	0	3
68	123	0	0.596094512	0	0	0	0	0	0	0	0	0	0	0	3
69	123	0	0.604860608	0	0	0	0	0	0	0	0	0	0	0	3
70	124	0	0.613626704	0	0	0	0	0	0	0	0	0	0	0	3
71	126	0	0.6223928	0	0	0	0	0	0	0	0	0	0	0	3
72	127	0	0.631158895	0	0	0	0	0	0	0	0	0	0	0	3
73	128	0	0.639924991	0	0	0	0	0	0	0	0	0	0	0	3
74	128	0	0.648691087	0	0	0	0	0	0	0	0	0	0	0	3
75	129	0	0.657457183	0	0	0	0	0	0	0	0	0	0	0	3
76	131	0	0.666223279	0	0	0	0	0	0	0	0	0	0	0	3
77	132	0	0.674989374	0	0	0	0	0	0	0	0	0	0	0	3
78	133	0	0.68375547	0	0	0	0	0	0	0	0	0	0	0	3
79	133	0	0.692521566	0	0	0	0	0	0	0	0	0	0	0	3
80	134	0	0.701287662	0	0	0	0	0	0	0	0	0	0	0	3
81	136	0	0.710053757	0	0	0	0	0	0	0	0	0	0	0	3
82	137	0	0.718819853	0	0	0	0	0	0	0	0	0	0	0	3
83	138	0	0.727585949	0	0	0	0	0	0	0	0	0	0	0	3
84	138	0	0.736352045	0	0	0	0	0	0	0	0	0	0	0	3
85	139	0	0.74511814	0	0	0	0	0	0	0	0	0	0	0	3
86	141	0	0.753884236	0	0	0	0	0	0	0	0	0	0	0	3
87	142	0	0.762650332	0	0	0	0	0	0	0	0	0	0	0	3
88	143	0	0.771416428	0	0	0	0	0	0	0	0	0	0	0	3
89	144	0	0.780182524	0	0	0	0	0	0	0	0	0	0	0	3
90	145	0	0.788948619	0	0	0	0	0	0	0	0	0	0	0	3
91	146	0	0.797714715	0	0	0	0	0	0	0	0	0	0	0	3
92	147	0	0.806480811	0	0	0	0	0	0	0	0	0	0	0	3
93	148	0	0.815246907	0	0	0	0	0	0	0	0	0	0	0	3
94	149	0	0.824013002	0	0	0	0	0	0	0	0	0	0	0	3
95	150	0	0.832779098	0	0	0	0	0	0	0	0	0	0	0	3
96	152	0	0.841545194	0	0	0	0	0	0	0	0	0	0	0	3
97	153	0	0.85031129	0	0	0	0	0	0	0	0	0	0	0	3
98	153	0	0.859077385	0	0	0	0	0	0	0	0	0	0	0	3
99	154	0	0.867843481	0	0	0	0	0	0	0	0	0	0	0	3
100	155	0	0.876609577	0	0	0	0	0	0	0	0	0	0	0	3
101	157	0	0.885375673	0	0	0	0	0	0	0	0	0	0	0	3
102	158	0	0.894141769	0	0	0	0	0	0	0	0	0	0	0	3
103	159	0	0.902907864	0	0	0	0	0	0	0	0	0	0	0	3
104	160	0	0.91167396	0	0	0	0	0	0	0	0	0	0	0	3
105	161	0	0.920440056	0	0	0	0	0	0	0	0	0	0	0	3
106	163	0	0.929206152	0	0	0	0	0	0	0	0	0	0	0	3
107	163	0	0.937972247	0	0	0	0	0	0	0	0	0	0	0	3
108	164	0	0.946738343	0	0	0	0	0	0	0	0	0	0	0	3
109	165	0	0.955504439	0	0	0	0	0	0	0	0	0	0	0	3
110	166	0	0.964270535	0	0	0	0	0	0	0	0	0	0	0	3
111	167	0	0.97303663	0	0	0	0	0	0	0	0	0	0	0	3
112	168	0	0.981802726	0	0	0	0	0	0	0	0	0	0	0	3
113	170	0	0.990568822	0	0	0	0	0	0	0	0	0	0	0	3
114	171	0	0.999334918	0	0	0	0	0	0	0	0	0	0	0	3
115	172	0	1.00810101	0	0	0	0	0	5e-06	0	0	0	0	0	3
116	173	0	1.01686711	0	0	0	0	0	5e-06	0	0	0	0	0	3
117	174	0	1.02563321	0	0	0	0	0	5e-06	0	0	0	0	0	3
118	176	0	1.0343993	0	0	0	0	0	5e-06	0	0	0	0	0	3
119	177	0	1.0431654	0	0	0	0	0	5e-06	0	0	0	0	0	3
120	178	0	1.05193149	0	0	0	0	0	5e-06	0	0	0	0	0	3
121	180	0	1.06069759	0	0	0	0	0	5e-06	0	0	0	0	0	3
122	181	0	1.06946368	0	0	0	0	0	5e-06	0	0	0	0	0	3
123	183	0	1.07822978	0	0	0	0	0	5e-06	0	0	0	0	0	3
124	184	0	1.08699588	0	0	0	0	0	5e-06	0	0	0	0	0	3
125	186	0	1.09576197	0	0	0	0	0	5e-06	0	0	0	0	0	3
126	187	0	1.10452807	0	0	0	0	0	5e-06	0	0	0	0	0	3
127	188	0	1.11329416	0	0	0	0	0	5e-06	0	0	0	0	0	3
128	190	0	1.12206026	0	0	0	0	0	5e-06	0	0	0	0	0	3
129	191	0	1.13082635	0	0	0	0	0	5e-06	0	0	0	0	0	3
130	192	0	1.13959245	0	0	0	0	0	5e-06	0	0	0	0	0	3
131	194	0	1.14835855	0	0	0	0	0	5e-06	0	0	0	0	0	3
132	195	0	1.15712464	0	0	0	0	0	5e-06	0	0	0	0	0	3
133	197	0	1.16589074	0	0	0	0	0	5e-06	0	0	0	0	0	3
134	198	0	1.17465683	0	0	0	0	0	5e-06	0	0	0	0	0	3
135	200	0	1.18342293	0	0	0	0	0	5e-06	0	0	0	0	0	3
136	201	0	1.19218902	0	0	0	0	0	5e-06	0	0	0	0	0	3
137	202	0	1.20095512	0	0	0	0	0	5e-06	0	0	0	0	0	3
138	204	0	1.20972122	0	0	0	0	0	5e-06	0	0	0	0	0	3
139	205	0	1.21848731	0	0	0	0	0	5e-06	0	0	0	0	0	3
140	206	0	1.22725341	0	0	0	0	0	5e-06	0	0	0	0	0	3
141	208	0	1.2360195	0	0	0	0	0	5e-06	0	0	0	0	0	3
142	209	0	1.2447856	0	0	0	0	0	5e-06	0	0	0	0	0	3
143	211	0	1.2535517	0	0	0	0	0	5e-06	0	0	0	0	0	3
144	212	0	1.26231779	0	0	0	0	0	5e-06	0	0	0	0	0	3
145	214	0	1.27108389	0	0	0	0	0	5e-06	0	0	0	0	0	3
146	215	0	1.27984998	0	0	0	0	0	5e-06	0	0	0	0	0	3
147	217	0	1.28861608	0	0	0	0	0	5e-06	0	0	0	0	0	3
148	218	0	1.29738217	0	0	0	0	0	5e-06	0	0	0	0	0	3
149	219	0	1.30614827	0	0	0	0	0	5e-06	0	0	0	0	0	3
150	221	0	1.31491437	0	0	0	0	0	5e-06	0	0	0	0	0	3
151	222	0	1.32368046	0	0	0	0	0	5e-06	0	0	0	0	0	3
152	223	0	1.33244656	0	0	0	0	0	5e-06	0	0	0	0	0	3
153	225	0	1.34121265	0	0	0	0	0	5e-06	0	0	0	0	0	3
154	226	0	1.34997875	0	0	0	0	0	5e-06	0	0	0	0	0	3
155	228	0	1.35874484	0	0	0	0	0	5e-06	0	0	0	0	0	3
156	229	0	1.36751094	0	0	0	0	0	5e-06	0	0	0	0	0	3
157	230	0	1.37627704	0	0	0	0	0	5e-06	0	0	0	0	0	3
158	232	0	1.38504313	0	0	0	0	0	5e-06	0	0	0	0	0	3
159	233	0	1.39380923	0	0	0	0	0	5e-06	0	0	0	0	0	3
160	235	0	1.40257532	0	0	0	0	0	5e-06	0	0	0	0	0	3
