Iteration	CPUTime	PhysTime	Travels	Value	AvValue	MinValue	MaxValue	Delta	Criteria	Progress	dGMaxMin	CriteriaType	CriteriaVarType	CriteriaPercentage
1	48	0	0.00876609577	101374.159	101374.159	101374.159	101374.159	0	0	0	0	15570.5	0	0	3
2	50	0	0.0175321915	101323.618	101348.888	101323.618	101374.159	25.2703277	0	0	0	6377.03	0	0	3
3	51	0	0.0262982873	101319.001	101338.926	101319.001	101374.159	35.232762	0	0	0	3583.38	0	0	3
4	52	0	0.0350643831	101322.533	101334.828	101319.001	101374.159	39.3310073	0	0	0	3788.35	0	0	3
5	54	0	0.0438304789	101325.342	101332.931	101319.001	101374.159	41.2281669	0	0	0	3961.22	0	0	3
6	55	0	0.0525965746	101326.451	101331.851	101319.001	101374.159	42.3080857	0	0	0	3279.85	0	0	3
7	56	0	0.0613626704	101326.891	101331.142	101319.001	101374.159	43.0165632	0	0	0	2767.48	0	0	3
8	57	0	0.0701287662	101327.005	101330.625	101319.001	101374.159	43.533768	0	0	0	2392.35	0	0	3
9	58	0	0.0788948619	101326.777	101330.197	101319.001	101374.159	43.9612779	0	0	0	2201.01	0	0	3
10	59	0	0.0876609577	101326.449	101329.823	101319.001	101374.159	44.3361393	0	0	0	2062.12	0	0	3
11	60	0	0.0964270535	101326.167	101329.49	101319.001	101374.159	44.6684676	0	0	0	2011.61	0	0	3
12	61	0	0.105193149	101325.958	101329.196	101319.001	101374.159	44.9628224	0	0	0	1926.22	0	0	3
13	62	0	0.113959245	101325.797	101328.934	101319.001	101374.159	45.2242465	0	0	0	1846.32	0	0	3
14	63	0	0.122725341	101325.714	101328.704	101319.001	101374.159	45.4542622	0	0	0	1749.19	0	0	3
15	64	0	0.131491437	101325.7	101328.504	101319.001	101374.159	45.6545578	0	0	0	1659.04	0	0	3
16	66	0	0.140257532	101325.713	101328.33	101319.001	101374.159	45.8290361	0	0	0	1580.94	0	0	3
17	67	0	0.149023628	101325.73	101328.177	101319.001	101374.159	45.9819759	0	0	0	1555.35	0	0	3
18	68	0	0.157789724	101325.751	101328.042	101319.001	101374.159	46.116767	0	0	0	1561.67	0	0	3
19	69	0	0.16655582	101325.758	101327.922	101319.001	101374.159	46.2369701	0	0	0	1566.38	0	0	3
20	69	0	0.175321915	101325.725	101327.812	101319.001	101374.159	46.3468269	0	0	0	1578.14	0	0	3
21	71	0	0.184088011	101325.654	101327.709	101319.001	101374.159	46.4495923	0	0	0	1576.82	0	0	3
22	72	0	0.192854107	101325.565	101327.612	101319.001	101374.159	46.5470705	0	0	0	1582.06	0	0	3
23	73	0	0.201620203	101325.476	101327.519	101319.001	101374.159	46.6399213	0	0	0	1584.56	0	0	3
24	74	0	0.210386298	101325.383	101327.43	101319.001	101374.159	46.7289088	0	0	0	1589.34	0	0	3
25	75	0	0.219152394	101325.283	101327.344	101319.001	101374.159	46.8147783	0	0	0	1593.06	0	0	3
26	76	0	0.22791849	101325.158	101327.26	101319.001	101374.159	46.8988429	0	0	0	1594.9	0	0	3
27	78	0	0.236684586	101324.969	101327.175	101319.001	101374.159	46.9836789	0	0	0	1599.58	0	0	3
28	79	0	0.245450682	101324.768	101327.089	101319.001	101374.159	47.069635	0	0	0	1600.06	0	0	3
29	80	0	0.254216777	101324.512	101327	101319.001	101374.159	47.1585159	0	0	0	1605.68	0	0	3
30	81	0	0.262982873	101324.275	101326.909	101319.001	101374.159	47.2493691	0	0	0	1612.18	0	0	3
31	82	0	0.271748969	101324.077	101326.818	101319.001	101374.159	47.3407352	0	0	0	1617.02	0	0	3
32	83	0	0.280515065	101323.908	101326.727	101319.001	101374.159	47.4316789	0	0	0	1623.24	0	0	3
33	84	0	0.28928116	101323.814	101326.639	101319.001	101374.159	47.5199539	0	0	0	1628.56	0	0	3
34	86	0	0.298047256	101323.809	101326.556	101319.001	101374.159	47.6031777	0	0	0	1633.58	0	0	3
35	87	0	0.306813352	101323.872	101326.479	101319.001	101374.159	47.6798527	0	0	0	1637.77	0	0	3
36	88	0	0.315579448	101323.98	101326.409	101319.001	101374.159	47.7492783	0	0	0	1640.62	0	0	3
37	89	0	0.324345543	101324.132	101326.348	101319.001	101374.159	47.8108346	0	0	0	1643.52	0	0	3
38	90	0	0.333111639	101324.291	101326.294	101319.001	101374.159	47.8649507	0	0	0	1645.66	0	0	3
39	91	0	0.341877735	101324.434	101326.246	101319.001	101374.159	47.9126291	0	0	0	1646.97	0	0	3
40	92	0	0.350643831	101324.544	101326.204	101319.001	101374.159	47.9551941	0	0	0	1647.72	0	0	3
41	94	0	0.359409927	101324.649	101326.166	101319.001	101374.159	47.9931144	0	0	0	1648.07	0	0	3
42	95	0	0.368176022	101324.746	101326.132	101319.001	101374.159	48.0269147	0	0	0	1648.19	0	0	3
43	96	0	0.376942118	101324.822	101326.101	101319.001	101374.159	48.057372	0	0	0	1648	0	0	3
44	97	0	0.385708214	101324.879	101326.074	101319.001	101374.159	48.0851552	0	0	0	1647.63	0	0	3
45	98	0	0.39447431	101324.921	101326.048	101319.001	101374.159	48.1107756	0	0	0	1647.15	0	0	3
46	100	0	0.403240405	101324.947	101326.024	101319.001	101374.159	48.1347075	0	0	0	1646.67	0	0	3
47	101	0	0.412006501	101324.96	101326.001	101319.001	101374.159	48.157344	0	0	0	1646.17	0	0	3
48	102	0	0.420772597	101324.964	101325.98	101319.001	101374.159	48.1789661	0	0	0	1645.56	0	0	3
49	103	0	0.429538693	101324.96	101325.959	101319.001	101374.159	48.199776	0	0	0	1644.94	0	0	3
50	104	0	0.438304789	101324.95	101325.939	101319.001	101374.159	48.2199534	0	0	0	1644.35	0	0	3
51	106	0	0.447070884	101324.938	101325.919	101319.001	101374.159	48.2395769	0	0	0	1643.77	0	0	3
52	107	0	0.45583698	101324.925	101325.9	101319.001	101374.159	48.2586963	0	0	0	1643.22	0	0	3
53	107	0	0.464603076	101324.912	101325.881	101319.001	101374.159	48.2773416	0	0	0	1642.71	0	0	3
54	108	0	0.473369172	101324.9	101325.863	101319.001	101374.159	48.2955212	0	0	0	1642.24	0	0	3
55	109	0	0.482135267	101324.889	101325.846	101319.001	101374.159	48.3132333	0	0	0	1641.8	0	0	3
56	111	0	0.490901363	101324.88	101325.828	101319.001	101374.159	48.3304716	0	0	0	1641.25	0	0	3
57	112	0	0.499667459	101324.873	101325.812	101319.001	101374.159	48.3472279	0	0	0	1640.59	0	0	3
58	113	0	0.508433555	101324.868	101325.795	101319.001	101374.159	48.363495	0	0	0	1639.83	0	0	3
59	113	0	0.51719965	101324.865	101324.945	101319.001	101327.005	8.00342812	0	0	0	1639	0	0	3
60	114	0	0.525965746	101324.863	101324.967	101319.001	101327.005	8.00342812	0	0	0	1638.12	0	0	3
61	116	0	0.534731842	101324.863	101325.068	101322.533	101327.005	4.47154115	0	0	0	1637.37	0	0	3
62	117	0	0.543497938	101324.864	101325.108	101323.809	101327.005	3.19536069	0	0	0	1636.12	0	0	3
63	118	0	0.552264034	101324.865	101325.1	101323.809	101327.005	3.19536069	0	0	0	1635.91	0	0	3
64	118	0	0.561030129	101324.867	101325.073	101323.809	101327.005	3.19536069	0	0	0	1634.78	0	0	3
65	119	0	0.569796225	101324.868	101325.038	101323.809	101327.005	3.19536069	0	0	0	1634.45	0	0	3
66	121	0	0.578562321	101324.87	101325.001	101323.809	101326.777	2.96820609	0	0	0	1634.04	0	0	3
67	122	0	0.587328417	101324.872	101324.968	101323.809	101326.449	2.63967141	0	0	0	1633.63	0	0	3
68	123	0	0.596094512	101324.873	101324.941	101323.809	101326.167	2.35781283	0	0	0	1633.15	0	0	3
69	123	0	0.604860608	101324.874	101324.919	101323.809	101325.958	2.14883694	0	0	0	1632.67	0	0	3
70	124	0	0.613626704	101324.875	101324.9	101323.809	101325.797	1.98822805	0	0	0	1632.13	0	0	3
71	126	0	0.6223928	101324.876	101324.884	101323.809	101325.758	1.94893732	0	0	0	1631.61	0	0	3
72	127	0	0.631158895	101324.878	101324.87	101323.809	101325.758	1.94893732	0	0	0	1631.01	0	0	3
73	128	0	0.639924991	101324.879	101324.855	101323.809	101325.758	1.94893732	0	0	0	1630.44	0	0	3
74	128	0	0.648691087	101324.88	101324.841	101323.809	101325.758	1.94893732	0	0	0	1629.88	0	0	3
75	129	0	0.657457183	101324.881	101324.826	101323.809	101325.758	1.94893732	0	0	0	1629.24	0	0	3
76	131	0	0.666223279	101324.881	101324.811	101323.809	101325.758	1.94893732	0	0	0	1628.62	0	0	3
77	132	0	0.674989374	101324.882	101324.796	101323.809	101325.725	1.91545774	0	0	0	1627.94	0	0	3
78	133	0	0.68375547	101324.882	101324.782	101323.809	101325.654	1.84466245	0	0	0	1627.33	0	0	3
79	133	0	0.692521566	101324.882	101324.768	101323.809	101325.565	1.75544968	0	0	0	1626.65	0	0	3
80	134	0	0.701287662	101324.882	101324.757	101323.809	101325.476	1.66692386	0	0	0	1626.02	0	0	3
81	136	0	0.710053757	101324.882	101324.746	101323.809	101325.383	1.57394148	0	0	0	1625.35	0	0	3
82	137	0	0.718819853	101324.882	101324.738	101323.809	101325.283	1.47391787	0	0	0	1624.74	0	0	3
83	138	0	0.727585949	101324.881	101324.731	101323.809	101325.158	1.34910583	0	0	0	1624.1	0	0	3
84	138	0	0.736352045	101324.88	101324.726	101323.809	101324.969	1.1601483	0	0	0	1623.53	0	0	3
85	139	0	0.74511814	101324.879	101324.725	101323.809	101324.964	1.15435825	0	0	0	1622.93	0	0	3
86	141	0	0.753884236	101324.879	101324.726	101323.809	101324.964	1.15435825	0	0	0	1622.4	0	0	3
87	142	0	0.762650332	101324.878	101324.733	101323.809	101324.964	1.15435825	0	0	0	1621.84	0	0	3
88	143	0	0.771416428	101324.877	101324.743	101323.809	101324.964	1.15435825	0	0	0	1621.33	0	0	3
89	144	0	0.780182524	101324.877	101324.757	101323.809	101324.964	1.15435825	0	0	0	1620.79	0	0	3
90	145	0	0.788948619	101324.877	101324.774	101323.809	101324.964	1.15435825	0	0	0	1620.29	0	0	3
91	146	0	0.797714715	101324.877	101324.792	101323.809	101324.964	1.15435825	0	0	0	1619.76	0	0	3
92	147	0	0.806480811	101324.877	101324.81	101323.872	101324.964	1.09159777	0	0	0	1619.28	0	0	3
93	148	0	0.815246907	101324.877	101324.828	101323.98	101324.964	0.983972169	0	0	0	1618.78	0	0	3
94	149	0	0.824013002	101324.877	101324.843	101324.132	101324.964	0.831653392	0	0	0	1618.27	0	0	3
95	150	0	0.832779098	101324.878	101324.856	101324.291	101324.964	0.672043219	0	0	0	1617.78	0	0	3
96	152	0	0.841545194	101324.878	101324.866	101324.434	101324.964	0.529201885	0	0	0	1617.23	0	0	3
97	153	0	0.85031129	101324.878	101324.874	101324.544	101324.964	0.420025652	0	0	0	1616.73	0	0	3
98	153	0	0.859077385	101324.878	101324.88	101324.649	101324.964	0.314721355	0	0	0	1616.18	0	0	3
99	154	0	0.867843481	101324.879	101324.884	101324.746	101324.964	0.21752445	0	0	0	1615.67	0	0	3
100	155	0	0.876609577	101324.879	101324.886	101324.822	101324.964	0.141373309	0	0	0	1615.14	0	0	3
101	157	0	0.885375673	101324.879	101324.887	101324.863	101324.964	0.100194219	0	0	0	1614.67	0	0	3
102	158	0	0.894141769	101324.88	101324.887	101324.863	101324.964	0.100194219	0	0	0	1614.16	0	0	3
103	159	0	0.902907864	101324.88	101324.886	101324.863	101324.964	0.100194219	0	0	0	1613.71	0	0	3
104	160	0	0.91167396	101324.879	101324.885	101324.863	101324.964	0.100194219	0	0	0	1613.24	0	0	3
105	161	0	0.920440056	101324.879	101324.884	101324.863	101324.964	0.100194219	0	0	0	1612.83	0	0	3
106	163	0	0.929206152	101324.878	101324.882	101324.863	101324.96	0.0967461805	0	0	0	1612.41	0	0	3
107	163	0	0.937972247	101324.878	101324.881	101324.863	101324.95	0.0867565091	0	0	0	1612.03	0	0	3
108	164	0	0.946738343	101324.877	101324.879	101324.863	101324.938	0.0746451331	0	0	0	1611.66	0	0	3
109	165	0	0.955504439	101324.877	101324.878	101324.863	101324.925	0.0616141181	0	0	0	1611.33	0	0	3
110	166	0	0.964270535	101324.876	101324.878	101324.863	101324.912	0.0485030597	0	0	0	1610.99	0	0	3
111	167	0	0.97303663	101324.876	101324.877	101324.863	101324.9	0.0363582824	0	0	0	1610.7	0	0	3
112	168	0	0.981802726	101324.876	101324.876	101324.863	101324.889	0.025713735	0	0	0	1610.39	0	0	3
113	170	0	0.990568822	101324.875	101324.876	101324.863	101324.882	0.0188324108	0	0	0	1610.13	0	0	3
114	171	0	0.999334918	101324.874	101324.876	101324.863	101324.882	0.0188324108	0	0	0	1609.84	0	0	3
115	172	0	1.00810101	101324.874	101324.876	101324.863	101324.882	0.0188324108	0.240102843	0	0	1609.6	0	0	3
116	173	0	1.01686711	101324.874	101324.876	101324.863	101324.882	0.0188324108	0.240102843	0	0	1609.34	0	0	3
117	174	0	1.02563321	101324.874	101324.876	101324.863	101324.882	0.0188324108	0.240102843	0	0	1609.12	0	0	3
118	176	0	1.0343993	101324.874	101324.877	101324.863	101324.882	0.0188324108	0.240102843	0	0	1608.88	0	0	3
119	177	0	1.0431654	101324.874	101324.877	101324.864	101324.882	0.0183278458	0.240102843	0	0	1608.67	0	0	3
120	178	0	1.05193149	101324.874	101324.877	101324.865	101324.882	0.0169729572	0.240102843	0	0	1608.46	0	0	3
121	180	0	1.06069759	101324.874	101324.877	101324.867	101324.882	0.015456823	0.240102843	0	0	1608.42	0	0	3
122	181	0	1.06946368	101324.874	101324.877	101324.868	101324.882	0.0137213771	0.240102843	0	0	1608.35	0	0	3
123	183	0	1.07822978	101324.874	101324.877	101324.87	101324.882	0.0120529479	0.240102843	0	0	1608.3	0	0	3
124	184	0	1.08699588	101324.874	101324.877	101324.872	101324.882	0.0105588939	0.240102843	0	0	1608.22	0	0	3
125	186	0	1.09576197	101324.874	101324.877	101324.873	101324.882	0.00932038779	0.240102843	0	0	1608.17	0	0	3
126	187	0	1.10452807	101324.874	101324.877	101324.874	101324.882	0.00857971118	0.240102843	0	0	1608.1	0	0	3
127	188	0	1.11329416	101324.874	101324.877	101324.874	101324.882	0.00857971118	0.240102843	0	0	1608.06	0	0	3
128	190	0	1.12206026	101324.874	101324.877	101324.874	101324.882	0.00857971118	0.240102843	0	0	1608	0	0	3
129	191	0	1.13082635	101324.874	101324.877	101324.874	101324.882	0.00857971118	0.240102843	0	0	1607.97	0	0	3
130	192	0	1.13959245	101324.874	101324.877	101324.874	101324.882	0.00857971118	0.240102843	0	0	1607.91	0	0	3
131	194	0	1.14835855	101324.874	101324.877	101324.874	101324.882	0.00857971118	0.240102843	0	0	1607.87	0	0	3
132	195	0	1.15712464	101324.874	101324.877	101324.874	101324.882	0.00857971118	0.240102843	0	0	1607.81	0	0	3
133	197	0	1.16589074	101324.874	101324.877	101324.874	101324.882	0.00857971118	0.240102843	0	0	1607.79	0	0	3
134	198	0	1.17465683	101324.874	101324.877	101324.874	101324.882	0.00857971118	0.240102843	0	0	1607.74	0	0	3
135	200	0	1.18342293	101324.874	101324.877	101324.874	101324.882	0.00857971118	0.240102843	0	0	1607.73	0	0	3
136	201	0	1.19218902	101324.874	101324.877	101324.874	101324.882	0.00857971118	0.240102843	0	0	1607.69	0	0	3
137	202	0	1.20095512	101324.874	101324.877	101324.874	101324.882	0.00857971118	0.240102843	0	0	1607.67	0	0	3
138	204	0	1.20972122	101324.874	101324.876	101324.874	101324.882	0.00835284329	0.240102843	0	0	1607.63	0	0	3
139	205	0	1.21848731	101324.874	101324.876	101324.874	101324.882	0.00796582851	0.240102843	0	0	1607.6	0	0	3
140	206	0	1.22725341	101324.874	101324.876	101324.874	101324.881	0.00729048444	0.240102843	0	0	1607.52	0	0	3
141	208	0	1.2360195	101324.874	101324.876	101324.874	101324.88	0.00671014753	0.240102843	0	0	1607.47	0	0	3
142	209	0	1.2447856	101324.874	101324.876	101324.874	101324.88	0.00603394076	0.240102843	0	0	1607.42	0	0	3
143	211	0	1.2535517	101324.874	101324.876	101324.874	101324.88	0.00603394076	0.240102843	0	0	1607.37	0	0	3
144	212	0	1.26231779	101324.874	101324.876	101324.874	101324.88	0.00603394076	0.240102843	0	0	1607.29	0	0	3
145	214	0	1.27108389	101324.874	101324.876	101324.874	101324.88	0.00603394076	0.240102843	0	0	1607.23	0	0	3
146	215	0	1.27984998	101324.874	101324.876	101324.874	101324.88	0.00603394076	0.240102843	0	0	1607.14	0	0	3
147	217	0	1.28861608	101324.874	101324.876	101324.874	101324.88	0.00603394076	0.240102843	0	0	1607.05	0	0	3
148	218	0	1.29738217	101324.874	101324.876	101324.874	101324.88	0.00603394076	0.240102843	0	0	1606.95	0	0	3
149	219	0	1.30614827	101324.874	101324.875	101324.874	101324.88	0.00603394076	0.240102843	0	0	1606.87	0	0	3
150	221	0	1.31491437	101324.874	101324.875	101324.874	101324.88	0.00603394076	0.240102843	0	0	1606.79	0	0	3
151	222	0	1.32368046	101324.875	101324.875	101324.874	101324.88	0.00603394076	0.240102843	0	0	1606.73	0	0	3
152	223	0	1.33244656	101324.874	101324.875	101324.874	101324.88	0.00603394076	0.240102843	0	0	1606.67	0	0	3
153	225	0	1.34121265	101324.874	101324.875	101324.874	101324.88	0.00603394076	0.240102843	0	0	1606.62	0	0	3
154	226	0	1.34997875	101324.875	101324.875	101324.874	101324.88	0.00603394076	0.240102843	0	0	1606.56	0	0	3
155	228	0	1.35874484	101324.874	101324.875	101324.874	101324.88	0.00603394076	0.240102843	0	0	1606.53	0	0	3
156	229	0	1.36751094	101324.874	101324.875	101324.874	101324.88	0.00603394076	0.240102843	0	0	1606.46	0	0	3
157	230	0	1.37627704	101324.874	101324.875	101324.874	101324.88	0.00603394076	0.240102843	0	0	1606.42	0	0	3
158	232	0	1.38504313	101324.874	101324.875	101324.874	101324.88	0.00603394076	0.240102843	0	0	1606.36	0	0	3
159	233	0	1.39380923	101324.874	101324.875	101324.874	101324.88	0.00603394076	0.240102843	0	0	1606.33	0	0	3
160	235	0	1.40257532	101324.875	101324.875	101324.874	101324.88	0.00603394076	0.240102843	0	0	1606.28	0	0	3
