Iteration	CPUTime	PhysTime	Travels
1	20	0	0.00992953813
2	21	0	0.0198590763
3	21	0	0.0297886144
4	22	0	0.0397181525
5	23	0	0.0496476907
6	24	0	0.0595772288
7	24	0	0.0695067669
8	25	0	0.0794363051
9	26	0	0.0893658432
10	26	0	0.0992953813
11	27	0	0.109224919
12	27	0	0.119154458
13	28	0	0.129083996
14	29	0	0.139013534
15	29	0	0.148943072
16	30	0	0.15887261
17	30	0	0.168802148
18	31	0	0.178731686
19	31	0	0.188661225
20	32	0	0.198590763
21	33	0	0.208520301
22	33	0	0.218449839
23	34	0	0.228379377
24	34	0	0.238308915
25	35	0	0.248238453
26	35	0	0.258167991
27	36	0	0.26809753
28	36	0	0.278027068
29	37	0	0.287956606
30	37	0	0.297886144
31	38	0	0.307815682
32	38	0	0.31774522
33	39	0	0.327674758
34	39	0	0.337604297
35	40	0	0.347533835
36	41	0	0.357463373
37	41	0	0.367392911
38	42	0	0.377322449
39	42	0	0.387251987
40	43	0	0.397181525
41	43	0	0.407111063
42	44	0	0.417040602
43	44	0	0.42697014
44	45	0	0.436899678
45	45	0	0.446829216
46	46	0	0.456758754
47	47	0	0.466688292
48	47	0	0.47661783
49	48	0	0.486547369
50	49	0	0.496476907
51	49	0	0.506406445
52	50	0	0.516335983
53	50	0	0.526265521
54	51	0	0.536195059
55	51	0	0.546124597
56	52	0	0.556054135
57	53	0	0.565983674
58	53	0	0.575913212
59	54	0	0.58584275
60	54	0	0.595772288
61	55	0	0.605701826
62	56	0	0.615631364
63	56	0	0.625560902
64	57	0	0.635490441
65	58	0	0.645419979
66	58	0	0.655349517
67	59	0	0.665279055
68	59	0	0.675208593
69	60	0	0.685138131
70	60	0	0.695067669
71	61	0	0.704997208
72	61	0	0.714926746
73	62	0	0.724856284
74	62	0	0.734785822
75	63	0	0.74471536
76	64	0	0.754644898
77	64	0	0.764574436
78	65	0	0.774503974
79	65	0	0.784433513
80	66	0	0.794363051
81	66	0	0.804292589
82	67	0	0.814222127
83	67	0	0.824151665
84	68	0	0.834081203
85	68	0	0.844010741
86	69	0	0.85394028
87	69	0	0.863869818
88	70	0	0.873799356
89	70	0	0.883728894
90	71	0	0.893658432
91	71	0	0.90358797
92	72	0	0.913517508
93	72	0	0.923447046
94	73	0	0.933376585
95	73	0	0.943306123
96	74	0	0.953235661
97	75	0	0.963165199
98	75	0	0.973094737
99	76	0	0.983024275
100	76	0	0.992953813
101	77	0	1.00288335
102	78	0	1.01281289
103	78	0	1.02274243
104	79	0	1.03267197
105	80	0	1.0426015
106	80	0	1.05253104
107	81	0	1.06246058
108	81	0	1.07239012
109	82	0	1.08231966
110	83	0	1.09224919
111	83	0	1.10217873
112	84	0	1.11210827
113	85	0	1.12203781
114	85	0	1.13196735
115	86	0	1.14189689
116	86	0	1.15182642
117	87	0	1.16175596
118	88	0	1.1716855
119	88	0	1.18161504
120	89	0	1.19154458
121	89	0	1.20147411
122	90	0	1.21140365
123	91	0	1.22133319
124	91	0	1.23126273
125	92	0	1.24119227
126	93	0	1.2511218
127	93	0	1.26105134
128	94	0	1.27098088
129	94	0	1.28091042
130	95	0	1.29083996
131	96	0	1.3007695
132	96	0	1.31069903
133	97	0	1.32062857
134	98	0	1.33055811
135	99	0	1.34048765
136	99	0	1.35041719
137	100	0	1.36034672
138	101	0	1.37027626
139	101	0	1.3802058
140	102	0	1.39013534
141	103	0	1.40006488
142	103	0	1.40999442
143	104	0	1.41992395
144	104	0	1.42985349
145	105	0	1.43978303
146	105	0	1.44971257
147	106	0	1.45964211
148	106	0	1.46957164
149	107	0	1.47950118
150	108	0	1.48943072
151	108	0	1.49936026
152	109	0	1.5092898
153	109	0	1.51921933
154	110	0	1.52914887
155	111	0	1.53907841
156	111	0	1.54900795
157	112	0	1.55893749
158	112	0	1.56886703
159	113	0	1.57879656
160	114	0	1.5887261
161	114	0	1.59865564
162	115	0	1.60858518
163	115	0	1.61851472
164	116	0	1.62844425
165	116	0	1.63837379
166	117	0	1.64830333
167	118	0	1.65823287
168	118	0	1.66816241
169	119	0	1.67809194
170	119	0	1.68802148
171	120	0	1.69795102
172	120	0	1.70788056
173	121	0	1.7178101
174	122	0	1.72773964
175	122	0	1.73766917
176	123	0	1.74759871
177	123	0	1.75752825
178	124	0	1.76745779
179	124	0	1.77738733
180	125	0	1.78731686
181	125	0	1.7972464
182	126	0	1.80717594
183	127	0	1.81710548
184	127	0	1.82703502
185	128	0	1.83696455
186	128	0	1.84689409
187	129	0	1.85682363
188	130	0	1.86675317
189	130	0	1.87668271
190	131	0	1.88661225
191	131	0	1.89654178
192	132	0	1.90647132
193	132	0	1.91640086
194	133	0	1.9263304
195	134	0	1.93625994
196	134	0	1.94618947
197	135	0	1.95611901
198	135	0	1.96604855
199	136	0	1.97597809
200	136	0	1.98590763
201	137	0	1.99583716
202	138	0	2.0057667
203	138	0	2.01569624
204	139	0	2.02562578
205	140	0	2.03555532
206	140	0	2.04548486
207	141	0	2.05541439
208	141	0	2.06534393
209	142	0	2.07527347
210	142	0	2.08520301
211	143	0	2.09513255
212	144	0	2.10506208
213	144	0	2.11499162
214	145	0	2.12492116
215	145	0	2.1348507
216	146	0	2.14478024
217	146	0	2.15470978
218	147	0	2.16463931
219	148	0	2.17456885
220	148	0	2.18449839
221	149	0	2.19442793
222	149	0	2.20435747
223	150	0	2.214287
224	151	0	2.22421654
225	151	0	2.23414608
226	152	0	2.24407562
227	152	0	2.25400516
228	153	0	2.26393469
229	153	0	2.27386423
230	154	0	2.28379377
231	155	0	2.29372331
232	155	0	2.30365285
233	156	0	2.31358239
234	156	0	2.32351192
235	157	0	2.33344146
236	158	0	2.343371
237	158	0	2.35330054
238	159	0	2.36323008
239	159	0	2.37315961
240	160	0	2.38308915
241	161	0	2.39301869
242	161	0	2.40294823
243	162	0	2.41287777
244	162	0	2.4228073
245	163	0	2.43273684
246	163	0	2.44266638
247	164	0	2.45259592
248	165	0	2.46252546
249	165	0	2.472455
250	166	0	2.48238453
251	166	0	2.49231407
252	167	0	2.50224361
253	167	0	2.51217315
254	168	0	2.52210269
255	169	0	2.53203222
256	169	0	2.54196176
257	170	0	2.5518913
258	170	0	2.56182084
259	171	0	2.57175038
260	171	0	2.58167991
261	172	0	2.59160945
262	172	0	2.60153899
263	173	0	2.61146853
264	174	0	2.62139807
265	174	0	2.63132761
266	175	0	2.64125714
267	175	0	2.65118668
268	176	0	2.66111622
269	176	0	2.67104576
270	177	0	2.6809753
271	177	0	2.69090483
272	178	0	2.70083437
273	179	0	2.71076391
274	179	0	2.72069345
275	180	0	2.73062299
276	180	0	2.74055252
277	181	0	2.75048206
278	181	0	2.7604116
279	182	0	2.77034114
280	183	0	2.78027068
281	183	0	2.79020022
282	184	0	2.80012975
283	184	0	2.81005929
284	185	0	2.81998883
285	185	0	2.82991837
286	186	0	2.83984791
287	187	0	2.84977744
288	187	0	2.85970698
289	188	0	2.86963652
290	188	0	2.87956606
291	189	0	2.8894956
292	189	0	2.89942514
293	190	0	2.90935467
294	190	0	2.91928421
295	191	0	2.92921375
296	191	0	2.93914329
297	192	0	2.94907283
298	193	0	2.95900236
299	193	0	2.9689319
300	194	0	2.97886144
301	195	0	2.98879098
302	195	0	2.99872052
303	196	0	3.00865005
304	196	0	3.01857959
305	197	0	3.02850913
306	197	0	3.03843867
307	198	0	3.04836821
308	199	0	3.05829775
309	199	0	3.06822728
310	200	0	3.07815682
311	200	0	3.08808636
312	201	0	3.0980159
313	201	0	3.10794544
314	202	0	3.11787497
315	202	0	3.12780451
316	203	0	3.13773405
317	204	0	3.14766359
318	204	0	3.15759313
319	205	0	3.16752266
320	205	0	3.1774522
321	206	0	3.18738174
322	206	0	3.19731128
323	207	0	3.20724082
324	208	0	3.21717036
325	208	0	3.22709989
326	209	0	3.23702943
327	209	0	3.24695897
328	210	0	3.25688851
329	210	0	3.26681805
330	211	0	3.27674758
331	212	0	3.28667712
332	212	0	3.29660666
333	213	0	3.3065362
334	213	0	3.31646574
335	214	0	3.32639527
336	215	0	3.33632481
337	215	0	3.34625435
338	216	0	3.35618389
339	216	0	3.36611343
340	217	0	3.37604297
341	217	0	3.3859725
342	218	0	3.39590204
343	219	0	3.40583158
344	219	0	3.41576112
345	220	0	3.42569066
346	220	0	3.43562019
347	221	0	3.44554973
348	221	0	3.45547927
349	222	0	3.46540881
350	222	0	3.47533835
351	223	0	3.48526788
352	224	0	3.49519742
353	224	0	3.50512696
354	225	0	3.5150565
355	225	0	3.52498604
356	226	0	3.53491558
357	226	0	3.54484511
358	227	0	3.55477465
359	227	0	3.56470419
360	228	0	3.57463373
361	229	0	3.58456327
362	229	0	3.5944928
363	230	0	3.60442234
364	230	0	3.61435188
365	231	0	3.62428142
366	231	0	3.63421096
367	232	0	3.6441405
368	232	0	3.65407003
369	233	0	3.66399957
370	234	0	3.67392911
371	234	0	3.68385865
372	235	0	3.69378819
373	235	0	3.70371772
374	236	0	3.71364726
375	236	0	3.7235768
376	237	0	3.73350634
377	238	0	3.74343588
378	238	0	3.75336541
379	239	0	3.76329495
380	239	0	3.77322449
381	240	0	3.78315403
382	240	0	3.79308357
383	241	0	3.80301311
384	241	0	3.81294264
385	242	0	3.82287218
386	243	0	3.83280172
387	243	0	3.84273126
388	244	0	3.8526608
389	244	0	3.86259033
390	245	0	3.87251987
391	245	0	3.88244941
392	246	0	3.89237895
393	247	0	3.90230849
394	247	0	3.91223802
395	248	0	3.92216756
396	248	0	3.9320971
397	249	0	3.94202664
398	249	0	3.95195618
399	250	0	3.96188572
400	251	0	3.97181525
401	252	0	3.98174479
402	252	0	3.99167433
403	253	0	4.00160387
404	254	0	4.01153341
405	254	0	4.02146294
406	255	0	4.03139248
407	256	0	4.04132202
408	256	0	4.05125156
409	257	0	4.0611811
410	257	0	4.07111063
411	258	0	4.08104017
412	259	0	4.09096971
413	259	0	4.10089925
414	260	0	4.11082879
415	261	0	4.12075833
416	262	0	4.13068786
417	263	0	4.1406174
418	263	0	4.15054694
419	264	0	4.16047648
420	265	0	4.17040602
421	265	0	4.18033555
422	266	0	4.19026509
423	266	0	4.20019463
424	267	0	4.21012417
425	268	0	4.22005371
426	269	0	4.22998325
427	269	0	4.23991278
428	270	0	4.24984232
429	270	0	4.25977186
430	271	0	4.2697014
431	272	0	4.27963094
432	273	0	4.28956047
433	273	0	4.29949001
434	274	0	4.30941955
435	275	0	4.31934909
436	275	0	4.32927863
437	276	0	4.33920816
438	277	0	4.3491377
439	277	0	4.35906724
440	278	0	4.36899678
441	279	0	4.37892632
442	279	0	4.38885586
443	280	0	4.39878539
444	281	0	4.40871493
445	281	0	4.41864447
446	282	0	4.42857401
447	283	0	4.43850355
448	283	0	4.44843308
449	284	0	4.45836262
450	285	0	4.46829216
451	285	0	4.4782217
452	286	0	4.48815124
453	286	0	4.49808077
454	287	0	4.50801031
455	288	0	4.51793985
456	288	0	4.52786939
457	289	0	4.53779893
458	289	0	4.54772847
459	290	0	4.557658
460	290	0	4.56758754
461	291	0	4.57751708
462	291	0	4.58744662
463	292	0	4.59737616
464	293	0	4.60730569
465	293	0	4.61723523
466	294	0	4.62716477
467	294	0	4.63709431
468	295	0	4.64702385
469	296	0	4.65695338
470	296	0	4.66688292
471	297	0	4.67681246
472	298	0	4.686742
473	298	0	4.69667154
474	299	0	4.70660108
475	299	0	4.71653061
476	300	0	4.72646015
477	301	0	4.73638969
478	301	0	4.74631923
479	302	0	4.75624877
480	303	0	4.7661783
481	303	0	4.77610784
482	304	0	4.78603738
483	304	0	4.79596692
484	305	0	4.80589646
485	306	0	4.81582599
486	306	0	4.82575553
487	307	0	4.83568507
488	308	0	4.84561461
489	308	0	4.85554415
490	309	0	4.86547369
491	310	0	4.87540322
492	310	0	4.88533276
493	311	0	4.8952623
494	312	0	4.90519184
495	312	0	4.91512138
496	313	0	4.92505091
497	314	0	4.93498045
498	314	0	4.94490999
499	315	0	4.95483953
500	316	0	4.96476907
501	316	0	4.97469861
502	317	0	4.98462814
503	318	0	4.99455768
504	318	0	5.00448722
505	319	0	5.01441676
506	320	0	5.0243463
507	320	0	5.03427583
508	321	0	5.04420537
509	322	0	5.05413491
510	322	0	5.06406445
511	323	0	5.07399399
512	324	0	5.08392352
513	324	0	5.09385306
514	325	0	5.1037826
515	326	0	5.11371214
516	326	0	5.12364168
517	327	0	5.13357122
518	328	0	5.14350075
519	329	0	5.15343029
520	329	0	5.16335983
521	330	0	5.17328937
522	331	0	5.18321891
523	331	0	5.19314844
524	332	0	5.20307798
525	333	0	5.21300752
526	333	0	5.22293706
527	334	0	5.2328666
528	335	0	5.24279613
529	335	0	5.25272567
530	336	0	5.26265521
531	336	0	5.27258475
532	337	0	5.28251429
533	338	0	5.29244383
534	338	0	5.30237336
535	339	0	5.3123029
536	339	0	5.32223244
537	340	0	5.33216198
538	341	0	5.34209152
539	341	0	5.35202105
540	342	0	5.36195059
541	343	0	5.37188013
542	344	0	5.38180967
543	344	0	5.39173921
544	345	0	5.40166874
545	346	0	5.41159828
546	347	0	5.42152782
547	347	0	5.43145736
548	348	0	5.4413869
549	349	0	5.45131644
550	350	0	5.46124597
551	350	0	5.47117551
552	351	0	5.48110505
553	352	0	5.49103459
554	352	0	5.50096413
555	353	0	5.51089366
556	354	0	5.5208232
557	354	0	5.53075274
558	355	0	5.54068228
559	355	0	5.55061182
560	356	0	5.56054135
561	357	0	5.57047089
562	357	0	5.58040043
563	358	0	5.59032997
564	359	0	5.60025951
565	359	0	5.61018905
566	360	0	5.62011858
567	360	0	5.63004812
568	361	0	5.63997766
569	362	0	5.6499072
570	362	0	5.65983674
571	363	0	5.66976627
572	363	0	5.67969581
573	364	0	5.68962535
574	365	0	5.69955489
575	365	0	5.70948443
576	366	0	5.71941397
577	366	0	5.7293435
578	367	0	5.73927304
579	368	0	5.74920258
580	368	0	5.75913212
581	369	0	5.76906166
582	369	0	5.77899119
583	370	0	5.78892073
584	370	0	5.79885027
585	371	0	5.80877981
586	372	0	5.81870935
587	372	0	5.82863888
588	373	0	5.83856842
589	373	0	5.84849796
590	374	0	5.8584275
591	375	0	5.86835704
592	375	0	5.87828658
593	376	0	5.88821611
594	376	0	5.89814565
595	377	0	5.90807519
596	378	0	5.91800473
597	378	0	5.92793427
598	379	0	5.9378638
599	379	0	5.94779334
600	380	0	5.95772288
601	381	0	5.96765242
602	381	0	5.97758196
603	382	0	5.98751149
604	382	0	5.99744103
605	383	0	6.00737057
606	384	0	6.01730011
607	384	0	6.02722965
608	385	0	6.03715919
609	385	0	6.04708872
610	386	0	6.05701826
611	387	0	6.0669478
612	387	0	6.07687734
613	388	0	6.08680688
614	388	0	6.09673641
615	389	0	6.10666595
616	390	0	6.11659549
617	390	0	6.12652503
618	391	0	6.13645457
619	391	0	6.1463841
620	392	0	6.15631364
621	393	0	6.16624318
622	393	0	6.17617272
623	394	0	6.18610226
624	394	0	6.1960318
625	395	0	6.20596133
626	396	0	6.21589087
627	396	0	6.22582041
628	397	0	6.23574995
629	397	0	6.24567949
630	398	0	6.25560902
631	399	0	6.26553856
632	399	0	6.2754681
633	400	0	6.28539764
634	401	0	6.29532718
635	401	0	6.30525672
636	402	0	6.31518625
637	402	0	6.32511579
638	403	0	6.33504533
639	403	0	6.34497487
640	404	0	6.35490441
641	405	0	6.36483394
642	405	0	6.37476348
643	406	0	6.38469302
644	406	0	6.39462256
645	407	0	6.4045521
646	407	0	6.41448163
647	408	0	6.42441117
648	409	0	6.43434071
649	409	0	6.44427025
650	410	0	6.45419979
651	410	0	6.46412933
652	411	0	6.47405886
653	412	0	6.4839884
654	412	0	6.49391794
655	413	0	6.50384748
656	413	0	6.51377702
657	414	0	6.52370655
658	415	0	6.53363609
659	415	0	6.54356563
660	416	0	6.55349517
661	416	0	6.56342471
662	417	0	6.57335424
663	418	0	6.58328378
664	418	0	6.59321332
665	419	0	6.60314286
666	420	0	6.6130724
667	422	0	6.62300194
668	423	0	6.63293147
669	423	0	6.64286101
670	424	0	6.65279055
671	425	0	6.66272009
672	426	0	6.67264963
673	427	0	6.68257916
674	428	0	6.6925087
675	429	0	6.70243824
676	430	0	6.71236778
677	431	0	6.72229732
678	431	0	6.73222685
679	432	0	6.74215639
680	433	0	6.75208593
681	433	0	6.76201547
682	434	0	6.77194501
683	435	0	6.78187455
684	435	0	6.79180408
685	436	0	6.80173362
686	437	0	6.81166316
687	437	0	6.8215927
688	438	0	6.83152224
689	439	0	6.84145177
690	439	0	6.85138131
691	440	0	6.86131085
692	440	0	6.87124039
693	441	0	6.88116993
694	442	0	6.89109946
695	442	0	6.901029
696	443	0	6.91095854
697	443	0	6.92088808
698	444	0	6.93081762
699	445	0	6.94074716
700	445	0	6.95067669
701	446	0	6.96060623
702	447	0	6.97053577
703	447	0	6.98046531
704	448	0	6.99039485
705	448	0	7.00032438
706	449	0	7.01025392
707	450	0	7.02018346
708	450	0	7.030113
709	451	0	7.04004254
710	451	0	7.04997208
711	452	0	7.05990161
712	453	0	7.06983115
713	454	0	7.07976069
714	454	0	7.08969023
715	455	0	7.09961977
716	455	0	7.1095493
717	456	0	7.11947884
718	457	0	7.12940838
719	457	0	7.13933792
720	458	0	7.14926746
721	459	0	7.15919699
722	459	0	7.16912653
723	460	0	7.17905607
724	460	0	7.18898561
725	461	0	7.19891515
726	462	0	7.20884469
727	462	0	7.21877422
728	463	0	7.22870376
729	464	0	7.2386333
730	464	0	7.24856284
731	465	0	7.25849238
732	465	0	7.26842191
733	466	0	7.27835145
734	466	0	7.28828099
735	467	0	7.29821053
736	468	0	7.30814007
737	468	0	7.3180696
738	469	0	7.32799914
739	469	0	7.33792868
740	470	0	7.34785822
741	470	0	7.35778776
742	471	0	7.3677173
743	472	0	7.37764683
744	472	0	7.38757637
745	473	0	7.39750591
746	473	0	7.40743545
747	474	0	7.41736499
748	474	0	7.42729452
749	475	0	7.43722406
750	475	0	7.4471536
751	476	0	7.45708314
752	477	0	7.46701268
753	477	0	7.47694221
754	478	0	7.48687175
755	478	0	7.49680129
756	479	0	7.50673083
757	480	0	7.51666037
758	480	0	7.52658991
759	481	0	7.53651944
760	481	0	7.54644898
761	482	0	7.55637852
762	482	0	7.56630806
763	483	0	7.5762376
764	484	0	7.58616713
765	484	0	7.59609667
766	485	0	7.60602621
767	485	0	7.61595575
768	486	0	7.62588529
769	487	0	7.63581482
770	487	0	7.64574436
771	488	0	7.6556739
772	488	0	7.66560344
773	489	0	7.67553298
774	490	0	7.68546252
775	490	0	7.69539205
776	491	0	7.70532159
777	491	0	7.71525113
778	492	0	7.72518067
779	492	0	7.73511021
780	493	0	7.74503974
781	494	0	7.75496928
782	494	0	7.76489882
783	495	0	7.77482836
784	495	0	7.7847579
785	496	0	7.79468744
786	496	0	7.80461697
787	497	0	7.81454651
788	497	0	7.82447605
789	498	0	7.83440559
790	499	0	7.84433513
791	499	0	7.85426466
792	500	0	7.8641942
793	500	0	7.87412374
794	501	0	7.88405328
795	501	0	7.89398282
796	502	0	7.90391235
797	503	0	7.91384189
798	503	0	7.92377143
799	504	0	7.93370097
800	504	0	7.94363051
801	505	0	7.95356005
802	506	0	7.96348958
803	506	0	7.97341912
804	507	0	7.98334866
805	507	0	7.9932782
806	508	0	8.00320774
807	509	0	8.01313727
808	509	0	8.02306681
809	510	0	8.03299635
810	510	0	8.04292589
811	511	0	8.05285543
812	511	0	8.06278496
813	512	0	8.0727145
814	513	0	8.08264404
815	513	0	8.09257358
816	514	0	8.10250312
817	514	0	8.11243266
818	515	0	8.12236219
819	515	0	8.13229173
820	516	0	8.14222127
821	517	0	8.15215081
822	517	0	8.16208035
823	518	0	8.17200988
824	518	0	8.18193942
825	519	0	8.19186896
826	520	0	8.2017985
827	520	0	8.21172804
828	521	0	8.22165757
829	521	0	8.23158711
830	522	0	8.24151665
831	523	0	8.25144619
832	523	0	8.26137573
833	524	0	8.27130527
834	524	0	8.2812348
835	525	0	8.29116434
836	526	0	8.30109388
837	526	0	8.31102342
838	527	0	8.32095296
839	527	0	8.33088249
840	528	0	8.34081203
841	529	0	8.35074157
842	529	0	8.36067111
843	530	0	8.37060065
844	531	0	8.38053019
845	531	0	8.39045972
846	532	0	8.40038926
847	532	0	8.4103188
848	533	0	8.42024834
849	534	0	8.43017788
850	534	0	8.44010741
851	535	0	8.45003695
852	536	0	8.45996649
853	536	0	8.46989603
854	537	0	8.47982557
855	538	0	8.4897551
856	538	0	8.49968464
857	539	0	8.50961418
858	539	0	8.51954372
859	540	0	8.52947326
860	541	0	8.5394028
861	541	0	8.54933233
862	542	0	8.55926187
863	542	0	8.56919141
864	543	0	8.57912095
865	544	0	8.58905049
866	544	0	8.59898002
867	545	0	8.60890956
868	545	0	8.6188391
869	546	0	8.62876864
870	547	0	8.63869818
871	547	0	8.64862771
872	548	0	8.65855725
873	548	0	8.66848679
874	549	0	8.67841633
875	550	0	8.68834587
876	550	0	8.69827541
877	551	0	8.70820494
878	551	0	8.71813448
879	552	0	8.72806402
880	553	0	8.73799356
881	553	0	8.7479231
882	554	0	8.75785263
883	554	0	8.76778217
884	555	0	8.77771171
885	556	0	8.78764125
886	556	0	8.79757079
887	557	0	8.80750032
888	558	0	8.81742986
889	558	0	8.8273594
890	559	0	8.83728894
891	559	0	8.84721848
892	560	0	8.85714802
893	561	0	8.86707755
894	561	0	8.87700709
895	562	0	8.88693663
896	562	0	8.89686617
897	563	0	8.90679571
898	563	0	8.91672524
899	564	0	8.92665478
900	565	0	8.93658432
901	566	0	8.94651386
902	566	0	8.9564434
903	567	0	8.96637293
904	567	0	8.97630247
905	568	0	8.98623201
906	569	0	8.99616155
907	569	0	9.00609109
908	570	0	9.01602063
909	570	0	9.02595016
910	571	0	9.0358797
911	571	0	9.04580924
912	572	0	9.05573878
913	572	0	9.06566832
914	573	0	9.07559785
915	574	0	9.08552739
916	574	0	9.09545693
917	575	0	9.10538647
918	575	0	9.11531601
919	576	0	9.12524555
920	576	0	9.13517508
921	577	0	9.14510462
922	578	0	9.15503416
923	578	0	9.1649637
924	579	0	9.17489324
925	579	0	9.18482277
926	580	0	9.19475231
927	580	0	9.20468185
928	581	0	9.21461139
929	582	0	9.22454093
930	582	0	9.23447046
931	583	0	9.2444
932	583	0	9.25432954
933	584	0	9.26425908
934	584	0	9.27418862
935	585	0	9.28411816
936	586	0	9.29404769
937	586	0	9.30397723
938	587	0	9.31390677
939	587	0	9.32383631
940	588	0	9.33376585
941	589	0	9.34369538
942	589	0	9.35362492
943	590	0	9.36355446
944	591	0	9.373484
945	591	0	9.38341354
946	592	0	9.39334307
947	592	0	9.40327261
948	593	0	9.41320215
949	593	0	9.42313169
950	594	0	9.43306123
951	595	0	9.44299077
952	595	0	9.4529203
953	596	0	9.46284984
954	596	0	9.47277938
955	597	0	9.48270892
956	598	0	9.49263846
957	598	0	9.50256799
958	599	0	9.51249753
959	599	0	9.52242707
960	600	0	9.53235661
961	600	0	9.54228615
962	601	0	9.55221568
963	602	0	9.56214522
964	602	0	9.57207476
965	603	0	9.5820043
966	604	0	9.59193384
967	605	0	9.60186338
968	605	0	9.61179291
969	606	0	9.62172245
970	607	0	9.63165199
971	608	0	9.64158153
972	608	0	9.65151107
973	609	0	9.6614406
974	609	0	9.67137014
975	610	0	9.68129968
976	611	0	9.69122922
977	612	0	9.70115876
978	612	0	9.71108829
979	613	0	9.72101783
980	613	0	9.73094737
981	614	0	9.74087691
982	615	0	9.75080645
983	615	0	9.76073599
984	616	0	9.77066552
985	617	0	9.78059506
986	618	0	9.7905246
987	618	0	9.80045414
988	619	0	9.81038368
989	620	0	9.82031321
990	620	0	9.83024275
991	621	0	9.84017229
992	621	0	9.85010183
993	622	0	9.86003137
994	622	0	9.86996091
995	623	0	9.87989044
996	624	0	9.88981998
997	624	0	9.89974952
998	625	0	9.90967906
999	625	0	9.9196086
1000	626	0	9.92953813
1001	627	0	9.93946767
1002	628	0	9.94939721
1003	628	0	9.95932675
1004	629	0	9.96925629
1005	630	0	9.97918582
1006	630	0	9.98911536
1007	631	0	9.9990449
1008	631	0	10.0089744
