Iteration	CPUTime	PhysTime	Travels	Value	AvValue	MinValue	MaxValue	Delta	Criteria	Progress	dGMaxMin	CriteriaType	CriteriaVarType	CriteriaPercentage
1	20	0	0.00992953813	0	0	0	0	0	0	0	0	0	0	0	3
2	21	0	0.0198590763	0	0	0	0	0	0	0	0	0	0	0	3
3	21	0	0.0297886144	0	0	0	0	0	0	0	0	0	0	0	3
4	22	0	0.0397181525	0	0	0	0	0	0	0	0	0	0	0	3
5	23	0	0.0496476907	0	0	0	0	0	0	0	0	0	0	0	3
6	24	0	0.0595772288	0	0	0	0	0	0	0	0	0	0	0	3
7	24	0	0.0695067669	0	0	0	0	0	0	0	0	0	0	0	3
8	25	0	0.0794363051	0	0	0	0	0	0	0	0	0	0	0	3
9	26	0	0.0893658432	0	0	0	0	0	0	0	0	0	0	0	3
10	26	0	0.0992953813	0	0	0	0	0	0	0	0	0	0	0	3
11	27	0	0.109224919	0	0	0	0	0	0	0	0	0	0	0	3
12	27	0	0.119154458	0	0	0	0	0	0	0	0	0	0	0	3
13	28	0	0.129083996	0	0	0	0	0	0	0	0	0	0	0	3
14	29	0	0.139013534	0	0	0	0	0	0	0	0	0	0	0	3
15	29	0	0.148943072	0	0	0	0	0	0	0	0	0	0	0	3
16	30	0	0.15887261	0	0	0	0	0	0	0	0	0	0	0	3
17	30	0	0.168802148	0	0	0	0	0	0	0	0	0	0	0	3
18	31	0	0.178731686	0	0	0	0	0	0	0	0	0	0	0	3
19	31	0	0.188661225	0	0	0	0	0	0	0	0	0	0	0	3
20	32	0	0.198590763	0	0	0	0	0	0	0	0	0	0	0	3
21	33	0	0.208520301	0	0	0	0	0	0	0	0	0	0	0	3
22	33	0	0.218449839	0	0	0	0	0	0	0	0	0	0	0	3
23	34	0	0.228379377	0	0	0	0	0	0	0	0	0	0	0	3
24	34	0	0.238308915	0	0	0	0	0	0	0	0	0	0	0	3
25	35	0	0.248238453	0	0	0	0	0	0	0	0	0	0	0	3
26	35	0	0.258167991	0	0	0	0	0	0	0	0	0	0	0	3
27	36	0	0.26809753	0	0	0	0	0	0	0	0	0	0	0	3
28	36	0	0.278027068	0	0	0	0	0	0	0	0	0	0	0	3
29	37	0	0.287956606	0	0	0	0	0	0	0	0	0	0	0	3
30	37	0	0.297886144	0	0	0	0	0	0	0	0	0	0	0	3
31	38	0	0.307815682	0	0	0	0	0	0	0	0	0	0	0	3
32	38	0	0.31774522	0	0	0	0	0	0	0	0	0	0	0	3
33	39	0	0.327674758	0	0	0	0	0	0	0	0	0	0	0	3
34	39	0	0.337604297	0	0	0	0	0	0	0	0	0	0	0	3
35	40	0	0.347533835	0	0	0	0	0	0	0	0	0	0	0	3
36	41	0	0.357463373	0	0	0	0	0	0	0	0	0	0	0	3
37	41	0	0.367392911	0	0	0	0	0	0	0	0	0	0	0	3
38	42	0	0.377322449	0	0	0	0	0	0	0	0	0	0	0	3
39	42	0	0.387251987	0	0	0	0	0	0	0	0	0	0	0	3
40	43	0	0.397181525	0	0	0	0	0	0	0	0	0	0	0	3
41	43	0	0.407111063	0	0	0	0	0	0	0	0	0	0	0	3
42	44	0	0.417040602	0	0	0	0	0	0	0	0	0	0	0	3
43	44	0	0.42697014	0	0	0	0	0	0	0	0	0	0	0	3
44	45	0	0.436899678	0	0	0	0	0	0	0	0	0	0	0	3
45	45	0	0.446829216	0	0	0	0	0	0	0	0	0	0	0	3
46	46	0	0.456758754	0	0	0	0	0	0	0	0	0	0	0	3
47	47	0	0.466688292	0	0	0	0	0	0	0	0	0	0	0	3
48	47	0	0.47661783	0	0	0	0	0	0	0	0	0	0	0	3
49	48	0	0.486547369	0	0	0	0	0	0	0	0	0	0	0	3
50	49	0	0.496476907	0	0	0	0	0	0	0	0	0	0	0	3
51	49	0	0.506406445	0	0	0	0	0	0	0	0	0	0	0	3
52	50	0	0.516335983	0	0	0	0	0	0	0	0	0	0	0	3
53	50	0	0.526265521	0	0	0	0	0	0	0	0	0	0	0	3
54	51	0	0.536195059	0	0	0	0	0	0	0	0	0	0	0	3
55	51	0	0.546124597	0	0	0	0	0	0	0	0	0	0	0	3
56	52	0	0.556054135	0	0	0	0	0	0	0	0	0	0	0	3
57	53	0	0.565983674	0	0	0	0	0	0	0	0	0	0	0	3
58	53	0	0.575913212	0	0	0	0	0	0	0	0	0	0	0	3
59	54	0	0.58584275	0	0	0	0	0	0	0	0	0	0	0	3
60	54	0	0.595772288	0	0	0	0	0	0	0	0	0	0	0	3
61	55	0	0.605701826	0	0	0	0	0	0	0	0	0	0	0	3
62	56	0	0.615631364	0	0	0	0	0	0	0	0	0	0	0	3
63	56	0	0.625560902	0	0	0	0	0	0	0	0	0	0	0	3
64	57	0	0.635490441	0	0	0	0	0	0	0	0	0	0	0	3
65	58	0	0.645419979	0	0	0	0	0	0	0	0	0	0	0	3
66	58	0	0.655349517	0	0	0	0	0	0	0	0	0	0	0	3
67	59	0	0.665279055	0	0	0	0	0	0	0	0	0	0	0	3
68	59	0	0.675208593	0	0	0	0	0	0	0	0	0	0	0	3
69	60	0	0.685138131	0	0	0	0	0	0	0	0	0	0	0	3
70	60	0	0.695067669	0	0	0	0	0	0	0	0	0	0	0	3
71	61	0	0.704997208	0	0	0	0	0	0	0	0	0	0	0	3
72	61	0	0.714926746	0	0	0	0	0	0	0	0	0	0	0	3
73	62	0	0.724856284	0	0	0	0	0	0	0	0	0	0	0	3
74	62	0	0.734785822	0	0	0	0	0	0	0	0	0	0	0	3
75	63	0	0.74471536	0	0	0	0	0	0	0	0	0	0	0	3
76	64	0	0.754644898	0	0	0	0	0	0	0	0	0	0	0	3
77	64	0	0.764574436	0	0	0	0	0	0	0	0	0	0	0	3
78	65	0	0.774503974	0	0	0	0	0	0	0	0	0	0	0	3
79	65	0	0.784433513	0	0	0	0	0	0	0	0	0	0	0	3
80	66	0	0.794363051	0	0	0	0	0	0	0	0	0	0	0	3
81	66	0	0.804292589	0	0	0	0	0	0	0	0	0	0	0	3
82	67	0	0.814222127	0	0	0	0	0	0	0	0	0	0	0	3
83	67	0	0.824151665	0	0	0	0	0	0	0	0	0	0	0	3
84	68	0	0.834081203	0	0	0	0	0	0	0	0	0	0	0	3
85	68	0	0.844010741	0	0	0	0	0	0	0	0	0	0	0	3
86	69	0	0.85394028	0	0	0	0	0	0	0	0	0	0	0	3
87	69	0	0.863869818	0	0	0	0	0	0	0	0	0	0	0	3
88	70	0	0.873799356	0	0	0	0	0	0	0	0	0	0	0	3
89	70	0	0.883728894	0	0	0	0	0	0	0	0	0	0	0	3
90	71	0	0.893658432	0	0	0	0	0	0	0	0	0	0	0	3
91	71	0	0.90358797	0	0	0	0	0	0	0	0	0	0	0	3
92	72	0	0.913517508	0	0	0	0	0	0	0	0	0	0	0	3
93	72	0	0.923447046	0	0	0	0	0	0	0	0	0	0	0	3
94	73	0	0.933376585	0	0	0	0	0	0	0	0	0	0	0	3
95	73	0	0.943306123	0	0	0	0	0	0	0	0	0	0	0	3
96	74	0	0.953235661	0	0	0	0	0	0	0	0	0	0	0	3
97	75	0	0.963165199	0	0	0	0	0	0	0	0	0	0	0	3
98	75	0	0.973094737	0	0	0	0	0	0	0	0	0	0	0	3
99	76	0	0.983024275	0	0	0	0	0	0	0	0	0	0	0	3
100	76	0	0.992953813	0	0	0	0	0	0	0	0	0	0	0	3
101	77	0	1.00288335	0	0	0	0	0	5e-06	0	0	0	0	0	3
102	78	0	1.01281289	0	0	0	0	0	5e-06	0	0	0	0	0	3
103	78	0	1.02274243	0	0	0	0	0	5e-06	0	0	0	0	0	3
104	79	0	1.03267197	0	0	0	0	0	5e-06	0	0	0	0	0	3
105	80	0	1.0426015	0	0	0	0	0	5e-06	0	0	0	0	0	3
106	80	0	1.05253104	0	0	0	0	0	5e-06	0	0	0	0	0	3
107	81	0	1.06246058	0	0	0	0	0	5e-06	0	0	0	0	0	3
108	81	0	1.07239012	0	0	0	0	0	5e-06	0	0	0	0	0	3
109	82	0	1.08231966	0	0	0	0	0	5e-06	0	0	0	0	0	3
110	83	0	1.09224919	0	0	0	0	0	5e-06	0	0	0	0	0	3
111	83	0	1.10217873	0	0	0	0	0	5e-06	0	0	0	0	0	3
112	84	0	1.11210827	0	0	0	0	0	5e-06	0	0	0	0	0	3
113	85	0	1.12203781	0	0	0	0	0	5e-06	0	0	0	0	0	3
114	85	0	1.13196735	0	0	0	0	0	5e-06	0	0	0	0	0	3
115	86	0	1.14189689	0	0	0	0	0	5e-06	0	0	0	0	0	3
116	86	0	1.15182642	0	0	0	0	0	5e-06	0	0	0	0	0	3
117	87	0	1.16175596	0	0	0	0	0	5e-06	0	0	0	0	0	3
118	88	0	1.1716855	0	0	0	0	0	5e-06	0	0	0	0	0	3
119	88	0	1.18161504	0	0	0	0	0	5e-06	0	0	0	0	0	3
120	89	0	1.19154458	0	0	0	0	0	5e-06	0	0	0	0	0	3
121	89	0	1.20147411	0	0	0	0	0	5e-06	0	0	0	0	0	3
122	90	0	1.21140365	0	0	0	0	0	5e-06	0	0	0	0	0	3
123	91	0	1.22133319	0	0	0	0	0	5e-06	0	0	0	0	0	3
124	91	0	1.23126273	0	0	0	0	0	5e-06	0	0	0	0	0	3
125	92	0	1.24119227	0	0	0	0	0	5e-06	0	0	0	0	0	3
126	93	0	1.2511218	0	0	0	0	0	5e-06	0	0	0	0	0	3
127	93	0	1.26105134	0	0	0	0	0	5e-06	0	0	0	0	0	3
128	94	0	1.27098088	0	0	0	0	0	5e-06	0	0	0	0	0	3
129	94	0	1.28091042	0	0	0	0	0	5e-06	0	0	0	0	0	3
130	95	0	1.29083996	0	0	0	0	0	5e-06	0	0	0	0	0	3
131	96	0	1.3007695	0	0	0	0	0	5e-06	0	0	0	0	0	3
132	96	0	1.31069903	0	0	0	0	0	5e-06	0	0	0	0	0	3
133	97	0	1.32062857	0	0	0	0	0	5e-06	0	0	0	0	0	3
134	98	0	1.33055811	0	0	0	0	0	5e-06	0	0	0	0	0	3
135	99	0	1.34048765	0	0	0	0	0	5e-06	0	0	0	0	0	3
136	99	0	1.35041719	0	0	0	0	0	5e-06	0	0	0	0	0	3
137	100	0	1.36034672	0	0	0	0	0	5e-06	0	0	0	0	0	3
138	101	0	1.37027626	0	0	0	0	0	5e-06	0	0	0	0	0	3
139	101	0	1.3802058	0	0	0	0	0	5e-06	0	0	0	0	0	3
140	102	0	1.39013534	0	0	0	0	0	5e-06	0	0	0	0	0	3
141	103	0	1.40006488	0	0	0	0	0	5e-06	0	0	0	0	0	3
142	103	0	1.40999442	0	0	0	0	0	5e-06	0	0	0	0	0	3
143	104	0	1.41992395	0	0	0	0	0	5e-06	0	0	0	0	0	3
144	104	0	1.42985349	0	0	0	0	0	5e-06	0	0	0	0	0	3
145	105	0	1.43978303	0	0	0	0	0	5e-06	0	0	0	0	0	3
146	105	0	1.44971257	0	0	0	0	0	5e-06	0	0	0	0	0	3
147	106	0	1.45964211	0	0	0	0	0	5e-06	0	0	0	0	0	3
148	106	0	1.46957164	0	0	0	0	0	5e-06	0	0	0	0	0	3
149	107	0	1.47950118	0	0	0	0	0	5e-06	0	0	0	0	0	3
150	108	0	1.48943072	0	0	0	0	0	5e-06	0	0	0	0	0	3
151	108	0	1.49936026	0	0	0	0	0	5e-06	0	0	0	0	0	3
152	109	0	1.5092898	0	0	0	0	0	5e-06	0	0	0	0	0	3
153	109	0	1.51921933	0	0	0	0	0	5e-06	0	0	0	0	0	3
154	110	0	1.52914887	0	0	0	0	0	5e-06	0	0	0	0	0	3
155	111	0	1.53907841	0	0	0	0	0	5e-06	0	0	0	0	0	3
156	111	0	1.54900795	0	0	0	0	0	5e-06	0	0	0	0	0	3
157	112	0	1.55893749	0	0	0	0	0	5e-06	0	0	0	0	0	3
158	112	0	1.56886703	0	0	0	0	0	5e-06	0	0	0	0	0	3
159	113	0	1.57879656	0	0	0	0	0	5e-06	0	0	0	0	0	3
160	114	0	1.5887261	0	0	0	0	0	5e-06	0	0	0	0	0	3
161	114	0	1.59865564	0	0	0	0	0	5e-06	0	0	0	0	0	3
162	115	0	1.60858518	0	0	0	0	0	5e-06	0	0	0	0	0	3
163	115	0	1.61851472	0	0	0	0	0	5e-06	0	0	0	0	0	3
164	116	0	1.62844425	0	0	0	0	0	5e-06	0	0	0	0	0	3
165	116	0	1.63837379	0	0	0	0	0	5e-06	0	0	0	0	0	3
166	117	0	1.64830333	0	0	0	0	0	5e-06	0	0	0	0	0	3
167	118	0	1.65823287	0	0	0	0	0	5e-06	0	0	0	0	0	3
168	118	0	1.66816241	0	0	0	0	0	5e-06	0	0	0	0	0	3
169	119	0	1.67809194	0	0	0	0	0	5e-06	0	0	0	0	0	3
170	119	0	1.68802148	0	0	0	0	0	5e-06	0	0	0	0	0	3
171	120	0	1.69795102	0	0	0	0	0	5e-06	0	0	0	0	0	3
172	120	0	1.70788056	0	0	0	0	0	5e-06	0	0	0	0	0	3
173	121	0	1.7178101	0	0	0	0	0	5e-06	0	0	0	0	0	3
174	122	0	1.72773964	0	0	0	0	0	5e-06	0	0	0	0	0	3
175	122	0	1.73766917	0	0	0	0	0	5e-06	0	0	0	0	0	3
176	123	0	1.74759871	0	0	0	0	0	5e-06	0	0	0	0	0	3
177	123	0	1.75752825	0	0	0	0	0	5e-06	0	0	0	0	0	3
178	124	0	1.76745779	0	0	0	0	0	5e-06	0	0	0	0	0	3
179	124	0	1.77738733	0	0	0	0	0	5e-06	0	0	0	0	0	3
180	125	0	1.78731686	0	0	0	0	0	5e-06	0	0	0	0	0	3
181	125	0	1.7972464	0	0	0	0	0	5e-06	0	0	0	0	0	3
182	126	0	1.80717594	0	0	0	0	0	5e-06	0	0	0	0	0	3
183	127	0	1.81710548	0	0	0	0	0	5e-06	0	0	0	0	0	3
184	127	0	1.82703502	0	0	0	0	0	5e-06	0	0	0	0	0	3
185	128	0	1.83696455	0	0	0	0	0	5e-06	0	0	0	0	0	3
186	128	0	1.84689409	0	0	0	0	0	5e-06	0	0	0	0	0	3
187	129	0	1.85682363	0	0	0	0	0	5e-06	0	0	0	0	0	3
188	130	0	1.86675317	0	0	0	0	0	5e-06	0	0	0	0	0	3
189	130	0	1.87668271	0	0	0	0	0	5e-06	0	0	0	0	0	3
190	131	0	1.88661225	0	0	0	0	0	5e-06	0	0	0	0	0	3
191	131	0	1.89654178	0	0	0	0	0	5e-06	0	0	0	0	0	3
192	132	0	1.90647132	0	0	0	0	0	5e-06	0	0	0	0	0	3
193	132	0	1.91640086	0	0	0	0	0	5e-06	0	0	0	0	0	3
194	133	0	1.9263304	0	0	0	0	0	5e-06	0	0	0	0	0	3
195	134	0	1.93625994	0	0	0	0	0	5e-06	0	0	0	0	0	3
196	134	0	1.94618947	0	0	0	0	0	5e-06	0	0	0	0	0	3
197	135	0	1.95611901	0	0	0	0	0	5e-06	0	0	0	0	0	3
198	135	0	1.96604855	0	0	0	0	0	5e-06	0	0	0	0	0	3
199	136	0	1.97597809	0	0	0	0	0	5e-06	0	0	0	0	0	3
200	136	0	1.98590763	0	0	0	0	0	5e-06	0	0	0	0	0	3
201	137	0	1.99583716	0	0	0	0	0	5e-06	0	0	0	0	0	3
202	138	0	2.0057667	0	0	0	0	0	5e-06	0	0	0	0	0	3
203	138	0	2.01569624	0	0	0	0	0	5e-06	0	0	0	0	0	3
204	139	0	2.02562578	0	0	0	0	0	5e-06	0	0	0	0	0	3
205	140	0	2.03555532	0	0	0	0	0	5e-06	0	0	0	0	0	3
206	140	0	2.04548486	0	0	0	0	0	5e-06	0	0	0	0	0	3
207	141	0	2.05541439	0	0	0	0	0	5e-06	0	0	0	0	0	3
208	141	0	2.06534393	0	0	0	0	0	5e-06	0	0	0	0	0	3
209	142	0	2.07527347	0	0	0	0	0	5e-06	0	0	0	0	0	3
210	142	0	2.08520301	0	0	0	0	0	5e-06	0	0	0	0	0	3
211	143	0	2.09513255	0	0	0	0	0	5e-06	0	0	0	0	0	3
212	144	0	2.10506208	0	0	0	0	0	5e-06	0	0	0	0	0	3
213	144	0	2.11499162	0	0	0	0	0	5e-06	0	0	0	0	0	3
214	145	0	2.12492116	0	0	0	0	0	5e-06	0	0	0	0	0	3
215	145	0	2.1348507	0	0	0	0	0	5e-06	0	0	0	0	0	3
216	146	0	2.14478024	0	0	0	0	0	5e-06	0	0	0	0	0	3
217	146	0	2.15470978	0	0	0	0	0	5e-06	0	0	0	0	0	3
218	147	0	2.16463931	0	0	0	0	0	5e-06	0	0	0	0	0	3
219	148	0	2.17456885	0	0	0	0	0	5e-06	0	0	0	0	0	3
220	148	0	2.18449839	0	0	0	0	0	5e-06	0	0	0	0	0	3
221	149	0	2.19442793	0	0	0	0	0	5e-06	0	0	0	0	0	3
222	149	0	2.20435747	0	0	0	0	0	5e-06	0	0	0	0	0	3
223	150	0	2.214287	0	0	0	0	0	5e-06	0	0	0	0	0	3
224	151	0	2.22421654	0	0	0	0	0	5e-06	0	0	0	0	0	3
225	151	0	2.23414608	0	0	0	0	0	5e-06	0	0	0	0	0	3
226	152	0	2.24407562	0	0	0	0	0	5e-06	0	0	0	0	0	3
227	152	0	2.25400516	0	0	0	0	0	5e-06	0	0	0	0	0	3
228	153	0	2.26393469	0	0	0	0	0	5e-06	0	0	0	0	0	3
229	153	0	2.27386423	0	0	0	0	0	5e-06	0	0	0	0	0	3
230	154	0	2.28379377	0	0	0	0	0	5e-06	0	0	0	0	0	3
231	155	0	2.29372331	0	0	0	0	0	5e-06	0	0	0	0	0	3
232	155	0	2.30365285	0	0	0	0	0	5e-06	0	0	0	0	0	3
233	156	0	2.31358239	0	0	0	0	0	5e-06	0	0	0	0	0	3
234	156	0	2.32351192	0	0	0	0	0	5e-06	0	0	0	0	0	3
235	157	0	2.33344146	0	0	0	0	0	5e-06	0	0	0	0	0	3
236	158	0	2.343371	0	0	0	0	0	5e-06	0	0	0	0	0	3
237	158	0	2.35330054	0	0	0	0	0	5e-06	0	0	0	0	0	3
238	159	0	2.36323008	0	0	0	0	0	5e-06	0	0	0	0	0	3
239	159	0	2.37315961	0	0	0	0	0	5e-06	0	0	0	0	0	3
240	160	0	2.38308915	0	0	0	0	0	5e-06	0	0	0	0	0	3
241	161	0	2.39301869	0	0	0	0	0	5e-06	0	0	0	0	0	3
242	161	0	2.40294823	0	0	0	0	0	5e-06	0	0	0	0	0	3
243	162	0	2.41287777	0	0	0	0	0	5e-06	0	0	0	0	0	3
244	162	0	2.4228073	0	0	0	0	0	5e-06	0	0	0	0	0	3
245	163	0	2.43273684	0	0	0	0	0	5e-06	0	0	0	0	0	3
246	163	0	2.44266638	0	0	0	0	0	5e-06	0	0	0	0	0	3
247	164	0	2.45259592	0	0	0	0	0	5e-06	0	0	0	0	0	3
248	165	0	2.46252546	0	0	0	0	0	5e-06	0	0	0	0	0	3
249	165	0	2.472455	0	0	0	0	0	5e-06	0	0	0	0	0	3
250	166	0	2.48238453	0	0	0	0	0	5e-06	0	0	0	0	0	3
251	166	0	2.49231407	0	0	0	0	0	5e-06	0	0	0	0	0	3
252	167	0	2.50224361	0	0	0	0	0	5e-06	0	0	0	0	0	3
253	167	0	2.51217315	0	0	0	0	0	5e-06	0	0	0	0	0	3
254	168	0	2.52210269	0	0	0	0	0	5e-06	0	0	0	0	0	3
255	169	0	2.53203222	0	0	0	0	0	5e-06	0	0	0	0	0	3
256	169	0	2.54196176	0	0	0	0	0	5e-06	0	0	0	0	0	3
257	170	0	2.5518913	0	0	0	0	0	5e-06	0	0	0	0	0	3
258	170	0	2.56182084	0	0	0	0	0	5e-06	0	0	0	0	0	3
259	171	0	2.57175038	0	0	0	0	0	5e-06	0	0	0	0	0	3
260	171	0	2.58167991	0	0	0	0	0	5e-06	0	0	0	0	0	3
261	172	0	2.59160945	0	0	0	0	0	5e-06	0	0	0	0	0	3
262	172	0	2.60153899	0	0	0	0	0	5e-06	0	0	0	0	0	3
263	173	0	2.61146853	0	0	0	0	0	5e-06	0	0	0	0	0	3
264	174	0	2.62139807	0	0	0	0	0	5e-06	0	0	0	0	0	3
265	174	0	2.63132761	0	0	0	0	0	5e-06	0	0	0	0	0	3
266	175	0	2.64125714	0	0	0	0	0	5e-06	0	0	0	0	0	3
267	175	0	2.65118668	0	0	0	0	0	5e-06	0	0	0	0	0	3
268	176	0	2.66111622	0	0	0	0	0	5e-06	0	0	0	0	0	3
269	176	0	2.67104576	0	0	0	0	0	5e-06	0	0	0	0	0	3
270	177	0	2.6809753	0	0	0	0	0	5e-06	0	0	0	0	0	3
271	177	0	2.69090483	0	0	0	0	0	5e-06	0	0	0	0	0	3
272	178	0	2.70083437	0	0	0	0	0	5e-06	0	0	0	0	0	3
273	179	0	2.71076391	0	0	0	0	0	5e-06	0	0	0	0	0	3
274	179	0	2.72069345	0	0	0	0	0	5e-06	0	0	0	0	0	3
275	180	0	2.73062299	0	0	0	0	0	5e-06	0	0	0	0	0	3
276	180	0	2.74055252	0	0	0	0	0	5e-06	0	0	0	0	0	3
277	181	0	2.75048206	0	0	0	0	0	5e-06	0	0	0	0	0	3
278	181	0	2.7604116	0	0	0	0	0	5e-06	0	0	0	0	0	3
279	182	0	2.77034114	0	0	0	0	0	5e-06	0	0	0	0	0	3
280	183	0	2.78027068	0	0	0	0	0	5e-06	0	0	0	0	0	3
281	183	0	2.79020022	0	0	0	0	0	5e-06	0	0	0	0	0	3
282	184	0	2.80012975	0	0	0	0	0	5e-06	0	0	0	0	0	3
283	184	0	2.81005929	0	0	0	0	0	5e-06	0	0	0	0	0	3
284	185	0	2.81998883	0	0	0	0	0	5e-06	0	0	0	0	0	3
285	185	0	2.82991837	0	0	0	0	0	5e-06	0	0	0	0	0	3
286	186	0	2.83984791	0	0	0	0	0	5e-06	0	0	0	0	0	3
287	187	0	2.84977744	0	0	0	0	0	5e-06	0	0	0	0	0	3
288	187	0	2.85970698	0	0	0	0	0	5e-06	0	0	0	0	0	3
289	188	0	2.86963652	0	0	0	0	0	5e-06	0	0	0	0	0	3
290	188	0	2.87956606	0	0	0	0	0	5e-06	0	0	0	0	0	3
291	189	0	2.8894956	0	0	0	0	0	5e-06	0	0	0	0	0	3
292	189	0	2.89942514	0	0	0	0	0	5e-06	0	0	0	0	0	3
293	190	0	2.90935467	0	0	0	0	0	5e-06	0	0	0	0	0	3
294	190	0	2.91928421	0	0	0	0	0	5e-06	0	0	0	0	0	3
295	191	0	2.92921375	0	0	0	0	0	5e-06	0	0	0	0	0	3
296	191	0	2.93914329	0	0	0	0	0	5e-06	0	0	0	0	0	3
297	192	0	2.94907283	0	0	0	0	0	5e-06	0	0	0	0	0	3
298	193	0	2.95900236	0	0	0	0	0	5e-06	0	0	0	0	0	3
299	193	0	2.9689319	0	0	0	0	0	5e-06	0	0	0	0	0	3
300	194	0	2.97886144	0	0	0	0	0	5e-06	0	0	0	0	0	3
301	195	0	2.98879098	0	0	0	0	0	5e-06	0	0	0	0	0	3
302	195	0	2.99872052	0	0	0	0	0	5e-06	0	0	0	0	0	3
303	196	0	3.00865005	0	0	0	0	0	5e-06	0	0	0	0	0	3
304	196	0	3.01857959	0	0	0	0	0	5e-06	0	0	0	0	0	3
305	197	0	3.02850913	0	0	0	0	0	5e-06	0	0	0	0	0	3
306	197	0	3.03843867	0	0	0	0	0	5e-06	0	0	0	0	0	3
307	198	0	3.04836821	0	0	0	0	0	5e-06	0	0	0	0	0	3
308	199	0	3.05829775	0	0	0	0	0	5e-06	0	0	0	0	0	3
309	199	0	3.06822728	0	0	0	0	0	5e-06	0	0	0	0	0	3
310	200	0	3.07815682	0	0	0	0	0	5e-06	0	0	0	0	0	3
311	200	0	3.08808636	0	0	0	0	0	5e-06	0	0	0	0	0	3
312	201	0	3.0980159	0	0	0	0	0	5e-06	0	0	0	0	0	3
313	201	0	3.10794544	0	0	0	0	0	5e-06	0	0	0	0	0	3
314	202	0	3.11787497	0	0	0	0	0	5e-06	0	0	0	0	0	3
315	202	0	3.12780451	0	0	0	0	0	5e-06	0	0	0	0	0	3
316	203	0	3.13773405	0	0	0	0	0	5e-06	0	0	0	0	0	3
317	204	0	3.14766359	0	0	0	0	0	5e-06	0	0	0	0	0	3
318	204	0	3.15759313	0	0	0	0	0	5e-06	0	0	0	0	0	3
319	205	0	3.16752266	0	0	0	0	0	5e-06	0	0	0	0	0	3
320	205	0	3.1774522	0	0	0	0	0	5e-06	0	0	0	0	0	3
321	206	0	3.18738174	0	0	0	0	0	5e-06	0	0	0	0	0	3
322	206	0	3.19731128	0	0	0	0	0	5e-06	0	0	0	0	0	3
323	207	0	3.20724082	0	0	0	0	0	5e-06	0	0	0	0	0	3
324	208	0	3.21717036	0	0	0	0	0	5e-06	0	0	0	0	0	3
325	208	0	3.22709989	0	0	0	0	0	5e-06	0	0	0	0	0	3
326	209	0	3.23702943	0	0	0	0	0	5e-06	0	0	0	0	0	3
327	209	0	3.24695897	0	0	0	0	0	5e-06	0	0	0	0	0	3
328	210	0	3.25688851	0	0	0	0	0	5e-06	0	0	0	0	0	3
329	210	0	3.26681805	0	0	0	0	0	5e-06	0	0	0	0	0	3
330	211	0	3.27674758	0	0	0	0	0	5e-06	0	0	0	0	0	3
331	212	0	3.28667712	0	0	0	0	0	5e-06	0	0	0	0	0	3
332	212	0	3.29660666	0	0	0	0	0	5e-06	0	0	0	0	0	3
333	213	0	3.3065362	0	0	0	0	0	5e-06	0	0	0	0	0	3
334	213	0	3.31646574	0	0	0	0	0	5e-06	0	0	0	0	0	3
335	214	0	3.32639527	0	0	0	0	0	5e-06	0	0	0	0	0	3
336	215	0	3.33632481	0	0	0	0	0	5e-06	0	0	0	0	0	3
337	215	0	3.34625435	0	0	0	0	0	5e-06	0	0	0	0	0	3
338	216	0	3.35618389	0	0	0	0	0	5e-06	0	0	0	0	0	3
339	216	0	3.36611343	0	0	0	0	0	5e-06	0	0	0	0	0	3
340	217	0	3.37604297	0	0	0	0	0	5e-06	0	0	0	0	0	3
341	217	0	3.3859725	0	0	0	0	0	5e-06	0	0	0	0	0	3
342	218	0	3.39590204	0	0	0	0	0	5e-06	0	0	0	0	0	3
343	219	0	3.40583158	0	0	0	0	0	5e-06	0	0	0	0	0	3
344	219	0	3.41576112	0	0	0	0	0	5e-06	0	0	0	0	0	3
345	220	0	3.42569066	0	0	0	0	0	5e-06	0	0	0	0	0	3
346	220	0	3.43562019	0	0	0	0	0	5e-06	0	0	0	0	0	3
347	221	0	3.44554973	0	0	0	0	0	5e-06	0	0	0	0	0	3
348	221	0	3.45547927	0	0	0	0	0	5e-06	0	0	0	0	0	3
349	222	0	3.46540881	0	0	0	0	0	5e-06	0	0	0	0	0	3
350	222	0	3.47533835	0	0	0	0	0	5e-06	0	0	0	0	0	3
351	223	0	3.48526788	0	0	0	0	0	5e-06	0	0	0	0	0	3
352	224	0	3.49519742	0	0	0	0	0	5e-06	0	0	0	0	0	3
353	224	0	3.50512696	0	0	0	0	0	5e-06	0	0	0	0	0	3
354	225	0	3.5150565	0	0	0	0	0	5e-06	0	0	0	0	0	3
355	225	0	3.52498604	0	0	0	0	0	5e-06	0	0	0	0	0	3
356	226	0	3.53491558	0	0	0	0	0	5e-06	0	0	0	0	0	3
357	226	0	3.54484511	0	0	0	0	0	5e-06	0	0	0	0	0	3
358	227	0	3.55477465	0	0	0	0	0	5e-06	0	0	0	0	0	3
359	227	0	3.56470419	0	0	0	0	0	5e-06	0	0	0	0	0	3
360	228	0	3.57463373	0	0	0	0	0	5e-06	0	0	0	0	0	3
361	229	0	3.58456327	0	0	0	0	0	5e-06	0	0	0	0	0	3
362	229	0	3.5944928	0	0	0	0	0	5e-06	0	0	0	0	0	3
363	230	0	3.60442234	0	0	0	0	0	5e-06	0	0	0	0	0	3
364	230	0	3.61435188	0	0	0	0	0	5e-06	0	0	0	0	0	3
365	231	0	3.62428142	0	0	0	0	0	5e-06	0	0	0	0	0	3
366	231	0	3.63421096	0	0	0	0	0	5e-06	0	0	0	0	0	3
367	232	0	3.6441405	0	0	0	0	0	5e-06	0	0	0	0	0	3
368	232	0	3.65407003	0	0	0	0	0	5e-06	0	0	0	0	0	3
369	233	0	3.66399957	0	0	0	0	0	5e-06	0	0	0	0	0	3
370	234	0	3.67392911	0	0	0	0	0	5e-06	0	0	0	0	0	3
371	234	0	3.68385865	0	0	0	0	0	5e-06	0	0	0	0	0	3
372	235	0	3.69378819	0	0	0	0	0	5e-06	0	0	0	0	0	3
373	235	0	3.70371772	0	0	0	0	0	5e-06	0	0	0	0	0	3
374	236	0	3.71364726	0	0	0	0	0	5e-06	0	0	0	0	0	3
375	236	0	3.7235768	0	0	0	0	0	5e-06	0	0	0	0	0	3
376	237	0	3.73350634	0	0	0	0	0	5e-06	0	0	0	0	0	3
377	238	0	3.74343588	0	0	0	0	0	5e-06	0	0	0	0	0	3
378	238	0	3.75336541	0	0	0	0	0	5e-06	0	0	0	0	0	3
379	239	0	3.76329495	0	0	0	0	0	5e-06	0	0	0	0	0	3
380	239	0	3.77322449	0	0	0	0	0	5e-06	0	0	0	0	0	3
381	240	0	3.78315403	0	0	0	0	0	5e-06	0	0	0	0	0	3
382	240	0	3.79308357	0	0	0	0	0	5e-06	0	0	0	0	0	3
383	241	0	3.80301311	0	0	0	0	0	5e-06	0	0	0	0	0	3
384	241	0	3.81294264	0	0	0	0	0	5e-06	0	0	0	0	0	3
385	242	0	3.82287218	0	0	0	0	0	5e-06	0	0	0	0	0	3
386	243	0	3.83280172	0	0	0	0	0	5e-06	0	0	0	0	0	3
387	243	0	3.84273126	0	0	0	0	0	5e-06	0	0	0	0	0	3
388	244	0	3.8526608	0	0	0	0	0	5e-06	0	0	0	0	0	3
389	244	0	3.86259033	0	0	0	0	0	5e-06	0	0	0	0	0	3
390	245	0	3.87251987	0	0	0	0	0	5e-06	0	0	0	0	0	3
391	245	0	3.88244941	0	0	0	0	0	5e-06	0	0	0	0	0	3
392	246	0	3.89237895	0	0	0	0	0	5e-06	0	0	0	0	0	3
393	247	0	3.90230849	0	0	0	0	0	5e-06	0	0	0	0	0	3
394	247	0	3.91223802	0	0	0	0	0	5e-06	0	0	0	0	0	3
395	248	0	3.92216756	0	0	0	0	0	5e-06	0	0	0	0	0	3
396	248	0	3.9320971	0	0	0	0	0	5e-06	0	0	0	0	0	3
397	249	0	3.94202664	0	0	0	0	0	5e-06	0	0	0	0	0	3
398	249	0	3.95195618	0	0	0	0	0	5e-06	0	0	0	0	0	3
399	250	0	3.96188572	0	0	0	0	0	5e-06	0	0	0	0	0	3
400	251	0	3.97181525	0	0	0	0	0	5e-06	0	0	0	0	0	3
401	252	0	3.98174479	0	0	0	0	0	5e-06	0	0	0	0	0	3
402	252	0	3.99167433	0	0	0	0	0	5e-06	0	0	0	0	0	3
403	253	0	4.00160387	0	0	0	0	0	5e-06	0	0	0	0	0	3
404	254	0	4.01153341	0	0	0	0	0	5e-06	0	0	0	0	0	3
405	254	0	4.02146294	0	0	0	0	0	5e-06	0	0	0	0	0	3
406	255	0	4.03139248	0	0	0	0	0	5e-06	0	0	0	0	0	3
407	256	0	4.04132202	0	0	0	0	0	5e-06	0	0	0	0	0	3
408	256	0	4.05125156	0	0	0	0	0	5e-06	0	0	0	0	0	3
409	257	0	4.0611811	0	0	0	0	0	5e-06	0	0	0	0	0	3
410	257	0	4.07111063	0	0	0	0	0	5e-06	0	0	0	0	0	3
411	258	0	4.08104017	0	0	0	0	0	5e-06	0	0	0	0	0	3
412	259	0	4.09096971	0	0	0	0	0	5e-06	0	0	0	0	0	3
413	259	0	4.10089925	0	0	0	0	0	5e-06	0	0	0	0	0	3
414	260	0	4.11082879	0	0	0	0	0	5e-06	0	0	0	0	0	3
415	261	0	4.12075833	0	0	0	0	0	5e-06	0	0	0	0	0	3
416	262	0	4.13068786	0	0	0	0	0	5e-06	0	0	0	0	0	3
417	263	0	4.1406174	0	0	0	0	0	5e-06	0	0	0	0	0	3
418	263	0	4.15054694	0	0	0	0	0	5e-06	0	0	0	0	0	3
419	264	0	4.16047648	0	0	0	0	0	5e-06	0	0	0	0	0	3
420	265	0	4.17040602	0	0	0	0	0	5e-06	0	0	0	0	0	3
421	265	0	4.18033555	0	0	0	0	0	5e-06	0	0	0	0	0	3
422	266	0	4.19026509	0	0	0	0	0	5e-06	0	0	0	0	0	3
423	266	0	4.20019463	0	0	0	0	0	5e-06	0	0	0	0	0	3
424	267	0	4.21012417	0	0	0	0	0	5e-06	0	0	0	0	0	3
425	268	0	4.22005371	0	0	0	0	0	5e-06	0	0	0	0	0	3
426	269	0	4.22998325	0	0	0	0	0	5e-06	0	0	0	0	0	3
427	269	0	4.23991278	0	0	0	0	0	5e-06	0	0	0	0	0	3
428	270	0	4.24984232	0	0	0	0	0	5e-06	0	0	0	0	0	3
429	270	0	4.25977186	0	0	0	0	0	5e-06	0	0	0	0	0	3
430	271	0	4.2697014	0	0	0	0	0	5e-06	0	0	0	0	0	3
431	272	0	4.27963094	0	0	0	0	0	5e-06	0	0	0	0	0	3
432	273	0	4.28956047	0	0	0	0	0	5e-06	0	0	0	0	0	3
433	273	0	4.29949001	0	0	0	0	0	5e-06	0	0	0	0	0	3
434	274	0	4.30941955	0	0	0	0	0	5e-06	0	0	0	0	0	3
435	275	0	4.31934909	0	0	0	0	0	5e-06	0	0	0	0	0	3
436	275	0	4.32927863	0	0	0	0	0	5e-06	0	0	0	0	0	3
437	276	0	4.33920816	0	0	0	0	0	5e-06	0	0	0	0	0	3
438	277	0	4.3491377	0	0	0	0	0	5e-06	0	0	0	0	0	3
439	277	0	4.35906724	0	0	0	0	0	5e-06	0	0	0	0	0	3
440	278	0	4.36899678	0	0	0	0	0	5e-06	0	0	0	0	0	3
441	279	0	4.37892632	0	0	0	0	0	5e-06	0	0	0	0	0	3
442	279	0	4.38885586	0	0	0	0	0	5e-06	0	0	0	0	0	3
443	280	0	4.39878539	0	0	0	0	0	5e-06	0	0	0	0	0	3
444	281	0	4.40871493	0	0	0	0	0	5e-06	0	0	0	0	0	3
445	281	0	4.41864447	0	0	0	0	0	5e-06	0	0	0	0	0	3
446	282	0	4.42857401	0	0	0	0	0	5e-06	0	0	0	0	0	3
447	283	0	4.43850355	0	0	0	0	0	5e-06	0	0	0	0	0	3
448	283	0	4.44843308	0	0	0	0	0	5e-06	0	0	0	0	0	3
449	284	0	4.45836262	0	0	0	0	0	5e-06	0	0	0	0	0	3
450	285	0	4.46829216	0	0	0	0	0	5e-06	0	0	0	0	0	3
451	285	0	4.4782217	0	0	0	0	0	5e-06	0	0	0	0	0	3
452	286	0	4.48815124	0	0	0	0	0	5e-06	0	0	0	0	0	3
453	286	0	4.49808077	0	0	0	0	0	5e-06	0	0	0	0	0	3
454	287	0	4.50801031	0	0	0	0	0	5e-06	0	0	0	0	0	3
455	288	0	4.51793985	0	0	0	0	0	5e-06	0	0	0	0	0	3
456	288	0	4.52786939	0	0	0	0	0	5e-06	0	0	0	0	0	3
457	289	0	4.53779893	0	0	0	0	0	5e-06	0	0	0	0	0	3
458	289	0	4.54772847	0	0	0	0	0	5e-06	0	0	0	0	0	3
459	290	0	4.557658	0	0	0	0	0	5e-06	0	0	0	0	0	3
460	290	0	4.56758754	0	0	0	0	0	5e-06	0	0	0	0	0	3
461	291	0	4.57751708	0	0	0	0	0	5e-06	0	0	0	0	0	3
462	291	0	4.58744662	0	0	0	0	0	5e-06	0	0	0	0	0	3
463	292	0	4.59737616	0	0	0	0	0	5e-06	0	0	0	0	0	3
464	293	0	4.60730569	0	0	0	0	0	5e-06	0	0	0	0	0	3
465	293	0	4.61723523	0	0	0	0	0	5e-06	0	0	0	0	0	3
466	294	0	4.62716477	0	0	0	0	0	5e-06	0	0	0	0	0	3
467	294	0	4.63709431	0	0	0	0	0	5e-06	0	0	0	0	0	3
468	295	0	4.64702385	0	0	0	0	0	5e-06	0	0	0	0	0	3
469	296	0	4.65695338	0	0	0	0	0	5e-06	0	0	0	0	0	3
470	296	0	4.66688292	0	0	0	0	0	5e-06	0	0	0	0	0	3
471	297	0	4.67681246	0	0	0	0	0	5e-06	0	0	0	0	0	3
472	298	0	4.686742	0	0	0	0	0	5e-06	0	0	0	0	0	3
473	298	0	4.69667154	0	0	0	0	0	5e-06	0	0	0	0	0	3
474	299	0	4.70660108	0	0	0	0	0	5e-06	0	0	0	0	0	3
475	299	0	4.71653061	0	0	0	0	0	5e-06	0	0	0	0	0	3
476	300	0	4.72646015	0	0	0	0	0	5e-06	0	0	0	0	0	3
477	301	0	4.73638969	0	0	0	0	0	5e-06	0	0	0	0	0	3
478	301	0	4.74631923	0	0	0	0	0	5e-06	0	0	0	0	0	3
479	302	0	4.75624877	0	0	0	0	0	5e-06	0	0	0	0	0	3
480	303	0	4.7661783	0	0	0	0	0	5e-06	0	0	0	0	0	3
481	303	0	4.77610784	0	0	0	0	0	5e-06	0	0	0	0	0	3
482	304	0	4.78603738	0	0	0	0	0	5e-06	0	0	0	0	0	3
483	304	0	4.79596692	0	0	0	0	0	5e-06	0	0	0	0	0	3
484	305	0	4.80589646	0	0	0	0	0	5e-06	0	0	0	0	0	3
485	306	0	4.81582599	0	0	0	0	0	5e-06	0	0	0	0	0	3
486	306	0	4.82575553	0	0	0	0	0	5e-06	0	0	0	0	0	3
487	307	0	4.83568507	0	0	0	0	0	5e-06	0	0	0	0	0	3
488	308	0	4.84561461	0	0	0	0	0	5e-06	0	0	0	0	0	3
489	308	0	4.85554415	0	0	0	0	0	5e-06	0	0	0	0	0	3
490	309	0	4.86547369	0	0	0	0	0	5e-06	0	0	0	0	0	3
491	310	0	4.87540322	0	0	0	0	0	5e-06	0	0	0	0	0	3
492	310	0	4.88533276	0	0	0	0	0	5e-06	0	0	0	0	0	3
493	311	0	4.8952623	0	0	0	0	0	5e-06	0	0	0	0	0	3
494	312	0	4.90519184	0	0	0	0	0	5e-06	0	0	0	0	0	3
495	312	0	4.91512138	0	0	0	0	0	5e-06	0	0	0	0	0	3
496	313	0	4.92505091	0	0	0	0	0	5e-06	0	0	0	0	0	3
497	314	0	4.93498045	0	0	0	0	0	5e-06	0	0	0	0	0	3
498	314	0	4.94490999	0	0	0	0	0	5e-06	0	0	0	0	0	3
499	315	0	4.95483953	0	0	0	0	0	5e-06	0	0	0	0	0	3
500	316	0	4.96476907	0	0	0	0	0	5e-06	0	0	0	0	0	3
501	316	0	4.97469861	0	0	0	0	0	5e-06	0	0	0	0	0	3
502	317	0	4.98462814	0	0	0	0	0	5e-06	0	0	0	0	0	3
503	318	0	4.99455768	0	0	0	0	0	5e-06	0	0	0	0	0	3
504	318	0	5.00448722	0	0	0	0	0	5e-06	0	0	0	0	0	3
505	319	0	5.01441676	0	0	0	0	0	5e-06	0	0	0	0	0	3
506	320	0	5.0243463	0	0	0	0	0	5e-06	0	0	0	0	0	3
507	320	0	5.03427583	0	0	0	0	0	5e-06	0	0	0	0	0	3
508	321	0	5.04420537	0	0	0	0	0	5e-06	0	0	0	0	0	3
509	322	0	5.05413491	0	0	0	0	0	5e-06	0	0	0	0	0	3
510	322	0	5.06406445	0	0	0	0	0	5e-06	0	0	0	0	0	3
511	323	0	5.07399399	0	0	0	0	0	5e-06	0	0	0	0	0	3
512	324	0	5.08392352	0	0	0	0	0	5e-06	0	0	0	0	0	3
513	324	0	5.09385306	0	0	0	0	0	5e-06	0	0	0	0	0	3
514	325	0	5.1037826	0	0	0	0	0	5e-06	0	0	0	0	0	3
515	326	0	5.11371214	0	0	0	0	0	5e-06	0	0	0	0	0	3
516	326	0	5.12364168	0	0	0	0	0	5e-06	0	0	0	0	0	3
517	327	0	5.13357122	0	0	0	0	0	5e-06	0	0	0	0	0	3
518	328	0	5.14350075	0	0	0	0	0	5e-06	0	0	0	0	0	3
519	329	0	5.15343029	0	0	0	0	0	5e-06	0	0	0	0	0	3
520	329	0	5.16335983	0	0	0	0	0	5e-06	0	0	0	0	0	3
521	330	0	5.17328937	0	0	0	0	0	5e-06	0	0	0	0	0	3
522	331	0	5.18321891	0	0	0	0	0	5e-06	0	0	0	0	0	3
523	331	0	5.19314844	0	0	0	0	0	5e-06	0	0	0	0	0	3
524	332	0	5.20307798	0	0	0	0	0	5e-06	0	0	0	0	0	3
525	333	0	5.21300752	0	0	0	0	0	5e-06	0	0	0	0	0	3
526	333	0	5.22293706	0	0	0	0	0	5e-06	0	0	0	0	0	3
527	334	0	5.2328666	0	0	0	0	0	5e-06	0	0	0	0	0	3
528	335	0	5.24279613	0	0	0	0	0	5e-06	0	0	0	0	0	3
529	335	0	5.25272567	0	0	0	0	0	5e-06	0	0	0	0	0	3
530	336	0	5.26265521	0	0	0	0	0	5e-06	0	0	0	0	0	3
531	336	0	5.27258475	0	0	0	0	0	5e-06	0	0	0	0	0	3
532	337	0	5.28251429	0	0	0	0	0	5e-06	0	0	0	0	0	3
533	338	0	5.29244383	0	0	0	0	0	5e-06	0	0	0	0	0	3
534	338	0	5.30237336	0	0	0	0	0	5e-06	0	0	0	0	0	3
535	339	0	5.3123029	0	0	0	0	0	5e-06	0	0	0	0	0	3
536	339	0	5.32223244	0	0	0	0	0	5e-06	0	0	0	0	0	3
537	340	0	5.33216198	0	0	0	0	0	5e-06	0	0	0	0	0	3
538	341	0	5.34209152	0	0	0	0	0	5e-06	0	0	0	0	0	3
539	341	0	5.35202105	0	0	0	0	0	5e-06	0	0	0	0	0	3
540	342	0	5.36195059	0	0	0	0	0	5e-06	0	0	0	0	0	3
541	343	0	5.37188013	0	0	0	0	0	5e-06	0	0	0	0	0	3
542	344	0	5.38180967	0	0	0	0	0	5e-06	0	0	0	0	0	3
543	344	0	5.39173921	0	0	0	0	0	5e-06	0	0	0	0	0	3
544	345	0	5.40166874	0	0	0	0	0	5e-06	0	0	0	0	0	3
545	346	0	5.41159828	0	0	0	0	0	5e-06	0	0	0	0	0	3
546	347	0	5.42152782	0	0	0	0	0	5e-06	0	0	0	0	0	3
547	347	0	5.43145736	0	0	0	0	0	5e-06	0	0	0	0	0	3
548	348	0	5.4413869	0	0	0	0	0	5e-06	0	0	0	0	0	3
549	349	0	5.45131644	0	0	0	0	0	5e-06	0	0	0	0	0	3
550	350	0	5.46124597	0	0	0	0	0	5e-06	0	0	0	0	0	3
551	350	0	5.47117551	0	0	0	0	0	5e-06	0	0	0	0	0	3
552	351	0	5.48110505	0	0	0	0	0	5e-06	0	0	0	0	0	3
553	352	0	5.49103459	0	0	0	0	0	5e-06	0	0	0	0	0	3
554	352	0	5.50096413	0	0	0	0	0	5e-06	0	0	0	0	0	3
555	353	0	5.51089366	0	0	0	0	0	5e-06	0	0	0	0	0	3
556	354	0	5.5208232	0	0	0	0	0	5e-06	0	0	0	0	0	3
557	354	0	5.53075274	0	0	0	0	0	5e-06	0	0	0	0	0	3
558	355	0	5.54068228	0	0	0	0	0	5e-06	0	0	0	0	0	3
559	355	0	5.55061182	0	0	0	0	0	5e-06	0	0	0	0	0	3
560	356	0	5.56054135	0	0	0	0	0	5e-06	0	0	0	0	0	3
561	357	0	5.57047089	0	0	0	0	0	5e-06	0	0	0	0	0	3
562	357	0	5.58040043	0	0	0	0	0	5e-06	0	0	0	0	0	3
563	358	0	5.59032997	0	0	0	0	0	5e-06	0	0	0	0	0	3
564	359	0	5.60025951	0	0	0	0	0	5e-06	0	0	0	0	0	3
565	359	0	5.61018905	0	0	0	0	0	5e-06	0	0	0	0	0	3
566	360	0	5.62011858	0	0	0	0	0	5e-06	0	0	0	0	0	3
567	360	0	5.63004812	0	0	0	0	0	5e-06	0	0	0	0	0	3
568	361	0	5.63997766	0	0	0	0	0	5e-06	0	0	0	0	0	3
569	362	0	5.6499072	0	0	0	0	0	5e-06	0	0	0	0	0	3
570	362	0	5.65983674	0	0	0	0	0	5e-06	0	0	0	0	0	3
571	363	0	5.66976627	0	0	0	0	0	5e-06	0	0	0	0	0	3
572	363	0	5.67969581	0	0	0	0	0	5e-06	0	0	0	0	0	3
573	364	0	5.68962535	0	0	0	0	0	5e-06	0	0	0	0	0	3
574	365	0	5.69955489	0	0	0	0	0	5e-06	0	0	0	0	0	3
575	365	0	5.70948443	0	0	0	0	0	5e-06	0	0	0	0	0	3
576	366	0	5.71941397	0	0	0	0	0	5e-06	0	0	0	0	0	3
577	366	0	5.7293435	0	0	0	0	0	5e-06	0	0	0	0	0	3
578	367	0	5.73927304	0	0	0	0	0	5e-06	0	0	0	0	0	3
579	368	0	5.74920258	0	0	0	0	0	5e-06	0	0	0	0	0	3
580	368	0	5.75913212	0	0	0	0	0	5e-06	0	0	0	0	0	3
581	369	0	5.76906166	0	0	0	0	0	5e-06	0	0	0	0	0	3
582	369	0	5.77899119	0	0	0	0	0	5e-06	0	0	0	0	0	3
583	370	0	5.78892073	0	0	0	0	0	5e-06	0	0	0	0	0	3
584	370	0	5.79885027	0	0	0	0	0	5e-06	0	0	0	0	0	3
585	371	0	5.80877981	0	0	0	0	0	5e-06	0	0	0	0	0	3
586	372	0	5.81870935	0	0	0	0	0	5e-06	0	0	0	0	0	3
587	372	0	5.82863888	0	0	0	0	0	5e-06	0	0	0	0	0	3
588	373	0	5.83856842	0	0	0	0	0	5e-06	0	0	0	0	0	3
589	373	0	5.84849796	0	0	0	0	0	5e-06	0	0	0	0	0	3
590	374	0	5.8584275	0	0	0	0	0	5e-06	0	0	0	0	0	3
591	375	0	5.86835704	0	0	0	0	0	5e-06	0	0	0	0	0	3
592	375	0	5.87828658	0	0	0	0	0	5e-06	0	0	0	0	0	3
593	376	0	5.88821611	0	0	0	0	0	5e-06	0	0	0	0	0	3
594	376	0	5.89814565	0	0	0	0	0	5e-06	0	0	0	0	0	3
595	377	0	5.90807519	0	0	0	0	0	5e-06	0	0	0	0	0	3
596	378	0	5.91800473	0	0	0	0	0	5e-06	0	0	0	0	0	3
597	378	0	5.92793427	0	0	0	0	0	5e-06	0	0	0	0	0	3
598	379	0	5.9378638	0	0	0	0	0	5e-06	0	0	0	0	0	3
599	379	0	5.94779334	0	0	0	0	0	5e-06	0	0	0	0	0	3
600	380	0	5.95772288	0	0	0	0	0	5e-06	0	0	0	0	0	3
601	381	0	5.96765242	0	0	0	0	0	5e-06	0	0	0	0	0	3
602	381	0	5.97758196	0	0	0	0	0	5e-06	0	0	0	0	0	3
603	382	0	5.98751149	0	0	0	0	0	5e-06	0	0	0	0	0	3
604	382	0	5.99744103	0	0	0	0	0	5e-06	0	0	0	0	0	3
605	383	0	6.00737057	0	0	0	0	0	5e-06	0	0	0	0	0	3
606	384	0	6.01730011	0	0	0	0	0	5e-06	0	0	0	0	0	3
607	384	0	6.02722965	0	0	0	0	0	5e-06	0	0	0	0	0	3
608	385	0	6.03715919	0	0	0	0	0	5e-06	0	0	0	0	0	3
609	385	0	6.04708872	0	0	0	0	0	5e-06	0	0	0	0	0	3
610	386	0	6.05701826	0	0	0	0	0	5e-06	0	0	0	0	0	3
611	387	0	6.0669478	0	0	0	0	0	5e-06	0	0	0	0	0	3
612	387	0	6.07687734	0	0	0	0	0	5e-06	0	0	0	0	0	3
613	388	0	6.08680688	0	0	0	0	0	5e-06	0	0	0	0	0	3
614	388	0	6.09673641	0	0	0	0	0	5e-06	0	0	0	0	0	3
615	389	0	6.10666595	0	0	0	0	0	5e-06	0	0	0	0	0	3
616	390	0	6.11659549	0	0	0	0	0	5e-06	0	0	0	0	0	3
617	390	0	6.12652503	0	0	0	0	0	5e-06	0	0	0	0	0	3
618	391	0	6.13645457	0	0	0	0	0	5e-06	0	0	0	0	0	3
619	391	0	6.1463841	0	0	0	0	0	5e-06	0	0	0	0	0	3
620	392	0	6.15631364	0	0	0	0	0	5e-06	0	0	0	0	0	3
621	393	0	6.16624318	0	0	0	0	0	5e-06	0	0	0	0	0	3
622	393	0	6.17617272	0	0	0	0	0	5e-06	0	0	0	0	0	3
623	394	0	6.18610226	0	0	0	0	0	5e-06	0	0	0	0	0	3
624	394	0	6.1960318	0	0	0	0	0	5e-06	0	0	0	0	0	3
625	395	0	6.20596133	0	0	0	0	0	5e-06	0	0	0	0	0	3
626	396	0	6.21589087	0	0	0	0	0	5e-06	0	0	0	0	0	3
627	396	0	6.22582041	0	0	0	0	0	5e-06	0	0	0	0	0	3
628	397	0	6.23574995	0	0	0	0	0	5e-06	0	0	0	0	0	3
629	397	0	6.24567949	0	0	0	0	0	5e-06	0	0	0	0	0	3
630	398	0	6.25560902	0	0	0	0	0	5e-06	0	0	0	0	0	3
631	399	0	6.26553856	0	0	0	0	0	5e-06	0	0	0	0	0	3
632	399	0	6.2754681	0	0	0	0	0	5e-06	0	0	0	0	0	3
633	400	0	6.28539764	0	0	0	0	0	5e-06	0	0	0	0	0	3
634	401	0	6.29532718	0	0	0	0	0	5e-06	0	0	0	0	0	3
635	401	0	6.30525672	0	0	0	0	0	5e-06	0	0	0	0	0	3
636	402	0	6.31518625	0	0	0	0	0	5e-06	0	0	0	0	0	3
637	402	0	6.32511579	0	0	0	0	0	5e-06	0	0	0	0	0	3
638	403	0	6.33504533	0	0	0	0	0	5e-06	0	0	0	0	0	3
639	403	0	6.34497487	0	0	0	0	0	5e-06	0	0	0	0	0	3
640	404	0	6.35490441	0	0	0	0	0	5e-06	0	0	0	0	0	3
641	405	0	6.36483394	0	0	0	0	0	5e-06	0	0	0	0	0	3
642	405	0	6.37476348	0	0	0	0	0	5e-06	0	0	0	0	0	3
643	406	0	6.38469302	0	0	0	0	0	5e-06	0	0	0	0	0	3
644	406	0	6.39462256	0	0	0	0	0	5e-06	0	0	0	0	0	3
645	407	0	6.4045521	0	0	0	0	0	5e-06	0	0	0	0	0	3
646	407	0	6.41448163	0	0	0	0	0	5e-06	0	0	0	0	0	3
647	408	0	6.42441117	0	0	0	0	0	5e-06	0	0	0	0	0	3
648	409	0	6.43434071	0	0	0	0	0	5e-06	0	0	0	0	0	3
649	409	0	6.44427025	0	0	0	0	0	5e-06	0	0	0	0	0	3
650	410	0	6.45419979	0	0	0	0	0	5e-06	0	0	0	0	0	3
651	410	0	6.46412933	0	0	0	0	0	5e-06	0	0	0	0	0	3
652	411	0	6.47405886	0	0	0	0	0	5e-06	0	0	0	0	0	3
653	412	0	6.4839884	0	0	0	0	0	5e-06	0	0	0	0	0	3
654	412	0	6.49391794	0	0	0	0	0	5e-06	0	0	0	0	0	3
655	413	0	6.50384748	0	0	0	0	0	5e-06	0	0	0	0	0	3
656	413	0	6.51377702	0	0	0	0	0	5e-06	0	0	0	0	0	3
657	414	0	6.52370655	0	0	0	0	0	5e-06	0	0	0	0	0	3
658	415	0	6.53363609	0	0	0	0	0	5e-06	0	0	0	0	0	3
659	415	0	6.54356563	0	0	0	0	0	5e-06	0	0	0	0	0	3
660	416	0	6.55349517	0	0	0	0	0	5e-06	0	0	0	0	0	3
661	416	0	6.56342471	0	0	0	0	0	5e-06	0	0	0	0	0	3
662	417	0	6.57335424	0	0	0	0	0	5e-06	0	0	0	0	0	3
663	418	0	6.58328378	0	0	0	0	0	5e-06	0	0	0	0	0	3
664	418	0	6.59321332	0	0	0	0	0	5e-06	0	0	0	0	0	3
665	419	0	6.60314286	0	0	0	0	0	5e-06	0	0	0	0	0	3
666	420	0	6.6130724	0	0	0	0	0	5e-06	0	0	0	0	0	3
667	422	0	6.62300194	0	0	0	0	0	5e-06	0	0	0	0	0	3
668	423	0	6.63293147	0	0	0	0	0	5e-06	0	0	0	0	0	3
669	423	0	6.64286101	0	0	0	0	0	5e-06	0	0	0	0	0	3
670	424	0	6.65279055	0	0	0	0	0	5e-06	0	0	0	0	0	3
671	425	0	6.66272009	0	0	0	0	0	5e-06	0	0	0	0	0	3
672	426	0	6.67264963	0	0	0	0	0	5e-06	0	0	0	0	0	3
673	427	0	6.68257916	0	0	0	0	0	5e-06	0	0	0	0	0	3
674	428	0	6.6925087	0	0	0	0	0	5e-06	0	0	0	0	0	3
675	429	0	6.70243824	0	0	0	0	0	5e-06	0	0	0	0	0	3
676	430	0	6.71236778	0	0	0	0	0	5e-06	0	0	0	0	0	3
677	431	0	6.72229732	0	0	0	0	0	5e-06	0	0	0	0	0	3
678	431	0	6.73222685	0	0	0	0	0	5e-06	0	0	0	0	0	3
679	432	0	6.74215639	0	0	0	0	0	5e-06	0	0	0	0	0	3
680	433	0	6.75208593	0	0	0	0	0	5e-06	0	0	0	0	0	3
681	433	0	6.76201547	0	0	0	0	0	5e-06	0	0	0	0	0	3
682	434	0	6.77194501	0	0	0	0	0	5e-06	0	0	0	0	0	3
683	435	0	6.78187455	0	0	0	0	0	5e-06	0	0	0	0	0	3
684	435	0	6.79180408	0	0	0	0	0	5e-06	0	0	0	0	0	3
685	436	0	6.80173362	0	0	0	0	0	5e-06	0	0	0	0	0	3
686	437	0	6.81166316	0	0	0	0	0	5e-06	0	0	0	0	0	3
687	437	0	6.8215927	0	0	0	0	0	5e-06	0	0	0	0	0	3
688	438	0	6.83152224	0	0	0	0	0	5e-06	0	0	0	0	0	3
689	439	0	6.84145177	0	0	0	0	0	5e-06	0	0	0	0	0	3
690	439	0	6.85138131	0	0	0	0	0	5e-06	0	0	0	0	0	3
691	440	0	6.86131085	0	0	0	0	0	5e-06	0	0	0	0	0	3
692	440	0	6.87124039	0	0	0	0	0	5e-06	0	0	0	0	0	3
693	441	0	6.88116993	0	0	0	0	0	5e-06	0	0	0	0	0	3
694	442	0	6.89109946	0	0	0	0	0	5e-06	0	0	0	0	0	3
695	442	0	6.901029	0	0	0	0	0	5e-06	0	0	0	0	0	3
696	443	0	6.91095854	0	0	0	0	0	5e-06	0	0	0	0	0	3
697	443	0	6.92088808	0	0	0	0	0	5e-06	0	0	0	0	0	3
698	444	0	6.93081762	0	0	0	0	0	5e-06	0	0	0	0	0	3
699	445	0	6.94074716	0	0	0	0	0	5e-06	0	0	0	0	0	3
700	445	0	6.95067669	0	0	0	0	0	5e-06	0	0	0	0	0	3
701	446	0	6.96060623	0	0	0	0	0	5e-06	0	0	0	0	0	3
702	447	0	6.97053577	0	0	0	0	0	5e-06	0	0	0	0	0	3
703	447	0	6.98046531	0	0	0	0	0	5e-06	0	0	0	0	0	3
704	448	0	6.99039485	0	0	0	0	0	5e-06	0	0	0	0	0	3
705	448	0	7.00032438	0	0	0	0	0	5e-06	0	0	0	0	0	3
706	449	0	7.01025392	0	0	0	0	0	5e-06	0	0	0	0	0	3
707	450	0	7.02018346	0	0	0	0	0	5e-06	0	0	0	0	0	3
708	450	0	7.030113	0	0	0	0	0	5e-06	0	0	0	0	0	3
709	451	0	7.04004254	0	0	0	0	0	5e-06	0	0	0	0	0	3
710	451	0	7.04997208	0	0	0	0	0	5e-06	0	0	0	0	0	3
711	452	0	7.05990161	0	0	0	0	0	5e-06	0	0	0	0	0	3
712	453	0	7.06983115	0	0	0	0	0	5e-06	0	0	0	0	0	3
713	454	0	7.07976069	0	0	0	0	0	5e-06	0	0	0	0	0	3
714	454	0	7.08969023	0	0	0	0	0	5e-06	0	0	0	0	0	3
715	455	0	7.09961977	0	0	0	0	0	5e-06	0	0	0	0	0	3
716	455	0	7.1095493	0	0	0	0	0	5e-06	0	0	0	0	0	3
717	456	0	7.11947884	0	0	0	0	0	5e-06	0	0	0	0	0	3
718	457	0	7.12940838	0	0	0	0	0	5e-06	0	0	0	0	0	3
719	457	0	7.13933792	0	0	0	0	0	5e-06	0	0	0	0	0	3
720	458	0	7.14926746	0	0	0	0	0	5e-06	0	0	0	0	0	3
721	459	0	7.15919699	0	0	0	0	0	5e-06	0	0	0	0	0	3
722	459	0	7.16912653	0	0	0	0	0	5e-06	0	0	0	0	0	3
723	460	0	7.17905607	0	0	0	0	0	5e-06	0	0	0	0	0	3
724	460	0	7.18898561	0	0	0	0	0	5e-06	0	0	0	0	0	3
725	461	0	7.19891515	0	0	0	0	0	5e-06	0	0	0	0	0	3
726	462	0	7.20884469	0	0	0	0	0	5e-06	0	0	0	0	0	3
727	462	0	7.21877422	0	0	0	0	0	5e-06	0	0	0	0	0	3
728	463	0	7.22870376	0	0	0	0	0	5e-06	0	0	0	0	0	3
729	464	0	7.2386333	0	0	0	0	0	5e-06	0	0	0	0	0	3
730	464	0	7.24856284	0	0	0	0	0	5e-06	0	0	0	0	0	3
731	465	0	7.25849238	0	0	0	0	0	5e-06	0	0	0	0	0	3
732	465	0	7.26842191	0	0	0	0	0	5e-06	0	0	0	0	0	3
733	466	0	7.27835145	0	0	0	0	0	5e-06	0	0	0	0	0	3
734	466	0	7.28828099	0	0	0	0	0	5e-06	0	0	0	0	0	3
735	467	0	7.29821053	0	0	0	0	0	5e-06	0	0	0	0	0	3
736	468	0	7.30814007	0	0	0	0	0	5e-06	0	0	0	0	0	3
737	468	0	7.3180696	0	0	0	0	0	5e-06	0	0	0	0	0	3
738	469	0	7.32799914	0	0	0	0	0	5e-06	0	0	0	0	0	3
739	469	0	7.33792868	0	0	0	0	0	5e-06	0	0	0	0	0	3
740	470	0	7.34785822	0	0	0	0	0	5e-06	0	0	0	0	0	3
741	470	0	7.35778776	0	0	0	0	0	5e-06	0	0	0	0	0	3
742	471	0	7.3677173	0	0	0	0	0	5e-06	0	0	0	0	0	3
743	472	0	7.37764683	0	0	0	0	0	5e-06	0	0	0	0	0	3
744	472	0	7.38757637	0	0	0	0	0	5e-06	0	0	0	0	0	3
745	473	0	7.39750591	0	0	0	0	0	5e-06	0	0	0	0	0	3
746	473	0	7.40743545	0	0	0	0	0	5e-06	0	0	0	0	0	3
747	474	0	7.41736499	0	0	0	0	0	5e-06	0	0	0	0	0	3
748	474	0	7.42729452	0	0	0	0	0	5e-06	0	0	0	0	0	3
749	475	0	7.43722406	0	0	0	0	0	5e-06	0	0	0	0	0	3
750	475	0	7.4471536	0	0	0	0	0	5e-06	0	0	0	0	0	3
751	476	0	7.45708314	0	0	0	0	0	5e-06	0	0	0	0	0	3
752	477	0	7.46701268	0	0	0	0	0	5e-06	0	0	0	0	0	3
753	477	0	7.47694221	0	0	0	0	0	5e-06	0	0	0	0	0	3
754	478	0	7.48687175	0	0	0	0	0	5e-06	0	0	0	0	0	3
755	478	0	7.49680129	0	0	0	0	0	5e-06	0	0	0	0	0	3
756	479	0	7.50673083	0	0	0	0	0	5e-06	0	0	0	0	0	3
757	480	0	7.51666037	0	0	0	0	0	5e-06	0	0	0	0	0	3
758	480	0	7.52658991	0	0	0	0	0	5e-06	0	0	0	0	0	3
759	481	0	7.53651944	0	0	0	0	0	5e-06	0	0	0	0	0	3
760	481	0	7.54644898	0	0	0	0	0	5e-06	0	0	0	0	0	3
761	482	0	7.55637852	0	0	0	0	0	5e-06	0	0	0	0	0	3
762	482	0	7.56630806	0	0	0	0	0	5e-06	0	0	0	0	0	3
763	483	0	7.5762376	0	0	0	0	0	5e-06	0	0	0	0	0	3
764	484	0	7.58616713	0	0	0	0	0	5e-06	0	0	0	0	0	3
765	484	0	7.59609667	0	0	0	0	0	5e-06	0	0	0	0	0	3
766	485	0	7.60602621	0	0	0	0	0	5e-06	0	0	0	0	0	3
767	485	0	7.61595575	0	0	0	0	0	5e-06	0	0	0	0	0	3
768	486	0	7.62588529	0	0	0	0	0	5e-06	0	0	0	0	0	3
769	487	0	7.63581482	0	0	0	0	0	5e-06	0	0	0	0	0	3
770	487	0	7.64574436	0	0	0	0	0	5e-06	0	0	0	0	0	3
771	488	0	7.6556739	0	0	0	0	0	5e-06	0	0	0	0	0	3
772	488	0	7.66560344	0	0	0	0	0	5e-06	0	0	0	0	0	3
773	489	0	7.67553298	0	0	0	0	0	5e-06	0	0	0	0	0	3
774	490	0	7.68546252	0	0	0	0	0	5e-06	0	0	0	0	0	3
775	490	0	7.69539205	0	0	0	0	0	5e-06	0	0	0	0	0	3
776	491	0	7.70532159	0	0	0	0	0	5e-06	0	0	0	0	0	3
777	491	0	7.71525113	0	0	0	0	0	5e-06	0	0	0	0	0	3
778	492	0	7.72518067	0	0	0	0	0	5e-06	0	0	0	0	0	3
779	492	0	7.73511021	0	0	0	0	0	5e-06	0	0	0	0	0	3
780	493	0	7.74503974	0	0	0	0	0	5e-06	0	0	0	0	0	3
781	494	0	7.75496928	0	0	0	0	0	5e-06	0	0	0	0	0	3
782	494	0	7.76489882	0	0	0	0	0	5e-06	0	0	0	0	0	3
783	495	0	7.77482836	0	0	0	0	0	5e-06	0	0	0	0	0	3
784	495	0	7.7847579	0	0	0	0	0	5e-06	0	0	0	0	0	3
785	496	0	7.79468744	0	0	0	0	0	5e-06	0	0	0	0	0	3
786	496	0	7.80461697	0	0	0	0	0	5e-06	0	0	0	0	0	3
787	497	0	7.81454651	0	0	0	0	0	5e-06	0	0	0	0	0	3
788	497	0	7.82447605	0	0	0	0	0	5e-06	0	0	0	0	0	3
789	498	0	7.83440559	0	0	0	0	0	5e-06	0	0	0	0	0	3
790	499	0	7.84433513	0	0	0	0	0	5e-06	0	0	0	0	0	3
791	499	0	7.85426466	0	0	0	0	0	5e-06	0	0	0	0	0	3
792	500	0	7.8641942	0	0	0	0	0	5e-06	0	0	0	0	0	3
793	500	0	7.87412374	0	0	0	0	0	5e-06	0	0	0	0	0	3
794	501	0	7.88405328	0	0	0	0	0	5e-06	0	0	0	0	0	3
795	501	0	7.89398282	0	0	0	0	0	5e-06	0	0	0	0	0	3
796	502	0	7.90391235	0	0	0	0	0	5e-06	0	0	0	0	0	3
797	503	0	7.91384189	0	0	0	0	0	5e-06	0	0	0	0	0	3
798	503	0	7.92377143	0	0	0	0	0	5e-06	0	0	0	0	0	3
799	504	0	7.93370097	0	0	0	0	0	5e-06	0	0	0	0	0	3
800	504	0	7.94363051	0	0	0	0	0	5e-06	0	0	0	0	0	3
801	505	0	7.95356005	0	0	0	0	0	5e-06	0	0	0	0	0	3
802	506	0	7.96348958	0	0	0	0	0	5e-06	0	0	0	0	0	3
803	506	0	7.97341912	0	0	0	0	0	5e-06	0	0	0	0	0	3
804	507	0	7.98334866	0	0	0	0	0	5e-06	0	0	0	0	0	3
805	507	0	7.9932782	0	0	0	0	0	5e-06	0	0	0	0	0	3
806	508	0	8.00320774	0	0	0	0	0	5e-06	0	0	0	0	0	3
807	509	0	8.01313727	0	0	0	0	0	5e-06	0	0	0	0	0	3
808	509	0	8.02306681	0	0	0	0	0	5e-06	0	0	0	0	0	3
809	510	0	8.03299635	0	0	0	0	0	5e-06	0	0	0	0	0	3
810	510	0	8.04292589	0	0	0	0	0	5e-06	0	0	0	0	0	3
811	511	0	8.05285543	0	0	0	0	0	5e-06	0	0	0	0	0	3
812	511	0	8.06278496	0	0	0	0	0	5e-06	0	0	0	0	0	3
813	512	0	8.0727145	0	0	0	0	0	5e-06	0	0	0	0	0	3
814	513	0	8.08264404	0	0	0	0	0	5e-06	0	0	0	0	0	3
815	513	0	8.09257358	0	0	0	0	0	5e-06	0	0	0	0	0	3
816	514	0	8.10250312	0	0	0	0	0	5e-06	0	0	0	0	0	3
817	514	0	8.11243266	0	0	0	0	0	5e-06	0	0	0	0	0	3
818	515	0	8.12236219	0	0	0	0	0	5e-06	0	0	0	0	0	3
819	515	0	8.13229173	0	0	0	0	0	5e-06	0	0	0	0	0	3
820	516	0	8.14222127	0	0	0	0	0	5e-06	0	0	0	0	0	3
821	517	0	8.15215081	0	0	0	0	0	5e-06	0	0	0	0	0	3
822	517	0	8.16208035	0	0	0	0	0	5e-06	0	0	0	0	0	3
823	518	0	8.17200988	0	0	0	0	0	5e-06	0	0	0	0	0	3
824	518	0	8.18193942	0	0	0	0	0	5e-06	0	0	0	0	0	3
825	519	0	8.19186896	0	0	0	0	0	5e-06	0	0	0	0	0	3
826	520	0	8.2017985	0	0	0	0	0	5e-06	0	0	0	0	0	3
827	520	0	8.21172804	0	0	0	0	0	5e-06	0	0	0	0	0	3
828	521	0	8.22165757	0	0	0	0	0	5e-06	0	0	0	0	0	3
829	521	0	8.23158711	0	0	0	0	0	5e-06	0	0	0	0	0	3
830	522	0	8.24151665	0	0	0	0	0	5e-06	0	0	0	0	0	3
831	523	0	8.25144619	0	0	0	0	0	5e-06	0	0	0	0	0	3
832	523	0	8.26137573	0	0	0	0	0	5e-06	0	0	0	0	0	3
833	524	0	8.27130527	0	0	0	0	0	5e-06	0	0	0	0	0	3
834	524	0	8.2812348	0	0	0	0	0	5e-06	0	0	0	0	0	3
835	525	0	8.29116434	0	0	0	0	0	5e-06	0	0	0	0	0	3
836	526	0	8.30109388	0	0	0	0	0	5e-06	0	0	0	0	0	3
837	526	0	8.31102342	0	0	0	0	0	5e-06	0	0	0	0	0	3
838	527	0	8.32095296	0	0	0	0	0	5e-06	0	0	0	0	0	3
839	527	0	8.33088249	0	0	0	0	0	5e-06	0	0	0	0	0	3
840	528	0	8.34081203	0	0	0	0	0	5e-06	0	0	0	0	0	3
841	529	0	8.35074157	0	0	0	0	0	5e-06	0	0	0	0	0	3
842	529	0	8.36067111	0	0	0	0	0	5e-06	0	0	0	0	0	3
843	530	0	8.37060065	0	0	0	0	0	5e-06	0	0	0	0	0	3
844	531	0	8.38053019	0	0	0	0	0	5e-06	0	0	0	0	0	3
845	531	0	8.39045972	0	0	0	0	0	5e-06	0	0	0	0	0	3
846	532	0	8.40038926	0	0	0	0	0	5e-06	0	0	0	0	0	3
847	532	0	8.4103188	0	0	0	0	0	5e-06	0	0	0	0	0	3
848	533	0	8.42024834	0	0	0	0	0	5e-06	0	0	0	0	0	3
849	534	0	8.43017788	0	0	0	0	0	5e-06	0	0	0	0	0	3
850	534	0	8.44010741	0	0	0	0	0	5e-06	0	0	0	0	0	3
851	535	0	8.45003695	0	0	0	0	0	5e-06	0	0	0	0	0	3
852	536	0	8.45996649	0	0	0	0	0	5e-06	0	0	0	0	0	3
853	536	0	8.46989603	0	0	0	0	0	5e-06	0	0	0	0	0	3
854	537	0	8.47982557	0	0	0	0	0	5e-06	0	0	0	0	0	3
855	538	0	8.4897551	0	0	0	0	0	5e-06	0	0	0	0	0	3
856	538	0	8.49968464	0	0	0	0	0	5e-06	0	0	0	0	0	3
857	539	0	8.50961418	0	0	0	0	0	5e-06	0	0	0	0	0	3
858	539	0	8.51954372	0	0	0	0	0	5e-06	0	0	0	0	0	3
859	540	0	8.52947326	0	0	0	0	0	5e-06	0	0	0	0	0	3
860	541	0	8.5394028	0	0	0	0	0	5e-06	0	0	0	0	0	3
861	541	0	8.54933233	0	0	0	0	0	5e-06	0	0	0	0	0	3
862	542	0	8.55926187	0	0	0	0	0	5e-06	0	0	0	0	0	3
863	542	0	8.56919141	0	0	0	0	0	5e-06	0	0	0	0	0	3
864	543	0	8.57912095	0	0	0	0	0	5e-06	0	0	0	0	0	3
865	544	0	8.58905049	0	0	0	0	0	5e-06	0	0	0	0	0	3
866	544	0	8.59898002	0	0	0	0	0	5e-06	0	0	0	0	0	3
867	545	0	8.60890956	0	0	0	0	0	5e-06	0	0	0	0	0	3
868	545	0	8.6188391	0	0	0	0	0	5e-06	0	0	0	0	0	3
869	546	0	8.62876864	0	0	0	0	0	5e-06	0	0	0	0	0	3
870	547	0	8.63869818	0	0	0	0	0	5e-06	0	0	0	0	0	3
871	547	0	8.64862771	0	0	0	0	0	5e-06	0	0	0	0	0	3
872	548	0	8.65855725	0	0	0	0	0	5e-06	0	0	0	0	0	3
873	548	0	8.66848679	0	0	0	0	0	5e-06	0	0	0	0	0	3
874	549	0	8.67841633	0	0	0	0	0	5e-06	0	0	0	0	0	3
875	550	0	8.68834587	0	0	0	0	0	5e-06	0	0	0	0	0	3
876	550	0	8.69827541	0	0	0	0	0	5e-06	0	0	0	0	0	3
877	551	0	8.70820494	0	0	0	0	0	5e-06	0	0	0	0	0	3
878	551	0	8.71813448	0	0	0	0	0	5e-06	0	0	0	0	0	3
879	552	0	8.72806402	0	0	0	0	0	5e-06	0	0	0	0	0	3
880	553	0	8.73799356	0	0	0	0	0	5e-06	0	0	0	0	0	3
881	553	0	8.7479231	0	0	0	0	0	5e-06	0	0	0	0	0	3
882	554	0	8.75785263	0	0	0	0	0	5e-06	0	0	0	0	0	3
883	554	0	8.76778217	0	0	0	0	0	5e-06	0	0	0	0	0	3
884	555	0	8.77771171	0	0	0	0	0	5e-06	0	0	0	0	0	3
885	556	0	8.78764125	0	0	0	0	0	5e-06	0	0	0	0	0	3
886	556	0	8.79757079	0	0	0	0	0	5e-06	0	0	0	0	0	3
887	557	0	8.80750032	0	0	0	0	0	5e-06	0	0	0	0	0	3
888	558	0	8.81742986	0	0	0	0	0	5e-06	0	0	0	0	0	3
889	558	0	8.8273594	0	0	0	0	0	5e-06	0	0	0	0	0	3
890	559	0	8.83728894	0	0	0	0	0	5e-06	0	0	0	0	0	3
891	559	0	8.84721848	0	0	0	0	0	5e-06	0	0	0	0	0	3
892	560	0	8.85714802	0	0	0	0	0	5e-06	0	0	0	0	0	3
893	561	0	8.86707755	0	0	0	0	0	5e-06	0	0	0	0	0	3
894	561	0	8.87700709	0	0	0	0	0	5e-06	0	0	0	0	0	3
895	562	0	8.88693663	0	0	0	0	0	5e-06	0	0	0	0	0	3
896	562	0	8.89686617	0	0	0	0	0	5e-06	0	0	0	0	0	3
897	563	0	8.90679571	0	0	0	0	0	5e-06	0	0	0	0	0	3
898	563	0	8.91672524	0	0	0	0	0	5e-06	0	0	0	0	0	3
899	564	0	8.92665478	0	0	0	0	0	5e-06	0	0	0	0	0	3
900	565	0	8.93658432	0	0	0	0	0	5e-06	0	0	0	0	0	3
901	566	0	8.94651386	0	0	0	0	0	5e-06	0	0	0	0	0	3
902	566	0	8.9564434	0	0	0	0	0	5e-06	0	0	0	0	0	3
903	567	0	8.96637293	0	0	0	0	0	5e-06	0	0	0	0	0	3
904	567	0	8.97630247	0	0	0	0	0	5e-06	0	0	0	0	0	3
905	568	0	8.98623201	0	0	0	0	0	5e-06	0	0	0	0	0	3
906	569	0	8.99616155	0	0	0	0	0	5e-06	0	0	0	0	0	3
907	569	0	9.00609109	0	0	0	0	0	5e-06	0	0	0	0	0	3
908	570	0	9.01602063	0	0	0	0	0	5e-06	0	0	0	0	0	3
909	570	0	9.02595016	0	0	0	0	0	5e-06	0	0	0	0	0	3
910	571	0	9.0358797	0	0	0	0	0	5e-06	0	0	0	0	0	3
911	571	0	9.04580924	0	0	0	0	0	5e-06	0	0	0	0	0	3
912	572	0	9.05573878	0	0	0	0	0	5e-06	0	0	0	0	0	3
913	572	0	9.06566832	0	0	0	0	0	5e-06	0	0	0	0	0	3
914	573	0	9.07559785	0	0	0	0	0	5e-06	0	0	0	0	0	3
915	574	0	9.08552739	0	0	0	0	0	5e-06	0	0	0	0	0	3
916	574	0	9.09545693	0	0	0	0	0	5e-06	0	0	0	0	0	3
917	575	0	9.10538647	0	0	0	0	0	5e-06	0	0	0	0	0	3
918	575	0	9.11531601	0	0	0	0	0	5e-06	0	0	0	0	0	3
919	576	0	9.12524555	0	0	0	0	0	5e-06	0	0	0	0	0	3
920	576	0	9.13517508	0	0	0	0	0	5e-06	0	0	0	0	0	3
921	577	0	9.14510462	0	0	0	0	0	5e-06	0	0	0	0	0	3
922	578	0	9.15503416	0	0	0	0	0	5e-06	0	0	0	0	0	3
923	578	0	9.1649637	0	0	0	0	0	5e-06	0	0	0	0	0	3
924	579	0	9.17489324	0	0	0	0	0	5e-06	0	0	0	0	0	3
925	579	0	9.18482277	0	0	0	0	0	5e-06	0	0	0	0	0	3
926	580	0	9.19475231	0	0	0	0	0	5e-06	0	0	0	0	0	3
927	580	0	9.20468185	0	0	0	0	0	5e-06	0	0	0	0	0	3
928	581	0	9.21461139	0	0	0	0	0	5e-06	0	0	0	0	0	3
929	582	0	9.22454093	0	0	0	0	0	5e-06	0	0	0	0	0	3
930	582	0	9.23447046	0	0	0	0	0	5e-06	0	0	0	0	0	3
931	583	0	9.2444	0	0	0	0	0	5e-06	0	0	0	0	0	3
932	583	0	9.25432954	0	0	0	0	0	5e-06	0	0	0	0	0	3
933	584	0	9.26425908	0	0	0	0	0	5e-06	0	0	0	0	0	3
934	584	0	9.27418862	0	0	0	0	0	5e-06	0	0	0	0	0	3
935	585	0	9.28411816	0	0	0	0	0	5e-06	0	0	0	0	0	3
936	586	0	9.29404769	0	0	0	0	0	5e-06	0	0	0	0	0	3
937	586	0	9.30397723	0	0	0	0	0	5e-06	0	0	0	0	0	3
938	587	0	9.31390677	0	0	0	0	0	5e-06	0	0	0	0	0	3
939	587	0	9.32383631	0	0	0	0	0	5e-06	0	0	0	0	0	3
940	588	0	9.33376585	0	0	0	0	0	5e-06	0	0	0	0	0	3
941	589	0	9.34369538	0	0	0	0	0	5e-06	0	0	0	0	0	3
942	589	0	9.35362492	0	0	0	0	0	5e-06	0	0	0	0	0	3
943	590	0	9.36355446	0	0	0	0	0	5e-06	0	0	0	0	0	3
944	591	0	9.373484	0	0	0	0	0	5e-06	0	0	0	0	0	3
945	591	0	9.38341354	0	0	0	0	0	5e-06	0	0	0	0	0	3
946	592	0	9.39334307	0	0	0	0	0	5e-06	0	0	0	0	0	3
947	592	0	9.40327261	0	0	0	0	0	5e-06	0	0	0	0	0	3
948	593	0	9.41320215	0	0	0	0	0	5e-06	0	0	0	0	0	3
949	593	0	9.42313169	0	0	0	0	0	5e-06	0	0	0	0	0	3
950	594	0	9.43306123	0	0	0	0	0	5e-06	0	0	0	0	0	3
951	595	0	9.44299077	0	0	0	0	0	5e-06	0	0	0	0	0	3
952	595	0	9.4529203	0	0	0	0	0	5e-06	0	0	0	0	0	3
953	596	0	9.46284984	0	0	0	0	0	5e-06	0	0	0	0	0	3
954	596	0	9.47277938	0	0	0	0	0	5e-06	0	0	0	0	0	3
955	597	0	9.48270892	0	0	0	0	0	5e-06	0	0	0	0	0	3
956	598	0	9.49263846	0	0	0	0	0	5e-06	0	0	0	0	0	3
957	598	0	9.50256799	0	0	0	0	0	5e-06	0	0	0	0	0	3
958	599	0	9.51249753	0	0	0	0	0	5e-06	0	0	0	0	0	3
959	599	0	9.52242707	0	0	0	0	0	5e-06	0	0	0	0	0	3
960	600	0	9.53235661	0	0	0	0	0	5e-06	0	0	0	0	0	3
961	600	0	9.54228615	0	0	0	0	0	5e-06	0	0	0	0	0	3
962	601	0	9.55221568	0	0	0	0	0	5e-06	0	0	0	0	0	3
963	602	0	9.56214522	0	0	0	0	0	5e-06	0	0	0	0	0	3
964	602	0	9.57207476	0	0	0	0	0	5e-06	0	0	0	0	0	3
965	603	0	9.5820043	0	0	0	0	0	5e-06	0	0	0	0	0	3
966	604	0	9.59193384	0	0	0	0	0	5e-06	0	0	0	0	0	3
967	605	0	9.60186338	0	0	0	0	0	5e-06	0	0	0	0	0	3
968	605	0	9.61179291	0	0	0	0	0	5e-06	0	0	0	0	0	3
969	606	0	9.62172245	0	0	0	0	0	5e-06	0	0	0	0	0	3
970	607	0	9.63165199	0	0	0	0	0	5e-06	0	0	0	0	0	3
971	608	0	9.64158153	0	0	0	0	0	5e-06	0	0	0	0	0	3
972	608	0	9.65151107	0	0	0	0	0	5e-06	0	0	0	0	0	3
973	609	0	9.6614406	0	0	0	0	0	5e-06	0	0	0	0	0	3
974	609	0	9.67137014	0	0	0	0	0	5e-06	0	0	0	0	0	3
975	610	0	9.68129968	0	0	0	0	0	5e-06	0	0	0	0	0	3
976	611	0	9.69122922	0	0	0	0	0	5e-06	0	0	0	0	0	3
977	612	0	9.70115876	0	0	0	0	0	5e-06	0	0	0	0	0	3
978	612	0	9.71108829	0	0	0	0	0	5e-06	0	0	0	0	0	3
979	613	0	9.72101783	0	0	0	0	0	5e-06	0	0	0	0	0	3
980	613	0	9.73094737	0	0	0	0	0	5e-06	0	0	0	0	0	3
981	614	0	9.74087691	0	0	0	0	0	5e-06	0	0	0	0	0	3
982	615	0	9.75080645	0	0	0	0	0	5e-06	0	0	0	0	0	3
983	615	0	9.76073599	0	0	0	0	0	5e-06	0	0	0	0	0	3
984	616	0	9.77066552	0	0	0	0	0	5e-06	0	0	0	0	0	3
985	617	0	9.78059506	0	0	0	0	0	5e-06	0	0	0	0	0	3
986	618	0	9.7905246	0	0	0	0	0	5e-06	0	0	0	0	0	3
987	618	0	9.80045414	0	0	0	0	0	5e-06	0	0	0	0	0	3
988	619	0	9.81038368	0	0	0	0	0	5e-06	0	0	0	0	0	3
989	620	0	9.82031321	0	0	0	0	0	5e-06	0	0	0	0	0	3
990	620	0	9.83024275	0	0	0	0	0	5e-06	0	0	0	0	0	3
991	621	0	9.84017229	0	0	0	0	0	5e-06	0	0	0	0	0	3
992	621	0	9.85010183	0	0	0	0	0	5e-06	0	0	0	0	0	3
993	622	0	9.86003137	0	0	0	0	0	5e-06	0	0	0	0	0	3
994	622	0	9.86996091	0	0	0	0	0	5e-06	0	0	0	0	0	3
995	623	0	9.87989044	0	0	0	0	0	5e-06	0	0	0	0	0	3
996	624	0	9.88981998	0	0	0	0	0	5e-06	0	0	0	0	0	3
997	624	0	9.89974952	0	0	0	0	0	5e-06	0	0	0	0	0	3
998	625	0	9.90967906	0	0	0	0	0	5e-06	0	0	0	0	0	3
999	625	0	9.9196086	0	0	0	0	0	5e-06	0	0	0	0	0	3
1000	626	0	9.92953813	0	0	0	0	0	5e-06	0	0	0	0	0	3
1001	627	0	9.93946767	0	0	0	0	0	5e-06	0	0	0	0	0	3
1002	628	0	9.94939721	0	0	0	0	0	5e-06	0	0	0	0	0	3
1003	628	0	9.95932675	0	0	0	0	0	5e-06	0	0	0	0	0	3
1004	629	0	9.96925629	0	0	0	0	0	5e-06	0	0	0	0	0	3
1005	630	0	9.97918582	0	0	0	0	0	5e-06	0	0	0	0	0	3
1006	630	0	9.98911536	0	0	0	0	0	5e-06	0	0	0	0	0	3
1007	631	0	9.9990449	0	0	0	0	0	5e-06	0	0	0	0	0	3
1008	631	0	10.0089744	0	0	0	0	0	5e-06	0	0	0	0	0	3
