Iteration	CPUTime	PhysTime	Travels	Value	AvValue	MinValue	MaxValue	Delta	Criteria	Progress	dGMaxMin	CriteriaType	CriteriaVarType	CriteriaPercentage
1	15	0	0.00992953813	111457.5	111457.5	111457.5	111457.5	0	0	0	0	666369	0	0	3
2	15	0	0.0198590763	122603.25	117030.375	111457.5	122603.25	5572.875	0	0	0	671942	0	0	3
3	16	0	0.0297886144	134863.575	122974.775	111457.5	134863.575	11517.275	0	0	0	677235	0	0	3
4	16	0	0.0397181525	148349.933	129318.564	111457.5	148349.933	17861.0644	0	0	0	682264	0	0	3
5	17	0	0.0496476907	163184.926	136091.837	111457.5	163184.926	24634.3367	0	0	0	677305	0	0	3
6	17	0	0.0595772288	179503.418	143327.1	111457.5	179503.418	31869.6003	0	0	0	667253	0	0	3
7	18	0	0.0695067669	197453.76	151059.48	111457.5	197453.76	39601.9802	0	0	0	656196	0	0	3
8	18	0	0.0794363051	217199.136	159326.937	111457.5	217199.136	47869.4372	0	0	0	644033	0	0	3
9	19	0	0.0893658432	219904.159	166057.74	111457.5	219904.159	54600.2396	0	0	0	630653	0	0	3
10	19	0	0.0992953813	226346.005	172086.566	111457.5	226346.005	60629.0662	0	0	0	615936	0	0	3
11	19	0	0.109224919	248980.605	179076.933	111457.5	248980.605	67619.4334	0	0	0	599747	0	0	3
12	20	0	0.119154458	256541.093	185532.28	111457.5	256541.093	74074.78	0	0	0	585371	0	0	3
13	20	0	0.129083996	261156.819	191349.552	111457.5	261156.819	79892.0523	0	0	0	579096	0	0	3
14	21	0	0.139013534	257100.105	196046.02	111457.5	261156.819	84588.5203	0	0	0	578646	0	0	3
15	21	0	0.148943072	257794.411	200162.58	111457.5	261156.819	88705.0797	0	0	0	578346	0	0	3
16	22	0	0.15887261	255404.185	203615.18	111457.5	261156.819	92157.68	0	0	0	578956	0	0	3
17	22	0	0.168802148	257924.123	206809.824	111457.5	261156.819	95352.3238	0	0	0	579498	0	0	3
18	22	0	0.178731686	263212.986	209943.333	111457.5	263212.986	98485.8328	0	0	0	579681	0	0	3
19	23	0	0.188661225	270102.173	213109.588	111457.5	270102.173	101652.088	0	0	0	580001	0	0	3
20	23	0	0.198590763	276978.299	216303.023	111457.5	276978.299	104845.523	0	0	0	580107	0	0	3
21	24	0	0.208520301	283005.014	219479.308	111457.5	283005.014	108021.808	0	0	0	580127	0	0	3
22	24	0	0.218449839	286196.167	222511.893	111457.5	286196.167	111054.393	0	0	0	579577	0	0	3
23	25	0	0.228379377	288085.185	225362.906	111457.5	288085.185	113905.406	0	0	0	585746	0	0	3
24	25	0	0.238308915	289238.888	228024.405	111457.5	289238.888	116566.905	0	0	0	588404	0	0	3
25	25	0	0.248238453	290314.697	230516.017	111457.5	290314.697	119058.517	0	0	0	587791	0	0	3
26	26	0	0.258167991	291048.018	232844.17	111457.5	291048.018	121386.67	0	0	0	585999	0	0	3
27	26	0	0.26809753	291600.776	235020.341	111457.5	291600.776	123562.841	0	0	0	583884	0	0	3
28	27	0	0.278027068	292358.824	237068.144	111457.5	292358.824	125610.644	0	0	0	582088	0	0	3
29	27	0	0.287956606	293373.555	239009.71	111457.5	293373.555	127552.21	0	0	0	580645	0	0	3
30	27	0	0.297886144	294716.056	240866.588	111457.5	294716.056	129409.088	0	0	0	580391	0	0	3
31	28	0	0.307815682	296652.306	242666.127	111457.5	296652.306	131208.627	0	0	0	580080	0	0	3
32	28	0	0.31774522	298927.308	244424.289	111457.5	298927.308	132966.789	0	0	0	579804	0	0	3
33	29	0	0.327674758	300894.833	246135.518	111457.5	300894.833	134678.018	0	0	0	579605	0	0	3
34	29	0	0.337604297	302467.563	247792.343	111457.5	302467.563	136334.843	0	0	0	579500	0	0	3
35	30	0	0.347533835	303741.05	249390.877	111457.5	303741.05	137933.377	0	0	0	582709	0	0	3
36	30	0	0.357463373	304518.419	250922.198	111457.5	304518.419	139464.698	0	0	0	586386	0	0	3
37	30	0	0.367392911	304349.096	252366.168	111457.5	304518.419	140908.668	0	0	0	589089	0	0	3
38	31	0	0.377322449	303494.514	253711.651	111457.5	304518.419	142254.151	0	0	0	591199	0	0	3
39	31	0	0.387251987	302142.767	254953.474	111457.5	304518.419	143495.974	0	0	0	592777	0	0	3
40	32	0	0.397181525	300516.327	256092.546	111457.5	304518.419	144635.046	0	0	0	593999	0	0	3
41	32	0	0.407111063	297804.277	257109.905	111457.5	304518.419	145652.405	0	0	0	595020	0	0	3
42	33	0	0.417040602	295109.798	258014.664	111457.5	304518.419	146557.164	0	0	0	595734	0	0	3
43	33	0	0.42697014	292662.001	258820.416	111457.5	304518.419	147362.916	0	0	0	596275	0	0	3
44	33	0	0.436899678	290512.175	259540.684	111457.5	304518.419	148083.184	0	0	0	596591	0	0	3
45	34	0	0.446829216	288621.597	260186.926	111457.5	304518.419	148729.426	0	0	0	596800	0	0	3
46	34	0	0.456758754	286965.47	260769.068	111457.5	304518.419	149311.568	0	0	0	596930	0	0	3
47	35	0	0.466688292	285445.634	261294.102	111457.5	304518.419	149836.602	0	0	0	596999	0	0	3
48	35	0	0.47661783	284033.031	261767.829	111457.5	304518.419	150310.329	0	0	0	597046	0	0	3
49	35	0	0.486547369	282658.851	262194.177	111457.5	304518.419	150736.677	0	0	0	597101	0	0	3
50	36	0	0.496476907	281487.453	262580.042	111457.5	304518.419	151122.542	0	0	0	597187	0	0	3
51	36	0	0.506406445	280583.092	262933.043	111457.5	304518.419	151475.543	0	0	0	597317	0	0	3
52	37	0	0.516335983	279845.157	266234.762	122603.25	304518.419	149204.387	0	0	0	597566	0	0	3
53	37	0	0.526265521	279147.98	269304.267	134863.575	304518.419	146329.492	0	0	0	597954	0	0	3
54	37	0	0.536195059	278494.795	272120.565	148349.933	304518.419	142802.001	0	0	0	598535	0	0	3
55	38	0	0.546124597	277953.442	274661.81	163184.926	304518.419	138569.974	0	0	0	599300	0	0	3
56	38	0	0.556054135	277597.951	276905.203	179503.418	304518.419	125015.001	0	0	0	600180	0	0	3
57	39	0	0.565983674	277277.095	278822.334	197453.76	304518.419	107064.659	0	0	0	601128	0	0	3
58	39	0	0.575913212	276940.265	280380.893	217199.136	304518.419	87319.2832	0	0	0	602108	0	0	3
59	40	0	0.58584275	276577.066	281545.166	219904.159	304518.419	84614.2607	0	0	0	603096	0	0	3
60	40	0	0.595772288	276164.184	282648.304	226346.005	304518.419	78172.4144	0	0	0	604262	0	0	3
61	40	0	0.605701826	275734.611	283616.708	248980.605	304518.419	55537.8139	0	0	0	605627	0	0	3
62	41	0	0.615631364	275168.797	284130.202	255404.185	304518.419	49114.2345	0	0	0	606990	0	0	3
63	41	0	0.625560902	274377.523	284479.936	255404.185	304518.419	49114.2345	0	0	0	608286	0	0	3
64	42	0	0.635490441	273651.057	284724.921	255404.185	304518.419	49114.2345	0	0	0	609520	0	0	3
65	42	0	0.645419979	273000.603	285036.695	255404.185	304518.419	49114.2345	0	0	0	610696	0	0	3
66	43	0	0.655349517	272341.849	285321.939	255404.185	304518.419	49114.2345	0	0	0	611822	0	0	3
67	43	0	0.665279055	271712.111	285641.702	257924.123	304518.419	46594.2964	0	0	0	612910	0	0	3
68	43	0	0.675208593	271033.086	285898.741	263212.986	304518.419	41305.433	0	0	0	613972	0	0	3
69	44	0	0.685138131	270323.872	286038.17	270102.173	304518.419	34416.246	0	0	0	615018	0	0	3
70	44	0	0.695067669	269611.646	286028.552	269611.646	304518.419	34906.7733	0	0	0	616060	0	0	3
71	45	0	0.704997208	268866.791	285869.502	268866.791	304518.419	35651.628	0	0	0	617112	0	0	3
72	45	0	0.714926746	268090.504	285577.061	268090.504	304518.419	36427.9157	0	0	0	618183	0	0	3
73	45	0	0.724856284	267281.412	285206.184	267281.412	304518.419	37237.0075	0	0	0	619273	0	0	3
74	46	0	0.734785822	266526.567	284783.466	266526.567	304518.419	37991.8522	0	0	0	620381	0	0	3
75	46	0	0.74471536	265881.056	284325.469	265881.056	304518.419	38637.3637	0	0	0	621504	0	0	3
76	47	0	0.754644898	265282.593	283834.643	265282.593	304518.419	39235.8262	0	0	0	622632	0	0	3
77	47	0	0.764574436	264668.802	283317.404	264668.802	304518.419	39849.6173	0	0	0	623732	0	0	3
78	48	0	0.774503974	264053.431	282777.26	264053.431	304518.419	40464.9883	0	0	0	624759	0	0	3
79	48	0	0.784433513	263470.103	282210.814	263470.103	304518.419	41048.3163	0	0	0	625773	0	0	3
80	48	0	0.794363051	262864.954	281612.606	262864.954	304518.419	41653.4651	0	0	0	626769	0	0	3
81	49	0	0.804292589	262097.78	280973.032	262097.78	304518.419	42420.6393	0	0	0	627738	0	0	3
82	49	0	0.814222127	261378.156	280281.382	261378.156	304518.419	41613.8805	0	0	0	628682	0	0	3
83	50	0	0.824151665	260717.271	279532.166	260717.271	304518.419	39902.6519	0	0	0	629589	0	0	3
84	50	0	0.834081203	260043.782	278731.165	260043.782	304518.419	38245.8271	0	0	0	630448	0	0	3
85	50	0	0.844010741	259368.812	277886.091	259368.812	304518.419	36647.2926	0	0	0	631254	0	0	3
86	51	0	0.85394028	258711.541	277003.16	258711.541	304518.419	35115.972	0	0	0	631995	0	0	3
87	51	0	0.863869818	258123.047	276093.447	258123.047	304349.096	33672.0017	0	0	0	632674	0	0	3
88	52	0	0.873799356	257562.506	275176.062	257562.506	303494.514	32326.5189	0	0	0	633298	0	0	3
89	52	0	0.883728894	257028.766	274264.969	257028.766	302142.767	31084.6955	0	0	0	633930	0	0	3
90	53	0	0.893658432	256545.705	273370.909	256545.705	300516.327	29945.6241	0	0	0	634397	0	0	3
91	53	0	0.90358797	256090.365	272499.812	256090.365	297804.277	28928.2649	0	0	0	634872	0	0	3
92	54	0	0.913517508	255677.032	271673.788	255677.032	295109.798	28023.5055	0	0	0	635305	0	0	3
93	54	0	0.923447046	255291.619	270893.039	255291.619	292662.001	27217.7535	0	0	0	635688	0	0	3
94	54	0	0.933376585	254918.679	270152.974	254918.679	290512.175	26497.4862	0	0	0	636024	0	0	3
95	55	0	0.943306123	254527.265	269447.387	254527.265	288621.597	25851.2437	0	0	0	636311	0	0	3
96	55	0	0.953235661	254117.802	268770.842	254117.802	286965.47	25269.1015	0	0	0	636549	0	0	3
97	56	0	0.963165199	253718.945	268118.95	253718.945	285445.634	24744.0682	0	0	0	636737	0	0	3
98	56	0	0.973094737	253300.654	267488.656	253300.654	284033.031	24270.3405	0	0	0	636875	0	0	3
99	57	0	0.983024275	252872.463	266877.665	252872.463	282658.851	23843.9931	0	0	0	636967	0	0	3
100	57	0	0.992953813	252461.411	266285.558	252461.411	281487.453	23458.1276	0	0	0	637004	0	0	3
101	58	0	1.00288335	252084.867	265709.037	252084.867	280583.092	23105.1266	5089.64533	0	22	637001	0	0	3
102	58	0	1.01281289	251759.658	265143.871	251759.658	279845.157	20894.2986	5089.64533	0	24.3	636961	0	0	3
103	59	0	1.02274243	251418.798	264586.492	251418.798	279147.98	21451.6782	5089.64533	0	23.7	636872	0	0	3
104	59	0	1.03267197	251078.94	264036.118	251078.94	278494.795	22002.0515	5089.64533	0	23.1	636744	0	0	3
105	60	0	1.0426015	250744.825	263492.001	250744.825	277953.442	22546.1686	5089.64533	0	22.5	636585	0	0	3
106	60	0	1.05253104	250413.621	262952.005	250413.621	277597.951	23086.1651	5089.64533	0	22	636402	0	0	3
107	60	0	1.06246058	250096.969	262412.77	250096.969	277277.095	23625.4	5089.64533	0	21.5	636197	0	0	3
108	61	0	1.07239012	249808.8	261874.176	249808.8	276940.265	24163.9941	5089.64533	0	21	635988	0	0	3
109	61	0	1.08231966	249583.38	261337.766	249583.38	276577.066	24700.4036	5089.64533	0	20.6	636223	0	0	3
110	62	0	1.09224919	249391.957	260804.725	249391.957	276164.184	25233.4449	5089.64533	0	20.1	637106	0	0	3
111	62	0	1.10217873	249111.748	260274.285	249111.748	275734.611	25763.8848	5089.64533	0	19.7	637891	0	0	3
112	63	0	1.11210827	248816.797	259746.485	248816.797	275168.797	26291.6851	5089.64533	0	19.3	638549	0	0	3
113	63	0	1.12203781	248558.826	259224.721	248558.826	274377.523	25818.697	5089.64533	0	19.7	639169	0	0	3
114	64	0	1.13196735	248355.866	258714.492	248355.866	273651.057	25295.1913	5089.64533	0	20.1	639725	0	0	3
115	64	0	1.14189689	248177.46	258215.01	248177.46	273000.603	24823.1435	5089.64533	0	20.5	640248	0	0	3
116	65	0	1.15182642	247987.084	257724.549	247987.084	272341.849	24354.7654	5089.64533	0	20.8	640703	0	0	3
117	65	0	1.16175596	247808.917	257243.511	247808.917	271712.111	23903.1943	5089.64533	0	21.2	641076	0	0	3
118	66	0	1.1716855	247614.937	256771.017	247614.937	271033.086	23418.1494	5089.64533	0	21.7	641464	0	0	3
119	66	0	1.18161504	247403.188	256307.686	247403.188	270323.872	22920.6842	5089.64533	0	22.2	641802	0	0	3
120	67	0	1.19154458	247191.415	255854.108	247191.415	269611.646	22420.2307	5089.64533	0	22.7	642352	0	0	3
121	67	0	1.20147411	246952.595	255409.813	246952.595	268866.791	21914.196	5089.64533	0	23.2	642937	0	0	3
122	67	0	1.21140365	246680.998	254974.797	246680.998	268090.504	21409.5062	5089.64533	0	23.7	643487	0	0	3
123	68	0	1.22133319	246378.259	254549.067	246378.259	267281.412	20903.153	5089.64533	0	24.3	643956	0	0	3
124	68	0	1.23126273	246066.548	254133.089	246066.548	266526.567	20460.0197	5089.64533	0	24.8	644449	0	0	3
125	69	0	1.24119227	245744.246	253725.593	245744.246	265881.056	20136.8097	5089.64533	0	25.2	644988	0	0	3
126	69	0	1.2511218	245393.307	253323.872	245393.307	265282.593	19889.2862	5089.64533	0	25.5	645934	0	0	3
127	70	0	1.26105134	245030.372	252926.77	245030.372	264668.802	19638.4303	5089.64533	0	25.9	646733	0	0	3
128	70	0	1.27098088	244646.519	252534.176	244646.519	264053.431	19406.9121	5089.64533	0	26.2	648324	0	0	3
129	71	0	1.28091042	244289.775	252146.654	244289.775	263470.103	19180.3283	5089.64533	0	26.5	649660	0	0	3
130	71	0	1.29083996	243954.347	251763.992	243954.347	262864.954	18910.6075	5089.64533	0	26.9	650804	0	0	3
131	72	0	1.3007695	243599.893	251386.245	243599.893	262097.78	18497.8871	5089.64533	0	27.5	651874	0	0	3
132	72	0	1.31069903	243300.969	251017.68	243300.969	261378.156	18077.1864	5089.64533	0	28.1	652770	0	0	3
133	73	0	1.32062857	243035.314	250658.017	243035.314	260717.271	17681.9578	5089.64533	0	28.7	653458	0	0	3
134	73	0	1.33055811	242817.237	250307.036	242817.237	260043.782	17226.5446	5089.64533	0	29.5	654026	0	0	3
135	74	0	1.34048765	242613.827	249965.272	242613.827	259368.812	16754.9848	5089.64533	0	30.3	655370	0	0	3
136	74	0	1.35041719	242453.202	249633.593	242453.202	258711.541	16258.3384	5089.64533	0	31.3	657062	0	0	3
137	75	0	1.36034672	242316.182	249312.116	242316.182	258123.047	15806.8648	5089.64533	0	32.1	658473	0	0	3
138	75	0	1.37027626	242171.986	248999.35	242171.986	257562.506	15390.52	5089.64533	0	33	659621	0	0	3
139	75	0	1.3802058	242037.545	248694.939	242037.545	257028.766	14991.2211	5089.64533	0	33.9	660469	0	0	3
140	76	0	1.39013534	241895.143	248398.201	241895.143	256545.705	14650.5618	5089.64533	0	34.7	661054	0	0	3
141	77	0	1.40006488	241760.431	248108.294	241760.431	256090.365	14329.9342	5089.64533	0	35.5	661432	0	0	3
142	77	0	1.40999442	241592.506	247824.022	241592.506	255677.032	14084.5267	5089.64533	0	36.1	661604	0	0	3
143	78	0	1.41992395	241414.093	247544.357	241414.093	255291.619	13877.526	5089.64533	0	36.6	661706	0	0	3
144	78	0	1.42985349	241221.104	247268.464	241221.104	254918.679	13697.5758	5089.64533	0	37.1	662519	0	0	3
145	79	0	1.43978303	240995.587	246995.462	240995.587	254527.265	13531.678	5089.64533	0	37.6	663518	0	0	3
146	79	0	1.44971257	240759.898	246725.514	240759.898	254117.802	13357.9034	5089.64533	0	38.1	664335	0	0	3
147	80	0	1.45964211	240507.682	246458.649	240507.682	253718.945	13211.2632	5089.64533	0	38.5	665046	0	0	3
148	80	0	1.46957164	240245.152	246194.457	240245.152	253300.654	13055.5025	5089.64533	0	38.9	666319	0	0	3
149	81	0	1.47950118	239992.318	245933.509	239992.318	252872.463	12880.1444	5089.64533	0	39.5	666807	0	0	3
150	81	0	1.48943072	239718.758	245675.593	239718.758	252461.411	12742.6535	5089.64533	0	39.9	667766	0	0	3
151	82	0	1.49936026	239440.092	245420.273	239440.092	252084.867	12644.7754	5089.64533	0	40.2	667986	0	0	3
152	82	0	1.5092898	239161.64	245166.877	239161.64	251759.658	12598.0186	5089.64533	0	40.4	668697	0	0	3
153	82	0	1.51921933	238906.91	244914.862	238906.91	251418.798	12511.8881	5089.64533	0	40.6	668678	0	0	3
154	83	0	1.52914887	238639.389	244664.285	238639.389	251078.94	12439.5508	5089.64533	0	40.9	668896	0	0	3
155	83	0	1.53907841	238380.289	244415.292	238380.289	250744.825	12364.5359	5089.64533	0	41.1	669348	0	0	3
156	84	0	1.54900795	238095.617	244167.268	238095.617	250413.621	12318.0046	5089.64533	0	41.3	670278	0	0	3
157	84	0	1.55893749	237847.416	243920.872	237847.416	250096.969	12249.5531	5089.64533	0	41.5	671454	0	0	3
158	85	0	1.56886703	237592.391	243675.685	237592.391	249808.8	12216.4081	5089.64533	0	41.6	671829	0	0	3
159	86	0	1.57879656	237365.804	243431.704	237365.804	249583.38	12217.5763	5089.64533	0	41.6	672546	0	0	3
160	86	0	1.5887261	237118.47	243187.294	237118.47	249391.957	12273.4869	5089.64533	0	41.4	673139	0	0	3
161	86	0	1.59865564	236879.563	242941.953	236879.563	249111.748	12232.1847	5089.64533	0	41.6	673340	0	0	3
162	87	0	1.60858518	236618.717	242696.992	236618.717	248816.797	12198.08	5089.64533	0	41.7	673611	0	0	3
163	88	0	1.61851472	236395.432	242453.436	236395.432	248558.826	12163.3942	5089.64533	0	41.8	673329	0	0	3
164	88	0	1.62844425	236173.696	242210.59	236173.696	248355.866	12182.17	5089.64533	0	41.7	673688	0	0	3
165	89	0	1.63837379	235975.273	241967.833	235975.273	248177.46	12202.187	5089.64533	0	41.7	673250	0	0	3
166	89	0	1.64830333	235756.152	241724.278	235756.152	247987.084	12230.9322	5089.64533	0	41.6	673454	0	0	3
167	90	0	1.65823287	235532.966	241480.08	235532.966	247808.917	12275.9503	5089.64533	0	41.4	674584	0	0	3
168	90	0	1.66816241	235303.109	241234.868	235303.109	247614.937	12311.8278	5089.64533	0	41.3	675782	0	0	3
169	91	0	1.67809194	235085.491	240989.192	235085.491	247403.188	12317.6969	5089.64533	0	41.3	676260	0	0	3
170	91	0	1.68802148	234844.74	240742.948	234844.74	247191.415	12346.6756	5089.64533	0	41.2	676625	0	0	3
171	92	0	1.69795102	234618.732	240496.425	234618.732	246952.595	12333.8634	5089.64533	0	41.2	677043	0	0	3
172	92	0	1.70788056	234396.397	240250.225	234396.397	246680.998	12284.6005	5089.64533	0	41.4	677329	0	0	3
173	92	0	1.7178101	234127.747	240004.083	234127.747	246378.259	12250.5117	5089.64533	0	41.5	677598	0	0	3
174	93	0	1.72773964	233853.757	239758.505	233853.757	246066.548	12212.7909	5089.64533	0	41.6	677589	0	0	3
175	93	0	1.73766917	233591.858	239513.903	233591.858	245744.246	12152.3882	5089.64533	0	41.8	678072	0	0	3
176	94	0	1.74759871	233328.184	239270.451	233328.184	245393.307	12065.123	5089.64533	0	42.1	677585	0	0	3
177	94	0	1.75752825	233136.459	239030.12	233136.459	245030.372	11893.9128	5089.64533	0	42.7	677651	0	0	3
178	95	0	1.76745779	232963.103	238793.507	232963.103	244646.519	11683.4157	5089.64533	0	43.5	678576	0	0	3
179	95	0	1.77738733	232820.139	238561.617	232820.139	244289.775	11469.6354	5089.64533	0	44.3	679263	0	0	3
180	96	0	1.78731686	232682.21	238334.018	232682.21	243954.347	11272.1364	5089.64533	0	45.1	680269	0	0	3
181	96	0	1.7972464	232561.114	238110.621	232561.114	243599.893	11038.7794	5089.64533	0	46.1	680486	0	0	3
182	97	0	1.80717594	232463.236	237892.255	232463.236	243300.969	10837.7331	5089.64533	0	46.9	680996	0	0	3
183	97	0	1.81710548	232367.477	237677.873	232367.477	243035.314	10667.8367	5089.64533	0	47.7	680975	0	0	3
184	98	0	1.82703502	232268.464	237466.759	232268.464	242817.237	10548.7736	5089.64533	0	48.2	680780	0	0	3
185	98	0	1.83696455	232194.069	237258.461	232194.069	242613.827	10419.7579	5089.64533	0	48.8	681085	0	0	3
186	99	0	1.84689409	232105.721	237052.42	232105.721	242453.202	10347.4816	5089.64533	0	49.1	680842	0	0	3
187	99	0	1.85682363	231998.203	236847.42	231998.203	242316.182	10317.9794	5089.64533	0	49.3	680464	0	0	3
188	99	0	1.86675317	231848.653	236642.174	231848.653	242171.986	10323.3329	5089.64533	0	49.3	680898	0	0	3
189	100	0	1.87668271	231654.543	236435.95	231654.543	242037.545	10383.0023	5089.64533	0	49	682125	0	0	3
190	100	0	1.88661225	231452.654	236228.403	231452.654	241895.143	10442.4894	5089.64533	0	48.7	682824	0	0	3
191	101	0	1.89654178	231250.432	236019.683	231250.432	241760.431	10509.9987	5089.64533	0	48.4	682949	0	0	3
192	101	0	1.90647132	231031.735	235809.316	231031.735	241592.506	10560.7704	5089.64533	0	48.1	683186	0	0	3
193	102	0	1.91640086	230803.924	235597.776	230803.924	241414.093	10610.1683	5089.64533	0	47.9	683320	0	0	3
194	102	0	1.9263304	230527.504	235384.313	230527.504	241221.104	10693.5991	5089.64533	0	47.5	682922	0	0	3
195	103	0	1.93625994	230102.717	235166.306	230102.717	240995.587	10892.8694	5089.64533	0	46.7	682278	0	0	3
196	103	0	1.94618947	229865.732	234948.073	229865.732	240759.898	10894.1666	5089.64533	0	46.7	681462	0	0	3
197	104	0	1.95611901	229524.62	234727.774	229524.62	240507.682	10983.0615	5089.64533	0	46.3	680498	0	0	3
198	104	0	1.96604855	229140.636	234504.89	229140.636	240245.152	11104.5153	5089.64533	0	45.8	681409	0	0	3
199	105	0	1.97597809	228914.985	234282.73	228914.985	239992.318	11077.333	5089.64533	0	45.9	682468	0	0	3
200	105	0	1.98590763	228602.061	234059.392	228602.061	239718.758	11116.6967	5089.64533	0	45.7	683338	0	0	3
201	106	0	1.99583716	228414.199	233837.734	228414.199	239440.092	11025.8928	5089.64533	0	46.1	683597	0	0	3
202	106	0	2.0057667	228249.165	233618.304	228249.165	239161.64	10912.4746	5089.64533	0	46.6	683401	0	0	3
203	107	0	2.01569624	228065.445	233400.731	228065.445	238906.91	10841.4649	5089.64533	0	46.9	682788	0	0	3
204	107	0	2.02562578	227699.4	233180.976	227699.4	238639.389	10939.9898	5089.64533	0	46.5	682808	0	0	3
205	108	0	2.03555532	227461.668	232961.805	227461.668	238380.289	10918.6215	5089.64533	0	46.6	682814	0	0	3
206	108	0	2.04548486	227077.884	232740.19	227077.884	238095.617	11017.7322	5089.64533	0	46.1	682395	0	0	3
207	109	0	2.05541439	226798.292	232518.673	226798.292	237847.416	11049.1238	5089.64533	0	46	681757	0	0	3
208	109	0	2.06534393	226567.423	232297.497	226567.423	237592.391	11024.9685	5089.64533	0	46.1	681854	0	0	3
209	110	0	2.07527347	226399.812	232078.035	226399.812	237365.804	10965.992	5089.64533	0	46.4	682523	0	0	3
210	110	0	2.08520301	226245.088	231859.981	226245.088	237118.47	10873.3816	5089.64533	0	46.8	683767	0	0	3
211	110	0	2.09513255	226123.768	231644.399	226123.768	236879.563	10755.7948	5089.64533	0	47.3	684018	0	0	3
212	111	0	2.10506208	226024.257	231431.55	226024.257	236618.717	10594.4597	5089.64533	0	48	684298	0	0	3
213	111	0	2.11499162	225954.727	231222.452	225954.727	236395.432	10440.7052	5089.64533	0	48.7	684155	0	0	3
214	112	0	2.12492116	225884.225	231016.35	225884.225	236173.696	10289.4713	5089.64533	0	49.4	683843	0	0	3
215	112	0	2.1348507	225799.005	230812.925	225799.005	235975.273	10176.2675	5089.64533	0	50	683372	0	0	3
216	113	0	2.14478024	225698.282	230611.415	225698.282	235756.152	10057.8702	5089.64533	0	50.6	682624	0	0	3
217	113	0	2.15470978	225602.894	230412.332	225602.894	235532.966	9930.07227	5089.64533	0	51.2	682223	0	0	3
218	114	0	2.16463931	225498.286	230215.573	225498.286	235303.109	9804.82363	5089.64533	0	51.9	683168	0	0	3
219	114	0	2.17456885	225408.26	230021.556	225408.26	235085.491	9677.23107	5089.64533	0	52.5	684276	0	0	3
220	115	0	2.18449839	225323.992	229830.155	225323.992	234844.74	9520.74779	5089.64533	0	53.4	684878	0	0	3
221	115	0	2.19442793	225270.521	229642.425	225270.521	234618.732	9348.21133	5089.64533	0	54.4	685028	0	0	3
222	116	0	2.20435747	225228.267	229458.298	225228.267	234396.397	9168.13024	5089.64533	0	55.5	684819	0	0	3
223	116	0	2.214287	225180.837	229277.601	225180.837	234127.747	8946.90997	5089.64533	0	56.8	684247	0	0	3
224	117	0	2.22421654	225097.92	229100.545	225097.92	233853.757	8755.83682	5089.64533	0	58.1	683418	0	0	3
225	117	0	2.23414608	224981.866	228926.587	224981.866	233591.858	8609.99168	5089.64533	0	59.1	682984	0	0	3
226	118	0	2.24407562	224863.483	228755.442	224863.483	233328.184	8464.70073	5089.64533	0	60.1	682557	0	0	3
227	118	0	2.25400516	224756.684	228587.373	224756.684	233136.459	8379.77462	5089.64533	0	60.7	682667	0	0	3
228	119	0	2.26393469	224652.575	228421.023	224652.575	232963.103	8310.52808	5089.64533	0	61.2	683846	0	0	3
229	119	0	2.27386423	224561.883	228256.293	224561.883	232820.139	8258.25607	5089.64533	0	61.6	684460	0	0	3
230	120	0	2.28379377	224484.553	228092.85	224484.553	232682.21	8197.65727	5089.64533	0	62	684497	0	0	3
231	120	0	2.29372331	224422.925	227930.903	224422.925	232561.114	8138.189	5089.64533	0	62.5	684028	0	0	3
232	121	0	2.30365285	224385.614	227770.599	224385.614	232463.236	8077.62265	5089.64533	0	63	683855	0	0	3
233	121	0	2.31358239	224332.045	227611.164	224332.045	232367.477	8035.43199	5089.64533	0	63.3	684167	0	0	3
234	122	0	2.32351192	224280.805	227452.602	224280.805	232268.464	7987.65889	5089.64533	0	63.7	683753	0	0	3
235	122	0	2.33344146	224218.022	227294.75	224218.022	232194.069	7976.04681	5089.64533	0	63.8	683592	0	0	3
236	122	0	2.343371	224176.582	227137.545	224176.582	232105.721	7929.139	5089.64533	0	64.1	683129	0	0	3
237	123	0	2.35330054	224134.337	226981.243	224134.337	231998.203	7863.86581	5089.64533	0	64.7	683679	0	0	3
238	123	0	2.36323008	224089.682	226826.174	224089.682	231848.653	7758.9702	5089.64533	0	65.5	684123	0	0	3
239	124	0	2.37315961	224021.51	226672.701	224021.51	231654.543	7633.03212	5089.64533	0	66.6	684510	0	0	3
240	124	0	2.38308915	223973.527	226522.092	223973.527	231452.654	7479.12742	5089.64533	0	68	684554	0	0	3
241	125	0	2.39301869	223905.924	226374.117	223905.924	231250.432	7344.50827	5089.64533	0	69.2	684574	0	0	3
242	125	0	2.40294823	223849.09	226228.993	223849.09	231031.735	7182.64532	5089.64533	0	70.8	684370	0	0	3
243	126	0	2.41287777	223788.94	226086.977	223788.94	230803.924	7014.98429	5089.64533	0	72.5	684126	0	0	3
244	126	0	2.4228073	223702.3	225947.73	223702.3	230527.504	6825.20476	5089.64533	0	74.5	683514	0	0	3
245	127	0	2.43273684	223625.214	225812.391	223625.214	230102.717	6477.50322	5089.64533	0	78.5	683088	0	0	3
246	127	0	2.44266638	223506.763	225683.058	223506.763	229865.732	6358.96895	5089.64533	0	80	683804	0	0	3
247	128	0	2.45259592	223407.269	225556.422	223407.269	229524.62	6117.35076	5089.64533	0	83.2	684121	0	0	3
248	128	0	2.46252546	223290.182	225434.178	223290.182	229140.636	5850.45415	5089.64533	0	86.9	684712	0	0	3
249	129	0	2.472455	223181	225317.322	223181	228914.985	5733.98581	5089.64533	0	88.7	684286	0	0	3
250	129	0	2.48238453	223064.346	225202.604	223064.346	228602.061	5537.71474	5089.64533	0	91.9	684164	0	0	3
251	130	0	2.49231407	222931.274	225091.412	222931.274	228414.199	5482.92554	5089.64533	0	92.8	683749	0	0	3
252	130	0	2.50224361	222826.932	224981.858	222826.932	228249.165	5422.23342	5089.64533	0	93.8	683135	0	0	3
253	130	0	2.51217315	222717.518	224873.394	222717.518	228065.445	5347.92765	5089.64533	0	95.1	682358	0	0	3
254	131	0	2.52210269	222560.764	224765.459	222560.764	227699.4	5138.63584	5089.64533	0	99	683252	0	0	3
255	131	0	2.53203222	222409.286	224661.731	222409.286	227461.668	5052.38162	5089.64533	0	100	684066	0	0	3
256	132	0	2.54196176	222290.172	224560.33	222290.172	227077.884	4787.71205	5089.64533	0	100	684487	0	0	3
257	132	0	2.5518913	222167.643	224464.05	222167.643	226798.292	4630.64907	5089.64533	0	100	684702	0	0	3
258	133	0	2.56182084	222056.447	224371.073	222056.447	226567.423	4510.9758	5089.64533	0	100	684487	0	0	3
259	133	0	2.57175038	221931.62	224280.175	221931.62	226399.812	4468.19166	5089.64533	0	100	683996	0	0	3
260	134	0	2.58167991	221797.302	224189.93	221797.302	226245.088	4447.78686	5089.64533	0	100	683246	0	0	3
261	134	0	2.59160945	221604.574	224098.939	221604.574	226123.768	4519.19431	5089.64533	0	100	682849	0	0	3
262	135	0	2.60153899	221395.558	224006.229	221395.558	226024.257	4628.69898	5089.64533	0	100	683769	0	0	3
263	135	0	2.61146853	221208.237	223911.797	221208.237	225954.727	4746.49	5089.64533	0	100	684807	0	0	3
264	136	0	2.62139807	221000.312	223814.652	221000.312	225884.225	4883.91244	5089.64533	0	100	685163	0	0	3
265	136	0	2.63132761	220787.816	223714.722	220787.816	225799.005	5011.18961	5089.64533	0	100	685379	0	0	3
266	136	0	2.64125714	220563.616	223612.068	220563.616	225698.282	5134.66571	5089.64533	0	99.1	685236	0	0	3
267	137	0	2.65118668	220375.531	223507.7	220375.531	225602.894	5227.36308	5089.64533	0	97.3	684802	0	0	3
268	137	0	2.66111622	220183.587	223401.439	220183.587	225498.286	5314.69823	5089.64533	0	95.7	684167	0	0	3
269	138	0	2.67104576	219965.757	223292.958	219965.757	225408.26	5442.50316	5089.64533	0	93.5	683386	0	0	3
270	138	0	2.6809753	219722.469	223181.472	219722.469	225323.992	5601.52301	5089.64533	0	90.8	683820	0	0	3
271	139	0	2.69090483	219477.617	223066.837	219477.617	225270.521	5792.90377	5089.64533	0	87.8	684788	0	0	3
272	139	0	2.70083437	219214.91	222948.1	219214.91	225228.267	6013.35648	5089.64533	0	84.6	685407	0	0	3
273	140	0	2.71076391	218919.289	222824.394	218919.289	225180.837	6261.54773	5089.64533	0	81.2	685870	0	0	3
274	140	0	2.72069345	218623.713	222695.823	218623.713	225097.92	6404.72201	5089.64533	0	79.4	685930	0	0	3
275	141	0	2.73062299	218319.821	222562.919	218319.821	224981.866	6363.66727	5089.64533	0	79.9	685670	0	0	3
276	141	0	2.74055252	217972.929	222425.489	217972.929	224863.483	6329.95281	5089.64533	0	80.4	685185	0	0	3
277	142	0	2.75048206	217624.87	222283.556	217624.87	224756.684	6303.81778	5089.64533	0	80.7	684486	0	0	3
278	142	0	2.7604116	217246.004	222136.287	217246.004	224652.575	6284.73536	5089.64533	0	80.9	683988	0	0	3
279	142	0	2.77034114	216873.315	221983.753	216873.315	224561.883	6272.54007	5089.64533	0	81.1	684824	0	0	3
280	143	0	2.78027068	216507.546	221825.825	216507.546	224484.553	6267.0254	5089.64533	0	81.2	685851	0	0	3
281	143	0	2.79020022	216111.045	221661.638	216111.045	224422.925	6269.26504	5089.64533	0	81.1	686129	0	0	3
282	144	0	2.80012975	215682.206	221490.252	215682.206	224385.614	6280.34775	5089.64533	0	81	686361	0	0	3
283	144	0	2.81005929	215282.828	221311.766	215282.828	224332.045	6299.39861	5089.64533	0	80.7	686289	0	0	3
284	145	0	2.81998883	214858.344	221126.007	214858.344	224280.805	6326.59525	5089.64533	0	80.4	685983	0	0	3
285	145	0	2.82991837	214414.411	220932.548	214414.411	224218.022	6362.20216	5089.64533	0	79.9	685421	0	0	3
286	146	0	2.83984791	213867.527	220729.597	213867.527	224176.582	6407.94741	5089.64533	0	79.4	684643	0	0	3
287	146	0	2.84977744	213321.782	220516.758	213321.782	224134.337	6464.48498	5089.64533	0	78.7	684945	0	0	3
288	147	0	2.85970698	212757.429	220293.681	212757.429	224089.682	6532.49258	5089.64533	0	77.9	685477	0	0	3
289	147	0	2.86963652	212176.472	220060.089	212176.472	224021.51	6612.61156	5089.64533	0	76.9	686269	0	0	3
290	148	0	2.87956606	211571.984	219815.981	211571.984	223973.527	6706.11177	5089.64533	0	75.8	686382	0	0	3
291	148	0	2.8894956	210996.854	219561.536	210996.854	223905.924	6812.58125	5089.64533	0	74.7	686389	0	0	3
292	149	0	2.89942514	210405.646	219296.825	210405.646	223849.09	6932.16822	5089.64533	0	73.4	686194	0	0	3
293	149	0	2.90935467	209788.876	219021.134	209788.876	223788.94	7065.84309	5089.64533	0	72	685881	0	0	3
294	149	0	2.91928421	209175.086	218734.588	209175.086	223702.3	7213.14171	5089.64533	0	70.5	685458	0	0	3
295	150	0	2.92921375	208573.588	218437.947	208573.588	223625.214	7374.4441	5089.64533	0	69	684822	0	0	3
296	150	0	2.93914329	208000.201	218131.574	208000.201	223506.763	7551.48446	5089.64533	0	67.3	685457	0	0	3
297	151	0	2.94907283	207499.839	217817.713	207499.839	223407.269	7738.70919	5089.64533	0	65.7	685935	0	0	3
298	151	0	2.95900236	206782.597	217491.739	206782.597	223290.182	7942.43929	5089.64533	0	64	686421	0	0	3
299	152	0	2.9689319	206058.276	217153.858	206058.276	223181	8163.46417	5089.64533	0	62.3	686354	0	0	3
300	152	0	2.97886144	205329.03	216803.82	205329.03	223064.346	8398.78438	5089.64533	0	60.5	686401	0	0	3
301	153	0	2.98879098	204641.872	216442.595	204641.872	222931.274	8648.81746	5089.64533	0	58.8	686123	0	0	3
302	153	0	2.99872052	203929.756	216070.016	203929.756	222826.932	8911.84197	5089.64533	0	57.1	685665	0	0	3
303	154	0	3.00865005	203167.45	215684.536	203167.45	222717.518	9188.85832	5089.64533	0	55.3	684980	0	0	3
304	154	0	3.01857959	202427.345	215286.689	202427.345	222560.764	9478.7699	5089.64533	0	53.6	685341	0	0	3
305	155	0	3.02850913	201693.913	214877.535	201693.913	222409.286	9784.19613	5089.64533	0	52	685745	0	0	3
306	155	0	3.03843867	200988.174	214457.513	200988.174	222290.172	10102.8161	5089.64533	0	50.3	686212	0	0	3
307	156	0	3.04836821	200284.885	214026.037	200284.885	222167.643	10438.013	5089.64533	0	48.7	686328	0	0	3
308	156	0	3.05829775	199563.394	213582.817	199563.394	222056.447	10788.2563	5089.64533	0	47.1	686481	0	0	3
309	157	0	3.06822728	198861.149	213128.007	198861.149	221931.62	11152.1679	5089.64533	0	45.6	686518	0	0	3
310	157	0	3.07815682	198196.533	212662.613	198196.533	221797.302	11527.3165	5089.64533	0	44.1	686487	0	0	3
311	157	0	3.08808636	197489.546	212185.99	197489.546	221604.574	11912.9487	5089.64533	0	42.7	686266	0	0	3
312	158	0	3.0980159	196727.671	211698.208	196727.671	221395.558	12308.0211	5089.64533	0	41.3	685648	0	0	3
313	158	0	3.10794544	196007.181	211200.397	196007.181	221208.237	12711.4006	5089.64533	0	40	685845	0	0	3
314	159	0	3.11787497	195291.386	210692.223	195291.386	221000.312	13122.4288	5089.64533	0	38.7	686380	0	0	3
315	159	0	3.12780451	194576.518	210174.11	194576.518	220787.816	13540.6128	5089.64533	0	37.5	687043	0	0	3
316	160	0	3.13773405	193878.559	209646.477	193878.559	220563.616	13965.5906	5089.64533	0	36.4	687407	0	0	3
317	160	0	3.14766359	193216.215	209110.253	193216.215	220375.531	14397.4465	5089.64533	0	35.3	687589	0	0	3
318	161	0	3.15759313	192588.008	208565.4	192588.008	220183.587	14836.039	5089.64533	0	34.3	687385	0	0	3
319	161	0	3.16752266	192000.332	208012.787	192000.332	219965.757	15280.1709	5089.64533	0	33.3	686794	0	0	3
320	162	0	3.1774522	191422.949	207453.124	191422.949	219722.469	15728.3477	5089.64533	0	32.3	685902	0	0	3
321	162	0	3.18738174	190950.526	206888.969	190950.526	219477.617	16177.8686	5089.64533	0	31.4	685708	0	0	3
322	163	0	3.19731128	190476.723	206320.324	190476.723	219214.91	16627.7761	5089.64533	0	30.6	686734	0	0	3
323	163	0	3.20724082	190055.772	205748.576	190055.772	218919.289	17075.8185	5089.64533	0	29.8	687428	0	0	3
324	164	0	3.21717036	189666.966	205175.001	189666.966	218623.713	17520.8224	5089.64533	0	29	687707	0	0	3
325	164	0	3.22709989	189310.355	204600.229	189310.355	218319.821	17962.6902	5089.64533	0	28.3	687640	0	0	3
326	164	0	3.23702943	188910.499	204023.576	188910.499	217972.929	18401.9135	5089.64533	0	27.6	687164	0	0	3
327	165	0	3.24695897	188528.16	203446.227	188528.16	217624.87	18837.3283	5089.64533	0	27	686426	0	0	3
328	165	0	3.25688851	188189.465	202869.063	188189.465	217246.004	19267.2249	5089.64533	0	26.4	685960	0	0	3
329	166	0	3.26681805	187889.884	202293.452	187889.884	216873.315	19690.3005	5089.64533	0	25.8	685576	0	0	3
330	166	0	3.27674758	187650.676	201720.459	187650.676	216507.546	20105.3653	5089.64533	0	25.3	686565	0	0	3
331	167	0	3.28667712	187480.238	201151.297	187480.238	216111.045	20510.3417	5089.64533	0	24.8	687351	0	0	3
332	167	0	3.29660666	187361.225	200587.575	187361.225	215682.206	20902.6771	5089.64533	0	24.3	687649	0	0	3
333	168	0	3.3065362	187326.391	200031.578	187326.391	215282.828	21280.1875	5089.64533	0	23.9	687523	0	0	3
334	168	0	3.31646574	187387.104	199484.603	187326.391	214858.344	21641.4036	5089.64533	0	23.5	687294	0	0	3
335	169	0	3.32639527	187391.521	198946.038	187326.391	214414.411	21986.5101	5089.64533	0	23.1	687114	0	0	3
336	169	0	3.33632481	187321.031	198414.795	187321.031	213867.527	22314.8019	5089.64533	0	22.8	686729	0	0	3
337	169	0	3.34625435	187280.985	197893.491	187280.985	213321.782	22623.2675	5089.64533	0	22.4	686058	0	0	3
338	170	0	3.35618389	187299.428	197383.248	187280.985	212757.429	22910.4331	5089.64533	0	22.2	686822	0	0	3
339	170	0	3.36611343	187396.669	196885.978	187280.985	212176.472	23174.1105	5089.64533	0	21.9	687545	0	0	3
340	171	0	3.37604297	187525.066	196402.618	187280.985	211571.984	23413.3631	5089.64533	0	21.7	687778	0	0	3
341	171	0	3.3859725	187677.122	195934.091	187280.985	210996.854	23627.4452	5089.64533	0	21.5	687859	0	0	3
342	172	0	3.39590204	187862.596	195480.478	187280.985	210405.646	23124.6606	5089.64533	0	22	687889	0	0	3
343	172	0	3.40583158	187999.876	195041.149	187280.985	209788.876	22507.8914	5089.64533	0	22.6	687682	0	0	3
344	173	0	3.41576112	188079.747	194615.48	187280.985	209175.086	21894.1007	5089.64533	0	23.2	687115	0	0	3
345	173	0	3.42569066	188154.752	194203.317	187280.985	208573.588	21292.6026	5089.64533	0	23.9	686280	0	0	3
346	174	0	3.43562019	188272.953	193805.265	187280.985	208000.201	20719.2155	5089.64533	0	24.5	687027	0	0	3
347	174	0	3.44554973	188426.626	193421.469	187280.985	207499.839	20218.8542	5089.64533	0	25.1	687617	0	0	3
348	175	0	3.45547927	188615.148	193051.181	187280.985	206782.597	19501.6116	5089.64533	0	26	688040	0	0	3
349	175	0	3.46540881	188827.324	192699.117	187280.985	206058.276	18777.2914	5089.64533	0	27.1	688234	0	0	3
350	176	0	3.47533835	189029.993	192365.229	187280.985	205329.03	18048.0448	5089.64533	0	28.2	688071	0	0	3
351	176	0	3.48526788	189340.631	192051.731	187280.985	204641.872	17360.8868	5089.64533	0	29.3	687678	0	0	3
352	176	0	3.49519742	189651.195	191757.796	187280.985	203929.756	16648.7706	5089.64533	0	30.5	687082	0	0	3
353	177	0	3.50512696	189986.225	191484.394	187280.985	203167.45	15886.4654	5089.64533	0	32	686218	0	0	3
354	177	0	3.5150565	190344.469	191232.963	187280.985	202427.345	15146.3604	5089.64533	0	33.6	686940	0	0	3
355	178	0	3.52498604	190721.856	191003.443	187280.985	201693.913	14412.9277	5089.64533	0	35.3	687960	0	0	3
356	178	0	3.53491558	191142.46	190796.552	187280.985	200988.174	13707.1889	5089.64533	0	37.1	688693	0	0	3
357	179	0	3.54484511	191570.547	190611.893	187280.985	200284.885	13003.8998	5089.64533	0	39.1	688922	0	0	3
358	179	0	3.55477465	192002.5	190449.493	187280.985	199563.394	12282.4094	5089.64533	0	41.4	688692	0	0	3
359	180	0	3.56470419	192424.917	190309.523	187280.985	198861.149	11580.1634	5089.64533	0	43.9	688079	0	0	3
360	180	0	3.57463373	192845.004	190191.559	187280.985	198196.533	10915.5481	5089.64533	0	46.6	687311	0	0	3
361	181	0	3.58456327	193312.606	190095.796	187280.985	197489.546	10208.5604	5089.64533	0	49.8	686409	0	0	3
362	181	0	3.5944928	193695.872	190021.41	187280.985	196727.671	9446.68603	5089.64533	0	53.8	687422	0	0	3
363	181	0	3.60442234	194040.292	189968.717	187280.985	196007.181	8726.19582	5089.64533	0	58.3	688554	0	0	3
364	182	0	3.61435188	194356.964	189936.359	187280.985	195291.386	8010.40075	5089.64533	0	63.5	689204	0	0	3
365	182	0	3.62428142	194685.045	189924.47	187280.985	194685.045	7404.05944	5089.64533	0	68.7	689284	0	0	3
366	183	0	3.63421096	194994.597	189932.668	187280.985	194994.597	7713.61193	5089.64533	0	65.9	688922	0	0	3
367	183	0	3.6441405	195346.19	189961.445	187280.985	195346.19	8065.2048	5089.64533	0	63.1	688223	0	0	3
368	184	0	3.65407003	195728.526	190010.706	187280.985	195728.526	8447.54087	5089.64533	0	60.2	687452	0	0	3
369	184	0	3.66399957	196134.925	190080.253	187280.985	196134.925	8853.94004	5089.64533	0	57.4	686670	0	0	3
370	185	0	3.67392911	196527.433	190169.02	187280.985	196527.433	9246.44789	5089.64533	0	55	687432	0	0	3
371	185	0	3.68385865	196940.136	190277.2	187280.985	196940.136	9659.15094	5089.64533	0	52.6	688560	0	0	3
372	186	0	3.69378819	197303.635	190401.771	187280.985	197303.635	10022.6501	5089.64533	0	50.7	689134	0	0	3
373	186	0	3.70371772	197752.23	190544.428	187280.985	197752.23	10471.245	5089.64533	0	48.6	689158	0	0	3
374	187	0	3.71364726	198155.367	190703.244	187280.985	198155.367	10874.3822	5089.64533	0	46.8	688792	0	0	3
375	187	0	3.7235768	198514.043	190876.716	187280.985	198514.043	11233.0575	5089.64533	0	45.3	688432	0	0	3
376	188	0	3.73350634	198873.439	191064.227	187280.985	198873.439	11592.4541	5089.64533	0	43.9	688077	0	0	3
377	188	0	3.74343588	199264.865	191267.254	187280.985	199264.865	11983.8799	5089.64533	0	42.4	687487	0	0	3
378	189	0	3.75336541	199548.52	191483.339	187280.985	199548.52	12267.535	5089.64533	0	41.4	687207	0	0	3
379	189	0	3.76329495	199903.326	191713.023	187280.985	199903.326	12368.982	5089.64533	0	41.1	688253	0	0	3
380	190	0	3.77322449	200208.208	191954.559	187280.985	200208.208	11795.9891	5089.64533	0	43.1	688874	0	0	3
381	190	0	3.78315403	200589.322	192208.258	187280.985	200589.322	11226.8262	5089.64533	0	45.3	689026	0	0	3
382	191	0	3.79308357	200933.423	192472.046	187280.985	200933.423	10663.1042	5089.64533	0	47.7	689139	0	0	3
383	191	0	3.80301311	201156.715	192742.545	187280.985	201156.715	10107.1078	5089.64533	0	50.3	689169	0	0	3
384	191	0	3.81294264	201344.266	193017.406	187280.985	201344.266	9560.13286	5089.64533	0	53.2	688832	0	0	3
385	192	0	3.82287218	201563.419	193295.373	187280.985	201563.419	9021.56769	5089.64533	0	56.4	688337	0	0	3
386	192	0	3.83280172	201744.621	193576.806	187280.985	201744.621	8490.32496	5089.64533	0	59.9	687997	0	0	3
387	193	0	3.84273126	201962.468	193863.893	187280.985	201962.468	7969.02021	5089.64533	0	63.8	688193	0	0	3
388	193	0	3.8526608	202239.302	194157.193	187299.428	202239.302	7458.77798	5089.64533	0	68.2	688936	0	0	3
389	194	0	3.86259033	202477.739	194454.807	187396.669	202477.739	6961.50818	5089.64533	0	73.1	689237	0	0	3
390	194	0	3.87251987	202761.467	194756.078	187525.066	202761.467	6478.14728	5089.64533	0	78.5	689423	0	0	3
391	195	0	3.88244941	203008.146	195059.668	187677.122	203008.146	6009.62059	5089.64533	0	84.6	689528	0	0	3
392	195	0	3.89237895	203224.688	195364.522	187862.596	203224.688	5556.00769	5089.64533	0	91.6	689277	0	0	3
393	196	0	3.90230849	203256.091	195666.355	187999.876	203256.091	5741.88477	5089.64533	0	88.6	689014	0	0	3
394	196	0	3.91223802	203521.03	195970.691	188079.747	203521.03	6046.22113	5089.64533	0	84.1	688921	0	0	3
395	197	0	3.92216756	203635.106	196275.698	188154.752	203635.106	6351.22816	5089.64533	0	80.1	688698	0	0	3
396	197	0	3.9320971	203787.985	196582.232	188272.953	203787.985	6657.76214	5089.64533	0	76.4	689245	0	0	3
397	197	0	3.94202664	204008.437	196890.771	188426.626	204008.437	6966.30105	5089.64533	0	73	689560	0	0	3
398	198	0	3.95195618	204236.773	197200.774	188615.148	204236.773	7276.30394	5089.64533	0	69.9	689763	0	0	3
399	198	0	3.96188572	204190.809	197506.179	188827.324	204236.773	7581.70904	5089.64533	0	67.1	689704	0	0	3
400	199	0	3.97181525	204334.128	197810.234	189029.993	204334.128	7885.76402	5089.64533	0	64.5	689885	0	0	3
401	199	0	3.98174479	204500.15	198113.571	189340.631	204500.15	8189.10044	5089.64533	0	62.1	689789	0	0	3
402	200	0	3.99167433	204700.747	198414.749	189651.195	204700.747	8490.27918	5089.64533	0	59.9	689573	0	0	3
403	200	0	4.00160387	204855.983	198712.883	189986.225	204855.983	8788.41226	5089.64533	0	57.9	689371	0	0	3
404	201	0	4.01153341	205062.008	199008.486	190344.469	205062.008	9084.01586	5089.64533	0	56	689704	0	0	3
405	201	0	4.02146294	204639.882	199288.788	190721.856	205062.008	9364.31807	5089.64533	0	54.3	689670	0	0	3
406	202	0	4.03139248	204845.12	199565.715	191142.46	205062.008	9641.24483	5089.64533	0	52.7	689826	0	0	3
407	202	0	4.04132202	204882.079	199835.119	191570.547	205062.008	9910.64914	5089.64533	0	51.3	690129	0	0	3
408	203	0	4.05125156	205100.358	200100.41	192002.5	205100.358	10175.9396	5089.64533	0	50	690280	0	0	3
409	203	0	4.0611811	205342.835	200361.985	192424.917	205342.835	10437.5148	5089.64533	0	48.7	690233	0	0	3
410	204	0	4.07111063	205092.11	200610.361	192845.004	205342.835	10685.8911	5089.64533	0	47.6	690056	0	0	3
411	204	0	4.08104017	205125.065	200851.147	193312.606	205342.835	10926.6766	5089.64533	0	46.5	689794	0	0	3
412	205	0	4.09096971	205453.975	201089.213	193695.872	205453.975	11164.7427	5089.64533	0	45.5	689609	0	0	3
413	205	0	4.10089925	205083.972	201312.509	194040.292	205453.975	11388.0387	5089.64533	0	44.6	690296	0	0	3
414	206	0	4.11082879	205104.105	201529.447	194356.964	205453.975	11097.0113	5089.64533	0	45.8	690060	0	0	3
415	206	0	4.12075833	205673.78	201751.345	194685.045	205673.78	10988.7352	5089.64533	0	46.3	690264	0	0	3
416	206	0	4.13068786	206253.798	201978.183	194994.597	206253.798	11259.2008	5089.64533	0	45.2	690473	0	0	3
417	207	0	4.1406174	206039.14	202194.743	195346.19	206253.798	10907.6079	5089.64533	0	46.6	690537	0	0	3
418	207	0	4.15054694	206533.836	202414.108	195728.526	206533.836	10805.3101	5089.64533	0	47.1	690298	0	0	3
419	208	0	4.16047648	206487.893	202625.076	196134.925	206533.836	10398.9109	5089.64533	0	48.9	689958	0	0	3
420	208	0	4.17040602	207083.815	202839.761	196527.433	207083.815	10556.3818	5089.64533	0	48.2	689557	0	0	3
421	209	0	4.18033555	207453.203	203053.991	196940.136	207453.203	10513.0672	5089.64533	0	48.4	690167	0	0	3
422	209	0	4.19026509	205599.789	203223.788	197303.635	207453.203	10149.568	5089.64533	0	50.1	689969	0	0	3
423	210	0	4.20019463	206398.953	203402.128	197752.23	207453.203	9700.97313	5089.64533	0	52.4	690214	0	0	3
424	210	0	4.21012417	206123.442	203566.269	198155.367	207453.203	9297.83602	5089.64533	0	54.7	690649	0	0	3
425	211	0	4.22005371	206499.213	203729.874	198514.043	207453.203	8939.16062	5089.64533	0	56.9	690799	0	0	3
426	211	0	4.22998325	207099.449	203898.216	198873.439	207453.203	8579.76406	5089.64533	0	59.3	690564	0	0	3
427	212	0	4.23991278	205887.367	204035.744	199264.865	207453.203	8188.33829	5089.64533	0	62.1	690150	0	0	3
428	212	0	4.24984232	206321.256	204174.104	199548.52	207453.203	7904.68321	5089.64533	0	64.3	689779	0	0	3
429	213	0	4.25977186	207100.659	204322.185	199903.326	207453.203	7549.87732	5089.64533	0	67.4	689310	0	0	3
430	213	0	4.2697014	206640.282	204454.283	200208.208	207453.203	7244.99576	5089.64533	0	70.2	689446	0	0	3
431	214	0	4.27963094	207381.516	204594.936	200589.322	207453.203	6863.88153	5089.64533	0	74.1	690228	0	0	3
432	214	0	4.28956047	206525.227	204711.326	200933.423	207453.203	6519.7803	5089.64533	0	78	690824	0	0	3
433	215	0	4.29949001	206375.265	204818.029	201156.715	207453.203	6296.48842	5089.64533	0	80.8	691039	0	0	3
434	215	0	4.30941955	206134.398	204915.63	201344.266	207453.203	6108.9377	5089.64533	0	83.3	690870	0	0	3
435	216	0	4.31934909	206627.295	205019.219	201563.419	207453.203	5889.78441	5089.64533	0	86.4	690562	0	0	3
436	216	0	4.32927863	207362.596	205132.929	201744.621	207453.203	5708.58182	5089.64533	0	89.1	690158	0	0	3
437	217	0	4.33920816	205735.046	205211.172	201962.468	207453.203	5490.7357	5089.64533	0	92.6	689453	0	0	3
438	217	0	4.3491377	205982.394	205289.994	202239.302	207453.203	5213.90094	5089.64533	0	97.6	689536	0	0	3
439	218	0	4.35906724	207431.416	205391.8	202477.739	207453.203	4975.46467	5089.64533	0	100	690113	0	0	3
440	218	0	4.36899678	208683.911	205513.49	202761.467	208683.911	5922.44398	5089.64533	0	85.9	690845	0	0	3
441	219	0	4.37892632	204763.886	205552.753	203008.146	208683.911	5675.76493	5089.64533	0	89.6	691116	0	0	3
442	219	0	4.38885586	203832.339	205568.914	203224.688	208683.911	5459.22298	5089.64533	0	93.2	691025	0	0	3
443	220	0	4.39878539	205098.92	205605.663	203256.091	208683.911	5427.82085	5089.64533	0	93.7	690837	0	0	3
444	220	0	4.40871493	206846.874	205676.071	203521.03	208683.911	5162.881	5089.64533	0	98.5	690399	0	0	3
445	221	0	4.41864447	205182.307	205708.645	203635.106	208683.911	5048.80591	5089.64533	0	100	689755	0	0	3
446	221	0	4.42857401	206437.885	205763.601	203787.985	208683.911	4895.92607	5089.64533	0	100	689796	0	0	3
447	221	0	4.43850355	206778.802	205822.245	203832.339	208683.911	4851.57261	5089.64533	0	100	690434	0	0	3
448	222	0	4.44843308	204186.429	205825.735	203832.339	208683.911	4851.57261	5089.64533	0	100	690688	0	0	3
449	223	0	4.45836262	204614.871	205833.149	203832.339	208683.911	4851.57261	5089.64533	0	100	691091	0	0	3
450	223	0	4.46829216	203392.376	205817.493	203392.376	208683.911	5291.53546	5089.64533	0	96.1	691077	0	0	3
451	224	0	4.4782217	202074.981	205773.196	202074.981	208683.911	6608.93068	5089.64533	0	77	690791	0	0	3
452	224	0	4.48815124	203635.7	205756.246	202074.981	208683.911	6608.93068	5089.64533	0	77	690336	0	0	3
453	225	0	4.49808077	205521.218	205772.334	202074.981	208683.911	6608.93068	5089.64533	0	77	689732	0	0	3
454	225	0	4.50801031	202658.251	205729.241	202074.981	208683.911	6608.93068	5089.64533	0	77	689513	0	0	3
455	226	0	4.51793985	200854.707	205646.745	200854.707	208683.911	6544.36024	5089.64533	0	77.7	689829	0	0	3
456	226	0	4.52786939	202484.468	205604.482	200854.707	208683.911	6267.43348	5089.64533	0	81.2	690438	0	0	3
457	227	0	4.53779893	202521.531	205558.921	200854.707	208683.911	5998.02918	5089.64533	0	84.8	690922	0	0	3
458	227	0	4.54772847	203429.951	205530.448	200854.707	208683.911	5732.73876	5089.64533	0	88.7	690949	0	0	3
459	228	0	4.557658	200702.284	205444.211	200702.284	208683.911	5471.16355	5089.64533	0	93	690572	0	0	3
460	228	0	4.56758754	198402.058	205308.118	198402.058	208683.911	5222.78722	5089.64533	0	97.4	690095	0	0	3
461	229	0	4.57751708	197306.725	205155.463	197306.725	208683.911	4982.0017	5089.64533	0	100	689496	0	0	3
462	229	0	4.58744662	197061.506	204997.354	197061.506	208683.911	4743.93564	5089.64533	0	100	689875	0	0	3
463	230	0	4.59737616	197523.598	204841.857	197061.506	208683.911	4520.63957	5089.64533	0	100	690333	0	0	3
464	230	0	4.60730569	198422.325	204711.236	197061.506	208683.911	4303.70206	5089.64533	0	100	690236	0	0	3
465	231	0	4.61723523	196914.289	204550.651	196914.289	208683.911	4081.80371	5089.64533	0	100	690613	0	0	3
466	231	0	4.62716477	198648.061	204412.892	196914.289	208683.911	3854.96541	5089.64533	0	100	690593	0	0	3
467	232	0	4.63709431	195759.358	204207.119	195759.358	208683.911	3638.40575	5089.64533	0	100	690185	0	0	3
468	232	0	4.64702385	195099.739	203992.621	195099.739	208683.911	3419.04014	5089.64533	0	100	689602	0	0	3
469	233	0	4.65695338	192891.657	203725.127	192891.657	208683.911	3208.07215	5089.64533	0	100	689224	0	0	3
470	233	0	4.66688292	191054.739	203422.516	191054.739	208683.911	2993.38804	5089.64533	0	100	689853	0	0	3
471	234	0	4.67681246	188651.53	203061.099	188651.53	208683.911	2779.15725	5089.64533	0	100	690271	0	0	3
472	234	0	4.686742	187187.889	202663.74	187187.889	208683.911	3169.40886	5089.64533	0	100	690301	0	0	3
473	235	0	4.69667154	191045.217	202378.356	187187.889	208683.911	3454.79262	5089.64533	0	100	690354	0	0	3
474	235	0	4.70660108	190210.993	202060.945	187187.889	208683.911	3772.2036	5089.64533	0	100	690300	0	0	3
475	236	0	4.71653061	191665.712	201777.46	187187.889	208683.911	4055.68851	5089.64533	0	100	689851	0	0	3
476	237	0	4.72646015	186642.255	201388.108	186642.255	208683.911	4445.04064	5089.64533	0	100	689462	0	0	3
477	237	0	4.73638969	185027.94	200955.333	185027.94	208683.911	4877.81533	5089.64533	0	100	689172	0	0	3
478	238	0	4.74631923	183899.727	200524.203	183899.727	208683.911	5308.94553	5089.64533	0	95.8	689537	0	0	3
479	238	0	4.75624877	182216.376	200051.558	182216.376	208683.911	5781.59024	5089.64533	0	88	690059	0	0	3
480	238	0	4.7661783	183065.915	199580.289	182216.376	208683.911	6252.85972	5089.64533	0	81.3	690153	0	0	3
481	239	0	4.77610784	179378.007	199045.735	179378.007	208683.911	6787.41412	5089.64533	0	74.9	690081	0	0	3
482	240	0	4.78603738	174641.819	198403.78	174641.819	208683.911	7429.36896	5089.64533	0	68.5	689937	0	0	3
483	240	0	4.79596692	172141.327	197729.586	172141.327	208683.911	8103.56308	5089.64533	0	62.8	689627	0	0	3
484	241	0	4.80589646	170937.987	197034.737	170937.987	208683.911	8798.41167	5089.64533	0	57.8	689564	0	0	3
485	241	0	4.81582599	169438.295	196315.206	169438.295	208683.911	9517.94311	5089.64533	0	53.4	689239	0	0	3
486	242	0	4.82575553	169931.324	195595.677	169438.295	208683.911	10237.472	5089.64533	0	49.7	689024	0	0	3
487	242	0	4.83568507	165389.106	194772.667	165389.106	208683.911	11060.4816	5089.64533	0	46	689601	0	0	3
488	242	0	4.84561461	162768.449	193930.185	162768.449	208683.911	11902.9639	5089.64533	0	42.7	689829	0	0	3
489	243	0	4.85554415	160795.607	193044.169	160795.607	208683.911	12788.9793	5089.64533	0	39.7	689767	0	0	3
490	243	0	4.86547369	162566.283	192164.461	160795.607	208683.911	13668.6878	5089.64533	0	37.2	689626	0	0	3
491	244	0	4.87540322	160000.18	191209.878	160000.18	206846.874	14623.2708	5089.64533	0	34.8	689632	0	0	3
492	244	0	4.88533276	158777.398	190308.182	158777.398	206846.874	15524.9666	5089.64533	0	32.7	689384	0	0	3
493	245	0	4.8952623	156016.233	189370.611	156016.233	206846.874	16462.5373	5089.64533	0	30.9	688900	0	0	3
494	245	0	4.90519184	152067.939	188330.788	152067.939	206846.874	17502.3605	5089.64533	0	29	688867	0	0	3
495	246	0	4.91512138	147994.718	187176.824	147994.718	206778.802	18656.3243	5089.64533	0	27.2	689202	0	0	3
496	246	0	4.92505091	143985.567	185976.888	143985.567	206778.802	19856.2604	5089.64533	0	25.6	689141	0	0	3
497	247	0	4.93498045	139925.198	184672.718	139925.198	206778.802	21160.4307	5089.64533	0	24	689076	0	0	3
498	247	0	4.94490999	137812.138	183320.43	137812.138	205521.218	22512.7182	5089.64533	0	22.6	688948	0	0	3
499	248	0	4.95483953	134891.983	181961.716	134891.983	205521.218	23871.4329	5089.64533	0	21.3	688762	0	0	3
500	248	0	4.96476907	135402.661	180604.614	134891.983	205521.218	25212.8795	5089.64533	0	20.1	688361	0	0	3
501	249	0	4.97469861	133618.852	179236.505	133618.852	205521.218	26536.6908	5089.64533	0	19.1	687669	0	0	3
502	250	0	4.98462814	130682.572	177836.654	130682.572	205521.218	27935.6796	5089.64533	0	18.2	687550	0	0	3
503	250	0	4.99455768	127525.042	176344.288	127525.042	205521.218	29428.0454	5089.64533	0	17.2	687506	0	0	3
504	251	0	5.00448722	124324.747	174752.201	124324.747	203429.951	30977.0403	5089.64533	0	16.4	687863	0	0	3
505	251	0	5.01441676	121466.744	173160.21	121466.744	203429.951	32486.5345	5089.64533	0	15.6	687780	0	0	3
506	252	0	5.0243463	119316.035	171561.413	119316.035	203429.951	34043.069	5089.64533	0	14.9	687485	0	0	3
507	252	0	5.03427583	117434.17	169893.76	117434.17	203429.951	35665.1613	5089.64533	0	14.2	686989	0	0	3
508	253	0	5.04420537	115573.249	168188.892	115573.249	203429.951	37341.5565	5089.64533	0	13.6	686408	0	0	3
509	253	0	5.05413491	113900.923	166433.421	113900.923	200702.284	39010.7909	5089.64533	0	13	686571	0	0	3
510	254	0	5.06406445	112326.254	164700.557	112326.254	198648.061	40607.5605	5089.64533	0	12.5	687314	0	0	3
511	254	0	5.07399399	111371.97	162994.085	111371.97	198648.061	42161.3783	5089.64533	0	12	687753	0	0	3
512	255	0	5.08392352	110433.289	161290.684	110433.289	198648.061	43706.67	5089.64533	0	11.6	687791	0	0	3
513	255	0	5.09385306	109376.235	159571.365	109376.235	198648.061	45270.4914	5089.64533	0	11.2	687565	0	0	3
514	256	0	5.1037826	108361.819	157823.095	108361.819	198648.061	46888.141	5089.64533	0	10.8	687490	0	0	3
515	256	0	5.11371214	107490.766	156040.123	107490.766	198648.061	48510.5281	5089.64533	0	10.4	688171	0	0	3
516	257	0	5.12364168	106736.682	154271.935	106736.682	198648.061	50140.9573	5089.64533	0	10.1	688772	0	0	3
517	257	0	5.13357122	106090.665	152457.084	106090.665	195759.358	51750.0349	5089.64533	0	9.8	689774	0	0	3
518	258	0	5.14350075	105692.01	150691.058	105692.01	195099.739	53301.5633	5089.64533	0	9.5	690170	0	0	3
519	258	0	5.15343029	105443.528	148933.093	105443.528	192891.657	54792.0345	5089.64533	0	9.2	690046	0	0	3
520	259	0	5.16335983	105262.239	147214.869	105262.239	191665.712	56207.6475	5089.64533	0	9	689603	0	0	3
521	259	0	5.17328937	105124.663	145529.965	105124.663	191665.712	57531.1336	5089.64533	0	8.8	688787	0	0	3
522	260	0	5.18321891	104972.981	143889.209	104972.981	191665.712	58774.5304	5089.64533	0	8.6	687616	0	0	3
523	260	0	5.19314844	104799.207	142273.745	104799.207	191665.712	60104.611	5089.64533	0	8.4	687725	0	0	3
524	261	0	5.20307798	104643.157	140579.587	104643.157	191665.712	61481.358	5089.64533	0	8.2	687934	0	0	3
525	261	0	5.21300752	104516.221	138899.297	104516.221	191665.712	62878.1627	5089.64533	0	8	687857	0	0	3
526	262	0	5.22293706	104420.613	137188.609	104420.613	186642.255	64199.4988	5089.64533	0	7.9	687447	0	0	3
527	262	0	5.2328666	104354.22	135575.118	104354.22	185027.94	65380.215	5089.64533	0	7.7	687022	0	0	3
528	263	0	5.24279613	104310.228	133992.418	104310.228	183899.727	66531.7851	5089.64533	0	7.6	686588	0	0	3
529	263	0	5.25272567	104274.582	132431.141	104274.582	183065.915	67620.4177	5089.64533	0	7.5	686101	0	0	3
530	264	0	5.26265521	104240.483	130902.202	104240.483	183065.915	68678.0873	5089.64533	0	7.4	686636	0	0	3
531	264	0	5.27258475	104200.244	129355.816	104200.244	179378.007	69689.9186	5089.64533	0	7.3	687448	0	0	3
532	265	0	5.28251429	104153.849	127880.832	104153.849	174641.819	70487.9697	5089.64533	0	7.2	687913	0	0	3
533	265	0	5.29244383	104100.564	126497.671	104100.564	172141.327	68040.7639	5089.64533	0	7.4	688048	0	0	3
534	266	0	5.30237336	104034.315	125162.239	104034.315	170937.987	66903.6716	5089.64533	0	7.6	688264	0	0	3
535	266	0	5.3123029	103954.892	123848.845	103954.892	169931.324	65976.4324	5089.64533	0	7.7	687864	0	0	3
536	266	0	5.32223244	103868.381	122563.16	103868.381	169931.324	66062.9433	5089.64533	0	7.7	687458	0	0	3
537	267	0	5.33216198	103770.105	121265.881	103770.105	165389.106	61619.0005	5089.64533	0	8.2	686943	0	0	3
538	267	0	5.34209152	103666.266	120055.63	103666.266	162768.449	59102.1833	5089.64533	0	8.6	688144	0	0	3
539	268	0	5.35202105	103542.253	118894.332	103542.253	162566.283	59024.03	5089.64533	0	8.6	689048	0	0	3
540	268	0	5.36195059	103407.19	117769.069	103407.19	162566.283	59159.0929	5089.64533	0	8.6	689635	0	0	3
541	269	0	5.37188013	103259.065	116606.182	103259.065	160000.18	56741.1148	5089.64533	0	8.9	690040	0	0	3
542	269	0	5.38180967	103115.631	115490.799	103115.631	158777.398	55661.7664	5089.64533	0	9.1	690195	0	0	3
543	270	0	5.39173921	102971.484	114396.565	102971.484	156016.233	53044.7497	5089.64533	0	9.5	690034	0	0	3
544	270	0	5.40166874	102834.46	113353.785	102834.46	152067.939	49233.4793	5089.64533	0	10.3	689650	0	0	3
545	271	0	5.41159828	102713.158	112386.044	102713.158	147994.718	45281.5601	5089.64533	0	11.2	689248	0	0	3
546	271	0	5.42152782	102609.94	111496.147	102609.94	143985.567	41375.627	5089.64533	0	12.3	689428	0	0	3
547	272	0	5.43145736	102523.101	110683.157	102523.101	139925.198	37402.0971	5089.64533	0	13.6	690178	0	0	3
548	272	0	5.4413869	102447.845	109948.307	102447.845	137812.138	35364.293	5089.64533	0	14.3	690850	0	0	3
549	273	0	5.45131644	102381.964	109253.598	102381.964	135402.661	33020.6971	5089.64533	0	15.4	691109	0	0	3
550	273	0	5.46124597	102330.245	108615.133	102330.245	135402.661	33072.4163	5089.64533	0	15.3	691686	0	0	3
551	274	0	5.47117551	102288.052	107965.826	102288.052	133618.852	31330.8006	5089.64533	0	16.2	691743	0	0	3
552	274	0	5.48110505	102257.819	107350.904	102257.819	130682.572	28424.7528	5089.64533	0	17.9	692155	0	0	3
553	275	0	5.49103459	102245.049	106793.306	102245.049	127525.042	25279.9932	5089.64533	0	20.1	691985	0	0	3
554	275	0	5.50096413	102254.546	106297.806	102245.049	124324.747	22079.6981	5089.64533	0	23	691910	0	0	3
555	276	0	5.51089366	102291.048	105865.773	102245.049	121466.744	19221.6955	5089.64533	0	26.4	691721	0	0	3
556	276	0	5.5208232	102351.888	105490.971	102245.049	119316.035	17070.9869	5089.64533	0	29.8	692189	0	0	3
557	277	0	5.53075274	102435.286	105159.976	102245.049	117434.17	15189.1217	5089.64533	0	33.5	692838	0	0	3
558	277	0	5.54068228	102531.669	104867.77	102245.049	115573.249	13328.2005	5089.64533	0	38.1	693186	0	0	3
559	278	0	5.55061182	102632.729	104614.035	102245.049	113900.923	11655.8744	5089.64533	0	43.6	693405	0	0	3
560	278	0	5.56054135	102727.474	104394.948	102245.049	112326.254	10081.2057	5089.64533	0	50.4	693467	0	0	3
561	278	0	5.57047089	102822.249	104208.594	102245.049	111371.97	9126.92143	5089.64533	0	55.7	693822	0	0	3
562	279	0	5.58040043	102892.602	104042.332	102245.049	110433.289	8188.24084	5089.64533	0	62.1	693824	0	0	3
563	279	0	5.59032997	102957.399	103895.746	102245.049	109376.235	7131.18689	5089.64533	0	71.3	694390	0	0	3
564	280	0	5.60025951	103025.251	103771.217	102245.049	108361.819	6116.77089	5089.64533	0	83.2	694136	0	0	3
565	280	0	5.61018905	103081.059	103667.673	102245.049	107490.766	5245.71732	5089.64533	0	97	694704	0	0	3
566	281	0	5.62011858	103137.007	103582.305	102245.049	106736.682	4491.63384	5089.64533	0	100	694749	0	0	3
567	281	0	5.63004812	103161.83	103512.21	102245.049	106090.665	3845.61664	5089.64533	0	100	694963	0	0	3
568	282	0	5.63997766	103144.772	103454.447	102245.049	105692.01	3446.96116	5089.64533	0	100	694644	0	0	3
569	282	0	5.6499072	103119.774	103404.011	102245.049	105443.528	3198.47929	5089.64533	0	100	694155	0	0	3
570	283	0	5.65983674	103042.222	103356.927	102245.049	105262.239	3017.19008	5089.64533	0	100	693565	0	0	3
571	283	0	5.66976627	102989.578	103312.365	102245.049	105124.663	2879.61425	5089.64533	0	100	692889	0	0	3
572	284	0	5.67969581	102882.705	103268.405	102245.049	104972.981	2727.93287	5089.64533	0	100	692849	0	0	3
573	284	0	5.68962535	102846.456	103226.708	102245.049	104799.207	2554.15802	5089.64533	0	100	692852	0	0	3
574	285	0	5.69955489	102756.762	103186.66	102245.049	104643.157	2398.10895	5089.64533	0	100	692733	0	0	3
575	285	0	5.70948443	102763.743	103149.809	102245.049	104516.221	2271.17233	5089.64533	0	100	692548	0	0	3
576	286	0	5.71941397	102721.22	103114.613	102245.049	104420.613	2175.56442	5089.64533	0	100	692340	0	0	3
577	287	0	5.7293435	102759.766	103082.047	102245.049	104354.22	2109.17149	5089.64533	0	100	692585	0	0	3
578	287	0	5.73927304	102763.291	103050.853	102245.049	104310.228	2065.17968	5089.64533	0	100	694214	0	0	3
579	288	0	5.74920258	102717.882	103019.63	102245.049	104274.582	2029.53315	5089.64533	0	100	694441	0	0	3
580	288	0	5.75913212	102619.314	102987.174	102245.049	104240.483	1995.43424	5089.64533	0	100	694388	0	0	3
581	289	0	5.76906166	102489.004	102952.831	102245.049	104200.244	1955.19555	5089.64533	0	100	692252	0	0	3
582	289	0	5.77899119	102307.983	102915.728	102245.049	104153.849	1908.80035	5089.64533	0	100	691835	0	0	3
583	290	0	5.78892073	102254.435	102878.485	102245.049	104100.564	1855.51509	5089.64533	0	100	691339	0	0	3
584	290	0	5.79885027	102215.98	102841.532	102215.98	104034.315	1818.33498	5089.64533	0	100	691436	0	0	3
585	291	0	5.80877981	102276.131	102807.058	102215.98	103954.892	1738.91136	5089.64533	0	100	691612	0	0	3
586	291	0	5.81870935	102248.518	102773.6	102215.98	103868.381	1652.40039	5089.64533	0	100	691795	0	0	3
587	292	0	5.82863888	102081.26	102738.558	102081.26	103770.105	1688.84519	5089.64533	0	100	693317	0	0	3
588	292	0	5.83856842	101966.091	102703.185	101966.091	103666.266	1700.17518	5089.64533	0	100	694210	0	0	3
589	293	0	5.84849796	101899.818	102668.549	101899.818	103542.253	1642.43453	5089.64533	0	100	694748	0	0	3
590	293	0	5.8584275	101805.905	102634.503	101805.905	103407.19	1601.28471	5089.64533	0	100	695207	0	0	3
591	294	0	5.86835704	101850.503	102603.98	101805.905	103259.065	1453.15963	5089.64533	0	100	694558	0	0	3
592	294	0	5.87828658	101887.753	102577.091	101805.905	103161.83	1355.92495	5089.64533	0	100	696108	0	0	3
593	295	0	5.88821611	101887.188	102553.004	101805.905	103161.83	1355.92495	5089.64533	0	100	697346	0	0	3
594	295	0	5.89814565	101879.133	102531.585	101805.905	103161.83	1355.92495	5089.64533	0	100	697173	0	0	3
595	296	0	5.90807519	101843.932	102512.163	101805.905	103161.83	1355.92495	5089.64533	0	100	696847	0	0	3
596	296	0	5.91800473	101823.423	102494.718	101805.905	103161.83	1355.92495	5089.64533	0	100	695105	0	0	3
597	296	0	5.92793427	101792.215	102478.684	101792.215	103161.83	1369.61559	5089.64533	0	100	694019	0	0	3
598	297	0	5.9378638	101794.739	102464.402	101792.215	103161.83	1369.61559	5089.64533	0	100	692318	0	0	3
599	297	0	5.94779334	101815.542	102452.004	101792.215	103161.83	1369.61559	5089.64533	0	100	693718	0	0	3
600	298	0	5.95772288	101848.613	102441.546	101792.215	103161.83	1369.61559	5089.64533	0	100	696555	0	0	3
601	299	0	5.96765242	101903.082	102433.17	101792.215	103161.83	1369.61559	5089.64533	0	100	697497	0	0	3
602	299	0	5.97758196	101949.181	102426.526	101792.215	103161.83	1369.61559	5089.64533	0	100	698607	0	0	3
603	300	0	5.98751149	101976.393	102421.008	101792.215	103161.83	1369.61559	5089.64533	0	100	698953	0	0	3
604	300	0	5.99744103	102014.127	102416.48	101792.215	103161.83	1369.61559	5089.64533	0	100	700743	0	0	3
605	301	0	6.00737057	102022.966	102411.939	101792.215	103161.83	1369.61559	5089.64533	0	100	700936	0	0	3
