Iteration	CPUTime	PhysTime	Travels	Value	AvValue	MinValue	MaxValue	Delta	Criteria	Progress	dGMaxMin	CriteriaType	CriteriaVarType	CriteriaPercentage
1	15	0	0.00992953813	289.259135	289.259135	289.259135	289.259135	0	0	0	0	55.3191	0	0	3
2	15	0	0.0198590763	290.170201	289.714668	289.259135	290.170201	0.455532951	0	0	0	39.0219	0	0	3
3	16	0	0.0297886144	290.767928	290.065755	289.259135	290.767928	0.806619564	0	0	0	34.3683	0	0	3
4	16	0	0.0397181525	291.204906	290.350542	289.259135	291.204906	1.09140734	0	0	0	30.7889	0	0	3
5	17	0	0.0496476907	291.634256	290.607285	289.259135	291.634256	1.34815012	0	0	0	26.3876	0	0	3
6	17	0	0.0595772288	291.835012	290.811906	289.259135	291.835012	1.55277135	0	0	0	15.182	0	0	3
7	18	0	0.0695067669	291.911253	290.968956	289.259135	291.911253	1.70982091	0	0	0	13.2324	0	0	3
8	18	0	0.0794363051	292.159791	291.11781	289.259135	292.159791	1.85867534	0	0	0	9.81471	0	0	3
9	19	0	0.0893658432	292.304129	291.249624	289.259135	292.304129	1.9904885	0	0	0	7.55349	0	0	3
10	19	0	0.0992953813	292.330567	291.357718	289.259135	292.330567	2.09858282	0	0	0	65.7469	0	0	3
11	19	0	0.109224919	292.245386	291.438415	289.259135	292.330567	2.17927988	0	0	0	41.2063	0	0	3
12	20	0	0.119154458	292.126453	291.495751	289.259135	292.330567	2.23661641	0	0	0	31.9997	0	0	3
13	20	0	0.129083996	291.974287	291.532562	289.259135	292.330567	2.27342683	0	0	0	25.2488	0	0	3
14	21	0	0.139013534	291.814942	291.552732	289.259135	292.330567	2.29359686	0	0	0	25.1911	0	0	3
15	21	0	0.148943072	291.647703	291.559063	289.259135	292.330567	2.29992827	0	0	0	25.0978	0	0	3
16	22	0	0.15887261	291.429484	291.550965	289.259135	292.330567	2.29992827	0	0	0	11.6642	0	0	3
17	22	0	0.168802148	291.219748	291.531481	289.259135	292.330567	2.29992827	0	0	0	13.4789	0	0	3
18	22	0	0.178731686	291.014039	291.502734	289.259135	292.330567	2.29992827	0	0	0	15.4435	0	0	3
19	23	0	0.188661225	290.812224	291.466392	289.259135	292.330567	2.29992827	0	0	0	17.4787	0	0	3
20	23	0	0.198590763	290.609489	291.423547	289.259135	292.330567	2.29992827	0	0	0	19.6454	0	0	3
21	24	0	0.208520301	290.323883	291.371182	289.259135	292.330567	2.29992827	0	0	0	23.2911	0	0	3
22	24	0	0.218449839	290.053303	291.311278	289.259135	292.330567	2.29992827	0	0	0	26.9234	0	0	3
23	25	0	0.228379377	289.791079	291.245182	289.259135	292.330567	2.29992827	0	0	0	30.414	0	0	3
24	25	0	0.238308915	289.533437	291.17386	289.259135	292.330567	2.29992827	0	0	0	33.6384	0	0	3
25	25	0	0.248238453	289.281403	291.098162	289.259135	292.330567	2.29992827	0	0	0	36.6036	0	0	3
26	26	0	0.258167991	288.915932	291.01423	288.915932	292.330567	2.29992827	0	0	0	40.7436	0	0	3
27	26	0	0.26809753	288.577594	290.923984	288.577594	292.330567	2.29992827	0	0	0	44.4444	0	0	3
28	27	0	0.278027068	288.25684	290.828729	288.25684	292.330567	2.29992827	0	0	0	47.8899	0	0	3
29	27	0	0.287956606	287.950904	290.729493	287.950904	292.330567	2.29992827	0	0	0	50.9133	0	0	3
30	27	0	0.297886144	287.65731	290.627087	287.65731	292.330567	2.29992827	0	0	0	53.3723	0	0	3
31	28	0	0.307815682	287.222056	290.517248	287.222056	292.330567	2.29992827	0	0	0	55.8666	0	0	3
32	28	0	0.31774522	286.824379	290.401845	286.824379	292.330567	2.29992827	0	0	0	57.4931	0	0	3
33	29	0	0.327674758	286.458395	290.282347	286.458395	292.330567	2.29992827	0	0	0	58.7672	0	0	3
34	29	0	0.337604297	286.132796	290.160301	286.132796	292.330567	2.29992827	0	0	0	59.5971	0	0	3
35	30	0	0.347533835	285.846604	290.037053	285.846604	292.330567	2.29992827	0	0	0	60.6796	0	0	3
36	30	0	0.357463373	285.482725	289.910544	285.482725	292.330567	2.29992827	0	0	0	61.6499	0	0	3
37	30	0	0.367392911	285.209597	289.783491	285.209597	292.330567	2.29992827	0	0	0	62.5579	0	0	3
38	31	0	0.377322449	284.983663	289.65718	284.983663	292.330567	2.29992827	0	0	0	63.2966	0	0	3
39	31	0	0.387251987	284.820709	289.533168	284.820709	292.330567	2.29992827	0	0	0	63.8862	0	0	3
40	32	0	0.397181525	284.680198	289.411843	284.680198	292.330567	2.29992827	0	0	0	64.3169	0	0	3
41	32	0	0.407111063	284.429537	289.290324	284.429537	292.330567	2.29992827	0	0	0	64.7503	0	0	3
42	33	0	0.417040602	284.254416	289.170421	284.254416	292.330567	2.38864203	0	0	0	65.1208	0	0	3
43	33	0	0.42697014	284.111732	289.052777	284.111732	292.330567	2.50628596	0	0	0	65.432	0	0	3
44	33	0	0.436899678	283.989449	288.937702	283.989449	292.330567	2.6213616	0	0	0	66.0206	0	0	3
45	34	0	0.446829216	283.887757	288.825481	283.887757	292.330567	2.7335826	0	0	0	66.6165	0	0	3
46	34	0	0.456758754	283.823028	288.716732	283.823028	292.330567	2.84233158	0	0	0	67.2629	0	0	3
47	35	0	0.466688292	283.787524	288.611855	283.787524	292.330567	2.94720835	0	0	0	68.1174	0	0	3
48	35	0	0.47661783	283.77658	288.51112	283.77658	292.330567	3.04794324	0	0	0	69.2333	0	0	3
49	35	0	0.486547369	283.780675	288.41458	283.77658	292.330567	3.14448294	0	0	0	70.0987	0	0	3
50	36	0	0.496476907	283.7951	288.322191	283.77658	292.330567	3.23687255	0	0	0	71.1216	0	0	3
51	36	0	0.506406445	283.810148	288.233719	283.77658	292.330567	3.32534397	0	0	0	72.1206	0	0	3
52	37	0	0.516335983	283.812857	288.12693	283.77658	292.330567	3.43213374	0	0	0	73.1175	0	0	3
53	37	0	0.526265521	283.824788	288.00251	283.77658	292.330567	3.5565536	0	0	0	74.1055	0	0	3
54	37	0	0.536195059	283.822109	287.866317	283.77658	292.330567	3.69274613	0	0	0	74.9897	0	0	3
55	38	0	0.546124597	283.818436	287.721484	283.77658	292.330567	3.83757887	0	0	0	75.9023	0	0	3
56	38	0	0.556054135	283.821131	287.568286	283.77658	292.330567	3.99077741	0	0	0	76.7709	0	0	3
57	39	0	0.565983674	283.828788	287.411301	283.77658	292.330567	4.14776221	0	0	0	77.5882	0	0	3
58	39	0	0.575913212	283.840802	287.253057	283.77658	292.330567	4.30600634	0	0	0	78.3466	0	0	3
59	40	0	0.58584275	283.857821	287.090273	283.77658	292.330567	4.46879007	0	0	0	79.1846	0	0	3
60	40	0	0.595772288	283.876888	286.925033	283.77658	292.330567	4.6340301	0	0	0	79.9568	0	0	3
61	40	0	0.605701826	283.896967	286.759668	283.77658	292.245386	4.79939479	0	0	0	80.7247	0	0	3
62	41	0	0.615631364	283.918999	286.596406	283.77658	292.126453	4.96265728	0	0	0	81.4437	0	0	3
63	41	0	0.625560902	283.941995	286.435926	283.77658	291.974287	5.12313685	0	0	0	82.1755	0	0	3
64	42	0	0.635490441	283.967366	286.278928	283.77658	291.814942	5.2801353	0	0	0	82.839	0	0	3
65	42	0	0.645419979	283.995948	286.125614	283.77658	291.647703	5.43344891	0	0	0	83.5006	0	0	3
66	43	0	0.655349517	284.026723	285.976183	283.77658	291.429484	5.57478118	0	0	0	84.1617	0	0	3
67	43	0	0.665279055	284.058653	285.831657	283.77658	291.219748	5.69982393	0	0	0	84.875	0	0	3
68	43	0	0.675208593	284.08875	285.691834	283.77658	291.014039	5.81090062	0	0	0	85.6733	0	0	3
69	44	0	0.685138131	284.117576	285.556609	283.77658	290.812224	5.90978275	0	0	0	86.5065	0	0	3
70	44	0	0.695067669	284.14437	285.425867	283.77658	290.609489	5.99767988	0	0	0	87.3406	0	0	3
71	45	0	0.704997208	284.16706	285.299545	283.77658	290.323883	6.07163707	0	0	0	88.1563	0	0	3
72	45	0	0.714926746	284.186473	285.179203	283.77658	290.053303	6.13207484	0	0	0	88.9437	0	0	3
73	45	0	0.724856284	284.201724	285.064466	283.77658	289.791079	6.01449854	0	0	0	89.6904	0	0	3
74	46	0	0.734785822	284.212803	284.955089	283.77658	289.533437	5.75685749	0	0	0	90.3909	0	0	3
75	46	0	0.74471536	284.221776	284.850938	283.77658	289.281403	5.50482296	0	0	0	91.0904	0	0	3
76	47	0	0.754644898	284.22836	284.751859	283.77658	288.915932	5.13935192	0	0	0	91.7391	0	0	3
77	47	0	0.764574436	284.234081	284.660058	283.77658	288.577594	4.80101354	0	0	0	92.4561	0	0	3
78	48	0	0.774503974	284.239393	284.574995	283.77658	288.25684	4.48025998	0	0	0	93.1912	0	0	3
79	48	0	0.784433513	284.245182	284.496335	283.77658	287.950904	4.17432417	0	0	0	93.8704	0	0	3
80	48	0	0.794363051	284.251911	284.423806	283.77658	287.65731	3.88072957	0	0	0	94.5045	0	0	3
81	49	0	0.804292589	284.262641	284.357244	283.77658	287.222056	3.44547634	0	0	0	95.252	0	0	3
82	49	0	0.814222127	284.269941	284.299359	283.77658	286.824379	3.04779903	0	0	0	95.9247	0	0	3
83	50	0	0.824151665	284.282058	284.24951	283.77658	286.458395	2.6818146	0	0	0	96.5491	0	0	3
84	50	0	0.834081203	284.28779	284.206949	283.77658	286.132796	2.35621562	0	0	0	97.1221	0	0	3
85	50	0	0.844010741	284.291284	284.170841	283.77658	285.846604	2.07002375	0	0	0	97.8324	0	0	3
86	51	0	0.85394028	284.291607	284.140351	283.77658	285.482725	1.70614482	0	0	0	98.5513	0	0	3
87	51	0	0.863869818	284.287531	284.116916	283.77658	285.209597	1.43301686	0	0	0	99.2166	0	0	3
88	52	0	0.873799356	284.279161	284.098672	283.77658	284.983663	1.20708346	0	0	0	99.8166	0	0	3
89	52	0	0.883728894	284.268427	284.084648	283.77658	284.820709	1.04412951	0	0	0	100.341	0	0	3
90	53	0	0.893658432	284.256532	284.073585	283.77658	284.680198	0.9036185	0	0	0	100.77	0	0	3
91	53	0	0.90358797	284.243657	284.065026	283.77658	284.429537	0.652957366	0	0	0	101.369	0	0	3
92	54	0	0.913517508	284.233248	284.061177	283.77658	284.291607	0.515027489	0	0	0	102.005	0	0	3
93	54	0	0.923447046	284.223318	284.060567	283.77658	284.291607	0.515027489	0	0	0	102.856	0	0	3
94	54	0	0.933376585	284.21512	284.062594	283.77658	284.291607	0.515027489	0	0	0	103.638	0	0	3
95	55	0	0.943306123	284.208056	284.066881	283.77658	284.291607	0.515027489	0	0	0	104.354	0	0	3
96	55	0	0.953235661	284.204036	284.073082	283.77658	284.291607	0.515027489	0	0	0	104.971	0	0	3
97	56	0	0.963165199	284.201399	284.080501	283.77658	284.291607	0.515027489	0	0	0	105.463	0	0	3
98	56	0	0.973094737	284.200697	284.088603	283.77658	284.291607	0.515027489	0	0	0	105.855	0	0	3
99	57	0	0.983024275	284.199565	284.096896	283.780675	284.291607	0.510932495	0	0	0	106.164	0	0	3
100	57	0	0.992953813	284.200342	284.105125	283.7951	284.291607	0.496507939	0	0	0	106.419	0	0	3
101	58	0	1.00288335	284.200133	284.113067	283.810148	284.291607	0.481459067	0.2566196	0	0	106.739	0	0	3
102	58	0	1.01281289	284.199874	284.120709	283.812857	284.291607	0.478750531	0.2566196	0	0	107.08	0	0	3
103	59	0	1.02274243	284.198371	284.128268	283.818436	284.291607	0.473171405	0.2566196	0	0	107.497	0	0	3
104	59	0	1.03267197	284.195541	284.135538	283.818436	284.291607	0.473171405	0.2566196	0	0	107.881	0	0	3
105	60	0	1.0426015	284.189472	284.142741	283.818436	284.291607	0.473171405	0.2566196	0	0	108.204	0	0	3
106	60	0	1.05253104	284.183471	284.149898	283.821131	284.291607	0.470476722	0.2566196	0	0	108.661	0	0	3
107	60	0	1.06246058	284.175098	284.156839	283.828788	284.291607	0.46281991	0.2566196	0	0	109.216	0	0	3
108	61	0	1.07239012	284.165697	284.163445	283.840802	284.291607	0.450805003	0.2566196	0	0	109.58	0	0	3
109	61	0	1.08231966	284.154908	284.169604	283.857821	284.291607	0.433786464	0.2566196	0	0	110.106	0	0	3
110	62	0	1.09224919	284.143425	284.175204	283.876888	284.291607	0.414719919	0.2566196	0	0	110.404	0	0	3
111	62	0	1.10217873	284.134921	284.180263	283.896967	284.291607	0.394640014	0.2566196	0	0	110.771	0	0	3
112	63	0	1.11210827	284.122633	284.184688	283.918999	284.291607	0.372608852	0.2566196	0	0	110.991	0	0	3
113	63	0	1.12203781	284.1137	284.188506	283.941995	284.291607	0.349612088	0.2566196	0	0	111.224	0	0	3
114	64	0	1.13196735	284.107631	284.191754	283.967366	284.291607	0.324241692	0.2566196	0	0	111.421	0	0	3
115	64	0	1.14189689	284.103227	284.194418	283.995948	284.291607	0.295659375	0.2566196	0	0	111.61	0	0	3
116	65	0	1.15182642	284.102783	284.196512	284.026723	284.291607	0.264884712	0.2566196	0	0	111.75	0	0	3
117	65	0	1.16175596	284.106229	284.198071	284.058653	284.291607	0.232954046	0.2566196	0	0	111.842	0	0	3
118	66	0	1.1716855	284.110906	284.199096	284.08875	284.291607	0.202857396	0.2566196	0	0	112.04	0	0	3
119	66	0	1.18161504	284.119636	284.199701	284.102783	284.291607	0.188824326	0.2566196	0	0	112.287	0	0	3
120	67	0	1.19154458	284.129246	284.19993	284.102783	284.291607	0.188824326	0.2566196	0	0	112.497	0	0	3
121	67	0	1.20147411	284.139439	284.199834	284.102783	284.291607	0.188824326	0.2566196	0	0	112.677	0	0	3
122	67	0	1.21140365	284.149269	284.199485	284.102783	284.291607	0.188824326	0.2566196	0	0	112.831	0	0	3
123	68	0	1.22133319	284.158483	284.198936	284.102783	284.291607	0.188824326	0.2566196	0	0	113.047	0	0	3
124	68	0	1.23126273	284.164723	284.19821	284.102783	284.291607	0.188824326	0.2566196	0	0	113.461	0	0	3
125	69	0	1.24119227	284.168901	284.19735	284.102783	284.291607	0.188824326	0.2566196	0	0	114.18	0	0	3
126	69	0	1.2511218	284.169534	284.196325	284.102783	284.291607	0.188824326	0.2566196	0	0	115.209	0	0	3
127	70	0	1.26105134	284.166904	284.19512	284.102783	284.291607	0.188824326	0.2566196	0	0	116.079	0	0	3
128	70	0	1.27098088	284.16111	284.193689	284.102783	284.291607	0.188824326	0.2566196	0	0	116.92	0	0	3
129	71	0	1.28091042	284.152569	284.191987	284.102783	284.291607	0.188824326	0.2566196	0	0	117.633	0	0	3
130	71	0	1.29083996	284.141619	284.189956	284.102783	284.291607	0.188824326	0.2566196	0	0	118.208	0	0	3
131	72	0	1.3007695	284.128865	284.187544	284.102783	284.291607	0.188824326	0.2566196	0	0	118.639	0	0	3
132	72	0	1.31069903	284.114816	284.184645	284.102783	284.291607	0.188824326	0.2566196	0	0	118.921	0	0	3
133	73	0	1.32062857	284.104431	284.1814	284.102783	284.291607	0.188824326	0.2566196	0	0	119.145	0	0	3
134	73	0	1.33055811	284.091109	284.177656	284.091109	284.291607	0.146381973	0.2566196	0	0	120.035	0	0	3
135	74	0	1.34048765	284.076446	284.173512	284.076446	284.291607	0.139363269	0.2566196	0	0	120.897	0	0	3
136	74	0	1.35041719	284.066014	284.169095	284.066014	284.291607	0.139363269	0.2566196	0	0	121.837	0	0	3
137	75	0	1.36034672	284.058489	284.164524	284.058489	284.287531	0.139363269	0.2566196	0	0	122.546	0	0	3
138	75	0	1.37027626	284.053666	284.159938	284.053666	284.279161	0.139363269	0.2566196	0	0	123.057	0	0	3
139	75	0	1.3802058	284.051151	284.155467	284.051151	284.268427	0.139363269	0.2566196	0	0	123.361	0	0	3
140	76	0	1.39013534	284.051373	284.151211	284.051151	284.256532	0.139363269	0.2566196	0	0	123.48	0	0	3
141	77	0	1.40006488	284.054896	284.147258	284.051151	284.243657	0.139363269	0.2566196	0	0	123.458	0	0	3
142	77	0	1.40999442	284.060882	284.143674	284.051151	284.233248	0.139363269	0.2566196	0	0	123.31	0	0	3
143	78	0	1.41992395	284.069957	284.140472	284.051151	284.223318	0.139363269	0.2566196	0	0	123.899	0	0	3
144	78	0	1.42985349	284.079758	284.137657	284.051151	284.21512	0.137336065	0.2566196	0	0	124.577	0	0	3
145	79	0	1.43978303	284.088253	284.13517	284.051151	284.208056	0.133049662	0.2566196	0	0	125.006	0	0	3
146	79	0	1.44971257	284.094613	284.132945	284.051151	284.204036	0.12684811	0.2566196	0	0	125.446	0	0	3
147	80	0	1.45964211	284.097873	284.130864	284.051151	284.201399	0.119429057	0.2566196	0	0	126.008	0	0	3
148	80	0	1.46957164	284.096872	284.128814	284.051151	284.200697	0.111327611	0.2566196	0	0	127.205	0	0	3
149	81	0	1.47950118	284.0923	284.126689	284.051151	284.200342	0.103033794	0.2566196	0	0	127.433	0	0	3
150	81	0	1.48943072	284.083446	284.124412	284.051151	284.200342	0.0948050232	0.2566196	0	0	128.246	0	0	3
151	82	0	1.49936026	284.071318	284.121882	284.051151	284.200133	0.0868631881	0.2566196	0	0	128.066	0	0	3
152	82	0	1.5092898	284.054473	284.119026	284.051151	284.199874	0.0809043794	0.2566196	0	0	128.705	0	0	3
153	82	0	1.51921933	284.03487	284.115791	284.03487	284.198371	0.0841397579	0.2566196	0	0	128.293	0	0	3
154	83	0	1.52914887	284.012344	284.112143	284.012344	284.195541	0.0877873357	0.2566196	0	0	128.422	0	0	3
155	83	0	1.53907841	283.995117	284.108213	283.995117	284.189472	0.0917172342	0.2566196	0	0	129.597	0	0	3
156	84	0	1.54900795	283.963794	284.103788	283.963794	284.183471	0.0961423011	0.2566196	0	0	129.951	0	0	3
157	84	0	1.55893749	283.937965	284.098974	283.937965	284.175098	0.100956141	0.2566196	0	0	130.695	0	0	3
158	85	0	1.56886703	283.91361	284.093847	283.91361	284.169534	0.10608335	0.2566196	0	0	130.773	0	0	3
159	86	0	1.57879656	283.88833	284.088408	283.88833	284.169534	0.111521912	0.2566196	0	0	131.437	0	0	3
160	86	0	1.5887261	283.867917	284.082781	283.867917	284.169534	0.117149179	0.2566196	0	0	131.597	0	0	3
161	86	0	1.59865564	283.849392	284.077016	283.849392	284.169534	0.122914526	0.2566196	0	0	131.147	0	0	3
162	87	0	1.60858518	283.834566	284.071126	283.834566	284.169534	0.128803831	0.2566196	0	0	131.289	0	0	3
163	88	0	1.61851472	283.823971	284.06527	283.823971	284.169534	0.134659943	0.2566196	0	0	130.575	0	0	3
164	88	0	1.62844425	283.817197	284.059457	283.817197	284.169534	0.140473712	0.2566196	0	0	130.919	0	0	3
165	89	0	1.63837379	283.811019	284.053641	283.811019	284.169534	0.146289634	0.2566196	0	0	130.502	0	0	3
166	89	0	1.64830333	283.811465	284.04792	283.811019	284.169534	0.152010461	0.2566196	0	0	131.26	0	0	3
167	90	0	1.65823287	283.815018	284.042277	283.811019	284.169534	0.157652913	0.2566196	0	0	131.925	0	0	3
168	90	0	1.66816241	283.819394	284.036653	283.811019	284.169534	0.16327711	0.2566196	0	0	132.706	0	0	3
169	91	0	1.67809194	283.824821	284.031044	283.811019	284.169534	0.168886606	0.2566196	0	0	132.865	0	0	3
170	91	0	1.68802148	283.832321	284.02541	283.811019	284.169534	0.174520239	0.2566196	0	0	133.078	0	0	3
171	92	0	1.69795102	283.839621	284.019731	283.811019	284.169534	0.180102485	0.2566196	0	0	133.473	0	0	3
172	92	0	1.70788056	283.845205	284.013962	283.811019	284.169534	0.185522933	0.2566196	0	0	133.618	0	0	3
173	92	0	1.7178101	283.848954	284.008073	283.811019	284.169534	0.190862624	0.2566196	0	0	133.817	0	0	3
174	93	0	1.72773964	283.849886	284.002022	283.811019	284.169534	0.196188026	0.2566196	0	0	133.839	0	0	3
175	93	0	1.73766917	283.84808	283.995814	283.811019	284.169534	0.201535863	0.2566196	0	0	134.438	0	0	3
176	94	0	1.74759871	283.843673	283.989437	283.811019	284.169534	0.206888511	0.2566196	0	0	133.878	0	0	3
177	94	0	1.75752825	283.837041	283.982917	283.811019	284.166904	0.212202971	0.2566196	0	0	134.042	0	0	3
178	95	0	1.76745779	283.82804	283.976273	283.811019	284.16111	0.217416579	0.2566196	0	0	134.868	0	0	3
179	95	0	1.77738733	283.816863	283.969523	283.811019	284.152569	0.222464085	0.2566196	0	0	135.753	0	0	3
180	96	0	1.78731686	283.80354	283.962679	283.80354	284.141619	0.227277131	0.2566196	0	0	136.387	0	0	3
181	96	0	1.7972464	283.788827	283.955762	283.788827	284.128865	0.231781951	0.2566196	0	0	136.788	0	0	3
182	97	0	1.80717594	283.772654	283.948777	283.772654	284.114816	0.235867965	0.2566196	0	0	137.009	0	0	3
183	97	0	1.81710548	283.765002	283.941918	283.765002	284.104431	0.239481794	0.2566196	0	0	137.06	0	0	3
184	98	0	1.82703502	283.739437	283.934761	283.739437	284.097873	0.242894448	0.2566196	0	0	136.603	0	0	3
185	98	0	1.83696455	283.722381	283.927531	283.722381	284.097873	0.245980418	0.2566196	0	0	137.022	0	0	3
186	99	0	1.84689409	283.707635	283.9203	283.707635	284.097873	0.248794947	0.2566196	0	0	136.528	0	0	3
187	99	0	1.85682363	283.693032	283.912986	283.693032	284.097873	0.251537371	0.2566196	0	0	136.027	0	0	3
188	99	0	1.86675317	283.679531	283.905556	283.679531	284.097873	0.254382325	0.2566196	0	0	136.467	0	0	3
189	100	0	1.87668271	283.66452	283.897926	283.66452	284.097873	0.257541836	0.2566196	0	0	137.056	0	0	3
190	100	0	1.88661225	283.655434	283.890166	283.655434	284.097873	0.26104502	0.2566196	0	0	137.687	0	0	3
191	101	0	1.89654178	283.647392	283.882245	283.647392	284.097873	0.265012568	0.2566196	0	0	137.408	0	0	3
192	101	0	1.90647132	283.640219	283.874114	283.640219	284.097873	0.269559666	0.2566196	0	0	137.742	0	0	3
193	102	0	1.91640086	283.637271	283.865808	283.637271	284.097873	0.274663981	0.2566196	0	0	137.822	0	0	3
194	102	0	1.9263304	283.636019	283.8573	283.636019	284.097873	0.280357659	0.2566196	0	0	137.368	0	0	3
195	103	0	1.93625994	283.636634	283.848611	283.636019	284.097873	0.286558776	0.2566196	0	0	136.718	0	0	3
196	103	0	1.94618947	283.634626	283.839716	283.634626	284.097873	0.293229069	0.2566196	0	0	135.91	0	0	3
197	104	0	1.95611901	283.640284	283.830808	283.634626	284.097873	0.300055873	0.2566196	0	0	135.52	0	0	3
198	104	0	1.96604855	283.647136	283.82197	283.634626	284.096872	0.306844303	0.2566196	0	0	135.999	0	0	3
199	105	0	1.97597809	283.654253	283.813291	283.634626	284.0923	0.313397667	0.2566196	0	0	136.303	0	0	3
200	105	0	1.98590763	283.662501	283.804864	283.634626	284.083446	0.319548265	0.2566196	0	0	136.99	0	0	3
201	106	0	1.99583716	283.671113	283.796779	283.634626	284.071318	0.325103336	0.2566196	0	0	137.13	0	0	3
202	106	0	2.0057667	283.67865	283.789079	283.634626	284.054473	0.329946629	0.2566196	0	0	136.887	0	0	3
203	107	0	2.01569624	283.686567	283.781865	283.634626	284.03487	0.333925091	0.2566196	0	0	136.708	0	0	3
204	107	0	2.02562578	283.693742	283.775177	283.634626	284.012344	0.336966308	0.2566196	0	0	136.609	0	0	3
205	108	0	2.03555532	283.699419	283.769041	283.634626	283.995117	0.339172202	0.2566196	0	0	136.764	0	0	3
206	108	0	2.04548486	283.703993	283.763333	283.634626	283.963794	0.329168181	0.2566196	0	0	136.424	0	0	3
207	109	0	2.05541439	283.707629	283.75831	283.634626	283.937965	0.303339743	0.2566196	0	0	135.906	0	0	3
208	109	0	2.06534393	283.710191	283.753844	283.634626	283.91361	0.278984245	0.2566196	0	0	136.409	0	0	3
209	110	0	2.07527347	283.711223	283.749875	283.634626	283.88833	0.253704596	0.2566196	0	0	136.646	0	0	3
210	110	0	2.08520301	283.71084	283.746395	283.634626	283.867917	0.233291726	0.2566196	0	0	137.876	0	0	3
211	110	0	2.09513255	283.708941	283.743278	283.634626	283.849886	0.215260428	0.2566196	0	0	137.832	0	0	3
212	111	0	2.10506208	283.705957	283.740465	283.634626	283.849886	0.215260428	0.2566196	0	0	138.253	0	0	3
213	111	0	2.11499162	283.701553	283.737857	283.634626	283.849886	0.215260428	0.2566196	0	0	138.148	0	0	3
214	112	0	2.12492116	283.694663	283.735322	283.634626	283.849886	0.215260428	0.2566196	0	0	137.899	0	0	3
215	112	0	2.1348507	283.687336	283.732775	283.634626	283.849886	0.215260428	0.2566196	0	0	137.512	0	0	3
216	113	0	2.14478024	283.678626	283.730179	283.634626	283.849886	0.215260428	0.2566196	0	0	136.866	0	0	3
217	113	0	2.15470978	283.668943	283.727385	283.634626	283.849886	0.215260428	0.2566196	0	0	136.806	0	0	3
218	114	0	2.16463931	283.65844	283.724315	283.634626	283.849886	0.215260428	0.2566196	0	0	137.009	0	0	3
219	114	0	2.17456885	283.646841	283.720931	283.634626	283.849886	0.215260428	0.2566196	0	0	138.102	0	0	3
220	115	0	2.18449839	283.634369	283.717197	283.634369	283.849886	0.21551713	0.2566196	0	0	138.477	0	0	3
221	115	0	2.19442793	283.620965	283.713053	283.620965	283.849886	0.228920639	0.2566196	0	0	138.502	0	0	3
222	116	0	2.20435747	283.607104	283.708494	283.607104	283.849886	0.242781966	0.2566196	0	0	138.211	0	0	3
223	116	0	2.214287	283.592901	283.703547	283.592901	283.849886	0.256985002	0.2566196	0	0	137.598	0	0	3
224	117	0	2.22421654	283.578677	283.698247	283.578677	283.849886	0.271208889	0.2566196	0	0	136.925	0	0	3
225	117	0	2.23414608	283.564978	283.692661	283.564978	283.84808	0.283101745	0.2566196	0	0	136.898	0	0	3
226	118	0	2.24407562	283.55099	283.686835	283.55099	283.843673	0.292683232	0.2566196	0	0	136.109	0	0	3
227	118	0	2.25400516	283.538055	283.680843	283.538055	283.837041	0.298985694	0.2566196	0	0	136.064	0	0	3
228	119	0	2.26393469	283.525698	283.674738	283.525698	283.82804	0.301534842	0.2566196	0	0	136.536	0	0	3
229	119	0	2.27386423	283.514536	283.668591	283.514536	283.816863	0.300932031	0.2566196	0	0	136.894	0	0	3
230	120	0	2.28379377	283.504267	283.662461	283.504267	283.80354	0.299273626	0.2566196	0	0	136.756	0	0	3
231	120	0	2.29372331	283.495018	283.656412	283.495018	283.788827	0.293809085	0.2566196	0	0	136.88	0	0	3
232	121	0	2.30365285	283.487938	283.650512	283.487938	283.772654	0.284715746	0.2566196	0	0	136.64	0	0	3
233	121	0	2.31358239	283.481744	283.644808	283.481744	283.765002	0.283257432	0.2566196	0	0	137.151	0	0	3
234	122	0	2.32351192	283.475104	283.639124	283.475104	283.739437	0.2643331	0.2566196	0	0	136.525	0	0	3
235	122	0	2.33344146	283.471034	283.633861	283.471034	283.722381	0.251347509	0.2566196	0	0	136.492	0	0	3
236	122	0	2.343371	283.470914	283.62893	283.470914	283.711223	0.24030912	0.2566196	0	0	136.375	0	0	3
237	123	0	2.35330054	283.469371	283.624258	283.469371	283.711223	0.241851876	0.2566196	0	0	136.78	0	0	3
238	123	0	2.36323008	283.470609	283.619897	283.469371	283.711223	0.241851876	0.2566196	0	0	136.837	0	0	3
239	124	0	2.37315961	283.475313	283.615893	283.469371	283.711223	0.241851876	0.2566196	0	0	137.136	0	0	3
240	124	0	2.38308915	283.47921	283.612259	283.469371	283.711223	0.241851876	0.2566196	0	0	137.119	0	0	3
241	125	0	2.39301869	283.485829	283.608934	283.469371	283.711223	0.241851876	0.2566196	0	0	137.211	0	0	3
242	125	0	2.40294823	283.494478	283.605936	283.469371	283.711223	0.241851876	0.2566196	0	0	136.989	0	0	3
243	126	0	2.41287777	283.499975	283.603186	283.469371	283.711223	0.241851876	0.2566196	0	0	136.822	0	0	3
244	126	0	2.4228073	283.507187	283.600635	283.469371	283.711223	0.241851876	0.2566196	0	0	136.146	0	0	3
245	127	0	2.43273684	283.518448	283.59833	283.469371	283.711223	0.241851876	0.2566196	0	0	136.416	0	0	3
246	127	0	2.44266638	283.529352	283.596226	283.469371	283.711223	0.241851876	0.2566196	0	0	136.577	0	0	3
247	128	0	2.45259592	283.540175	283.594374	283.469371	283.711223	0.236433676	0.2566196	0	0	136.515	0	0	3
248	128	0	2.46252546	283.551183	283.592627	283.469371	283.711223	0.229342759	0.2566196	0	0	137.296	0	0	3
249	129	0	2.472455	283.560906	283.590936	283.469371	283.711223	0.222354729	0.2566196	0	0	136.586	0	0	3
250	129	0	2.48238453	283.568374	283.589252	283.469371	283.711223	0.215611188	0.2566196	0	0	136.631	0	0	3
251	130	0	2.49231407	283.579043	283.587616	283.469371	283.711223	0.209162658	0.2566196	0	0	136.252	0	0	3
252	130	0	2.50224361	283.590822	283.586042	283.469371	283.711223	0.203037618	0.2566196	0	0	135.89	0	0	3
253	130	0	2.51217315	283.599741	283.584494	283.469371	283.711223	0.197371005	0.2566196	0	0	135.386	0	0	3
254	131	0	2.52210269	283.607372	283.582942	283.469371	283.711223	0.192235053	0.2566196	0	0	135.994	0	0	3
255	131	0	2.53203222	283.613862	283.581375	283.469371	283.711223	0.187665524	0.2566196	0	0	136.425	0	0	3
256	132	0	2.54196176	283.62197	283.579857	283.469371	283.711223	0.183475821	0.2566196	0	0	136.904	0	0	3
257	132	0	2.5518913	283.627901	283.578365	283.469371	283.711223	0.17994497	0.2566196	0	0	137.014	0	0	3
258	133	0	2.56182084	283.631398	283.57687	283.469371	283.711223	0.176973541	0.2566196	0	0	136.852	0	0	3
259	133	0	2.57175038	283.63663	283.575428	283.469371	283.711223	0.174447557	0.2566196	0	0	136.485	0	0	3
260	134	0	2.58167991	283.635683	283.573946	283.469371	283.71084	0.172448515	0.2566196	0	0	136.054	0	0	3
261	134	0	2.59160945	283.639082	283.572539	283.469371	283.708941	0.170738332	0.2566196	0	0	135.949	0	0	3
262	135	0	2.60153899	283.636406	283.571117	283.469371	283.705957	0.169348126	0.2566196	0	0	136.407	0	0	3
263	135	0	2.61146853	283.635459	283.569735	283.469371	283.701553	0.168122338	0.2566196	0	0	137.544	0	0	3
264	136	0	2.62139807	283.633989	283.56841	283.469371	283.694663	0.166911656	0.2566196	0	0	137.712	0	0	3
265	136	0	2.63132761	283.629556	283.567133	283.469371	283.687336	0.165641953	0.2566196	0	0	137.897	0	0	3
266	136	0	2.64125714	283.623549	283.565883	283.469371	283.678626	0.164296729	0.2566196	0	0	137.853	0	0	3
267	137	0	2.65118668	283.616117	283.564657	283.469371	283.668943	0.16272785	0.2566196	0	0	137.507	0	0	3
268	137	0	2.66111622	283.607598	283.563454	283.469371	283.65844	0.160860537	0.2566196	0	0	136.942	0	0	3
269	138	0	2.67104576	283.598181	283.562273	283.469371	283.646841	0.15865868	0.2566196	0	0	136.205	0	0	3
270	138	0	2.6809753	283.58737	283.561107	283.469371	283.639082	0.156090412	0.2566196	0	0	136.842	0	0	3
271	139	0	2.69090483	283.575656	283.559955	283.469371	283.639082	0.153097422	0.2566196	0	0	137.686	0	0	3
272	139	0	2.70083437	283.562396	283.558807	283.469371	283.639082	0.149686692	0.2566196	0	0	138.208	0	0	3
273	140	0	2.71076391	283.547651	283.557641	283.469371	283.639082	0.145905313	0.2566196	0	0	138.666	0	0	3
274	140	0	2.72069345	283.53185	283.556444	283.469371	283.639082	0.141802844	0.2566196	0	0	138.65	0	0	3
275	141	0	2.73062299	283.515639	283.555208	283.469371	283.639082	0.137452466	0.2566196	0	0	138.404	0	0	3
276	141	0	2.74055252	283.498899	283.553912	283.469371	283.639082	0.132922853	0.2566196	0	0	137.953	0	0	3
277	142	0	2.75048206	283.481964	283.552559	283.469371	283.639082	0.128283802	0.2566196	0	0	137.527	0	0	3
278	142	0	2.7604116	283.464718	283.551121	283.464718	283.639082	0.12361703	0.2566196	0	0	137.069	0	0	3
279	142	0	2.77034114	283.447427	283.549586	283.447427	283.639082	0.119004622	0.2566196	0	0	137.335	0	0	3
280	143	0	2.78027068	283.430464	283.547938	283.430464	283.639082	0.114523753	0.2566196	0	0	138.25	0	0	3
281	143	0	2.79020022	283.413717	283.546162	283.413717	283.639082	0.110249784	0.2566196	0	0	138.185	0	0	3
282	144	0	2.80012975	283.397562	283.544251	283.397562	283.639082	0.106260904	0.2566196	0	0	138.376	0	0	3
283	144	0	2.81005929	283.382231	283.542179	283.382231	283.639082	0.102629475	0.2566196	0	0	138.395	0	0	3
284	145	0	2.81998883	283.36809	283.53995	283.36809	283.639082	0.0991737322	0.2566196	0	0	138.219	0	0	3
285	145	0	2.82991837	283.355273	283.537601	283.355273	283.639082	0.0962605374	0.2566196	0	0	137.776	0	0	3
286	146	0	2.83984791	283.343839	283.535107	283.343839	283.639082	0.0938238166	0.2566196	0	0	137.08	0	0	3
287	146	0	2.84977744	283.33369	283.532416	283.33369	283.639082	0.0918426313	0.2566196	0	0	136.898	0	0	3
288	147	0	2.85970698	283.325192	283.529589	283.325192	283.639082	0.0903084498	0.2566196	0	0	137.114	0	0	3
289	147	0	2.86963652	283.31793	283.526595	283.31793	283.639082	0.0892978876	0.2566196	0	0	137.491	0	0	3
290	148	0	2.87956606	283.312296	283.523399	283.312296	283.639082	0.0888607604	0.2566196	0	0	137.763	0	0	3
291	148	0	2.8894956	283.308379	283.520049	283.308379	283.639082	0.0888848012	0.2566196	0	0	137.844	0	0	3
292	149	0	2.89942514	283.306121	283.516525	283.306121	283.639082	0.089410174	0.2566196	0	0	137.711	0	0	3
293	149	0	2.90935467	283.305243	283.512815	283.305243	283.639082	0.0903708022	0.2566196	0	0	137.359	0	0	3
294	149	0	2.91928421	283.306026	283.509012	283.305243	283.639082	0.091623058	0.2566196	0	0	136.667	0	0	3
295	150	0	2.92921375	283.303345	283.505015	283.303345	283.639082	0.0933146622	0.2566196	0	0	136.099	0	0	3
296	150	0	2.93914329	283.308227	283.500893	283.303345	283.639082	0.0953330646	0.2566196	0	0	136.622	0	0	3
297	151	0	2.94907283	283.313749	283.496666	283.303345	283.639082	0.0977085929	0.2566196	0	0	136.837	0	0	3
298	151	0	2.95900236	283.31664	283.492282	283.303345	283.639082	0.100344566	0.2566196	0	0	137.583	0	0	3
299	152	0	2.9689319	283.324543	283.487839	283.303345	283.639082	0.103097718	0.2566196	0	0	137.595	0	0	3
300	152	0	2.97886144	283.333424	283.483378	283.303345	283.639082	0.105874262	0.2566196	0	0	137.662	0	0	3
301	153	0	2.98879098	283.34133	283.478926	283.303345	283.639082	0.108689681	0.2566196	0	0	137.497	0	0	3
302	153	0	2.99872052	283.352851	283.474491	283.303345	283.639082	0.111550489	0.2566196	0	0	137.005	0	0	3
303	154	0	3.00865005	283.365197	283.470067	283.303345	283.639082	0.114427276	0.2566196	0	0	137.1	0	0	3
304	154	0	3.01857959	283.372087	283.465603	283.303345	283.639082	0.117338254	0.2566196	0	0	136.632	0	0	3
305	155	0	3.02850913	283.385229	283.461248	283.303345	283.639082	0.120127726	0.2566196	0	0	137.123	0	0	3
306	155	0	3.03843867	283.399823	283.457051	283.303345	283.639082	0.122805969	0.2566196	0	0	137.413	0	0	3
307	156	0	3.04836821	283.41317	283.452957	283.303345	283.639082	0.125408101	0.2566196	0	0	137.764	0	0	3
308	156	0	3.05829775	283.423857	283.448956	283.303345	283.639082	0.127914242	0.2566196	0	0	138.093	0	0	3
309	157	0	3.06822728	283.43639	283.445132	283.303345	283.639082	0.130295544	0.2566196	0	0	138.307	0	0	3
310	157	0	3.07815682	283.448468	283.441443	283.303345	283.639082	0.132503819	0.2566196	0	0	138.237	0	0	3
311	157	0	3.08808636	283.456131	283.437922	283.303345	283.639082	0.134617442	0.2566196	0	0	138.064	0	0	3
312	158	0	3.0980159	283.465183	283.434512	283.303345	283.636406	0.136604977	0.2566196	0	0	137.448	0	0	3
313	158	0	3.10794544	283.475319	283.431354	283.303345	283.635459	0.138381224	0.2566196	0	0	137.809	0	0	3
314	159	0	3.11787497	283.484672	283.428397	283.303345	283.633989	0.140013068	0.2566196	0	0	138.086	0	0	3
315	159	0	3.12780451	283.487887	283.425532	283.303345	283.629556	0.141601233	0.2566196	0	0	138.809	0	0	3
316	160	0	3.13773405	283.489619	283.422788	283.303345	283.623549	0.143094371	0.2566196	0	0	139.041	0	0	3
317	160	0	3.14766359	283.496884	283.420305	283.303345	283.616117	0.144352351	0.2566196	0	0	139.288	0	0	3
318	161	0	3.15759313	283.502605	283.418079	283.303345	283.607598	0.145375227	0.2566196	0	0	139.082	0	0	3
319	161	0	3.16752266	283.507858	283.416123	283.303345	283.598181	0.146149366	0.2566196	0	0	138.501	0	0	3
320	162	0	3.1774522	283.499964	283.414198	283.303345	283.58737	0.146909105	0.2566196	0	0	137.743	0	0	3
321	162	0	3.18738174	283.501624	283.412516	283.303345	283.575656	0.14743916	0.2566196	0	0	138.023	0	0	3
322	163	0	3.19731128	283.50245	283.411081	283.303345	283.562396	0.147726134	0.2566196	0	0	138.571	0	0	3
323	163	0	3.20724082	283.500169	283.409861	283.303345	283.547651	0.147780505	0.2566196	0	0	139.404	0	0	3
324	164	0	3.21717036	283.49667	283.408861	283.303345	283.53185	0.147583031	0.2566196	0	0	139.554	0	0	3
325	164	0	3.22709989	283.491444	283.408069	283.303345	283.515639	0.147139258	0.2566196	0	0	139.579	0	0	3
326	164	0	3.23702943	283.484443	283.407457	283.303345	283.507858	0.146455253	0.2566196	0	0	139.201	0	0	3
327	165	0	3.24695897	283.476466	283.407017	283.303345	283.507858	0.145541661	0.2566196	0	0	138.673	0	0	3
328	165	0	3.25688851	283.467982	283.406743	283.303345	283.507858	0.144377833	0.2566196	0	0	138.515	0	0	3
329	166	0	3.26681805	283.458601	283.406623	283.303345	283.507858	0.142963054	0.2566196	0	0	138.254	0	0	3
330	166	0	3.27674758	283.448489	283.406644	283.303345	283.507858	0.141314584	0.2566196	0	0	138.764	0	0	3
331	167	0	3.28667712	283.437215	283.406776	283.303345	283.507858	0.139539093	0.2566196	0	0	139.506	0	0	3
332	167	0	3.29660666	283.424626	283.40699	283.303345	283.507858	0.137628195	0.2566196	0	0	139.919	0	0	3
333	168	0	3.3065362	283.410884	283.407251	283.303345	283.507858	0.135555508	0.2566196	0	0	139.634	0	0	3
334	168	0	3.31646574	283.396081	283.407523	283.303345	283.507858	0.133326987	0.2566196	0	0	139.867	0	0	3
335	169	0	3.32639527	283.380838	283.407773	283.303345	283.507858	0.130977364	0.2566196	0	0	139.689	0	0	3
336	169	0	3.33632481	283.36567	283.407977	283.303345	283.507858	0.128483353	0.2566196	0	0	139.338	0	0	3
337	169	0	3.34625435	283.350032	283.408098	283.303345	283.507858	0.12579269	0.2566196	0	0	138.613	0	0	3
338	170	0	3.35618389	283.334611	283.408116	283.303345	283.507858	0.122965641	0.2566196	0	0	139.005	0	0	3
339	170	0	3.36611343	283.319471	283.408004	283.303345	283.507858	0.119971929	0.2566196	0	0	139.265	0	0	3
340	171	0	3.37604297	283.304341	283.407738	283.303345	283.507858	0.116775517	0.2566196	0	0	140.039	0	0	3
341	171	0	3.3859725	283.290197	283.407304	283.290197	283.507858	0.113425891	0.2566196	0	0	139.828	0	0	3
342	172	0	3.39590204	283.278118	283.406711	283.278118	283.507858	0.1099022	0.2566196	0	0	139.821	0	0	3
343	172	0	3.40583158	283.266145	283.405927	283.266145	283.507858	0.106887631	0.2566196	0	0	139.507	0	0	3
344	173	0	3.41576112	283.256041	283.404962	283.256041	283.507858	0.104049455	0.2566196	0	0	138.822	0	0	3
345	173	0	3.42569066	283.247269	283.40381	283.247269	283.507858	0.101204649	0.2566196	0	0	137.925	0	0	3
346	174	0	3.43562019	283.24037	283.402576	283.24037	283.507858	0.0983174604	0.2566196	0	0	138.12	0	0	3
347	174	0	3.44554973	283.234736	283.401135	283.234736	283.507858	0.095530967	0.2566196	0	0	138.59	0	0	3
348	175	0	3.45547927	283.230957	283.399511	283.230957	283.507858	0.0927712968	0.2566196	0	0	139.02	0	0	3
349	175	0	3.46540881	283.228257	283.397778	283.228257	283.507858	0.0900603574	0.2566196	0	0	139.157	0	0	3
350	176	0	3.47533835	283.22796	283.395884	283.22796	283.507858	0.0874936962	0.2566196	0	0	139.1	0	0	3
351	176	0	3.48526788	283.228984	283.393837	283.22796	283.507858	0.0850897005	0.2566196	0	0	138.763	0	0	3
352	176	0	3.49519742	283.232551	283.391704	283.22796	283.507858	0.0827874878	0.2566196	0	0	138.284	0	0	3
353	177	0	3.50512696	283.237242	283.389437	283.22796	283.507858	0.0806303199	0.2566196	0	0	138.081	0	0	3
354	177	0	3.5150565	283.24355	283.387052	283.22796	283.507858	0.0785517332	0.2566196	0	0	137.738	0	0	3
355	178	0	3.52498604	283.25151	283.384687	283.22796	283.507858	0.0765602391	0.2566196	0	0	138.862	0	0	3
356	178	0	3.53491558	283.260662	283.382245	283.22796	283.507858	0.0748058845	0.2566196	0	0	139.337	0	0	3
357	179	0	3.54484511	283.26885	283.379677	283.22796	283.507858	0.0732798559	0.2566196	0	0	139.472	0	0	3
358	179	0	3.55477465	283.27881	283.377042	283.22796	283.507858	0.0719134799	0.2566196	0	0	139.249	0	0	3
359	180	0	3.56470419	283.292112	283.374459	283.22796	283.507858	0.0706730311	0.2566196	0	0	138.855	0	0	3
360	180	0	3.57463373	283.305236	283.371887	283.22796	283.507858	0.0695552376	0.2566196	0	0	138.395	0	0	3
361	181	0	3.58456327	283.319178	283.369352	283.22796	283.507858	0.0685696981	0.2566196	0	0	137.88	0	0	3
362	181	0	3.5944928	283.335457	283.366986	283.22796	283.507858	0.06752608	0.2566196	0	0	138.295	0	0	3
363	181	0	3.60442234	283.35101	283.364747	283.22796	283.507858	0.0666062118	0.2566196	0	0	139.395	0	0	3
364	182	0	3.61435188	283.367963	283.362642	283.22796	283.507858	0.0657546196	0.2566196	0	0	139.891	0	0	3
365	182	0	3.62428142	283.385414	283.360696	283.22796	283.507858	0.0648360842	0.2566196	0	0	139.879	0	0	3
366	183	0	3.63421096	283.399237	283.358958	283.22796	283.507858	0.0638304511	0.2566196	0	0	139.501	0	0	3
367	183	0	3.6441405	283.413281	283.357461	283.22796	283.507858	0.0628436495	0.2566196	0	0	138.958	0	0	3
368	184	0	3.65407003	283.430348	283.356156	283.22796	283.507858	0.0619225508	0.2566196	0	0	138.509	0	0	3
369	184	0	3.66399957	283.4472	283.35507	283.22796	283.507858	0.0610532429	0.2566196	0	0	138.084	0	0	3
370	185	0	3.67392911	283.461539	283.354162	283.22796	283.50245	0.060035638	0.2566196	0	0	138.281	0	0	3
371	185	0	3.68385865	283.474462	283.353662	283.22796	283.50245	0.0588543843	0.2566196	0	0	139.288	0	0	3
372	186	0	3.69378819	283.487949	283.353394	283.22796	283.50245	0.0576871147	0.2566196	0	0	139.678	0	0	3
373	186	0	3.70371772	283.497806	283.353303	283.22796	283.500169	0.0565580515	0.2566196	0	0	139.619	0	0	3
374	187	0	3.71364726	283.505992	283.353417	283.22796	283.505992	0.0555584423	0.2566196	0	0	139.284	0	0	3
375	187	0	3.7235768	283.514373	283.353764	283.22796	283.514373	0.0548137053	0.2566196	0	0	139.193	0	0	3
376	188	0	3.73350634	283.51992	283.354322	283.22796	283.51992	0.0548137053	0.2566196	0	0	138.909	0	0	3
377	188	0	3.74343588	283.520723	283.355034	283.22796	283.520723	0.0548137053	0.2566196	0	0	138.523	0	0	3
378	189	0	3.75336541	283.522705	283.35594	283.22796	283.522705	0.0548137053	0.2566196	0	0	138.47	0	0	3
379	189	0	3.76329495	283.525699	283.357072	283.22796	283.525699	0.0548137053	0.2566196	0	0	139.02	0	0	3
380	190	0	3.77322449	283.526757	283.358408	283.22796	283.526757	0.0548137053	0.2566196	0	0	139.313	0	0	3
381	190	0	3.78315403	283.518566	283.359782	283.22796	283.526757	0.0548137053	0.2566196	0	0	139.554	0	0	3
382	191	0	3.79308357	283.50948	283.361199	283.22796	283.526757	0.0548137053	0.2566196	0	0	139.802	0	0	3
383	191	0	3.80301311	283.506603	283.362807	283.22796	283.526757	0.0548137053	0.2566196	0	0	139.951	0	0	3
384	191	0	3.81294264	283.503444	283.364622	283.22796	283.526757	0.0548137053	0.2566196	0	0	139.774	0	0	3
385	192	0	3.82287218	283.495915	283.366579	283.22796	283.526757	0.0548137053	0.2566196	0	0	139.66	0	0	3
386	192	0	3.83280172	283.491967	283.368758	283.22796	283.526757	0.0548137053	0.2566196	0	0	139.615	0	0	3
387	193	0	3.84273126	283.471481	283.370833	283.22796	283.526757	0.0548137053	0.2566196	0	0	139.84	0	0	3
388	193	0	3.8526608	283.459114	283.372972	283.22796	283.526757	0.0548137053	0.2566196	0	0	140.135	0	0	3
389	194	0	3.86259033	283.446284	283.375162	283.22796	283.526757	0.054701535	0.2566196	0	0	140.313	0	0	3
390	194	0	3.87251987	283.433006	283.377388	283.22796	283.526757	0.054435091	0.2566196	0	0	140.591	0	0	3
391	195	0	3.88244941	283.418289	283.379622	283.22796	283.526757	0.0540017824	0.2566196	0	0	140.755	0	0	3
392	195	0	3.89237895	283.402132	283.381817	283.22796	283.526757	0.0534084228	0.2566196	0	0	140.733	0	0	3
393	196	0	3.90230849	283.384236	283.383898	283.22796	283.526757	0.0526245876	0.2566196	0	0	140.806	0	0	3
394	196	0	3.91223802	283.365336	283.385842	283.22796	283.526757	0.0516598489	0.2566196	0	0	140.693	0	0	3
395	197	0	3.92216756	283.344277	283.387573	283.22796	283.526757	0.0505077371	0.2566196	0	0	140.55	0	0	3
396	197	0	3.9320971	283.324219	283.389081	283.22796	283.526757	0.0492729449	0.2566196	0	0	140.747	0	0	3
397	197	0	3.94202664	283.302882	283.390307	283.22796	283.526757	0.047831937	0.2566196	0	0	141.231	0	0	3
398	198	0	3.95195618	283.28124	283.391219	283.22796	283.526757	0.0462085622	0.2566196	0	0	141.314	0	0	3
399	198	0	3.96188572	283.259385	283.391776	283.22796	283.526757	0.0444755745	0.2566196	0	0	141.214	0	0	3
400	199	0	3.97181525	283.237784	283.391963	283.22796	283.526757	0.0425817987	0.2566196	0	0	141.425	0	0	3
401	199	0	3.98174479	283.216989	283.391748	283.216989	283.526757	0.0405339554	0.2566196	0	0	141.28	0	0	3
402	200	0	3.99167433	283.196474	283.391111	283.196474	283.526757	0.0386605093	0.2566196	0	0	141.034	0	0	3
403	200	0	4.00160387	283.177572	283.390033	283.177572	283.526757	0.0386605093	0.2566196	0	0	140.766	0	0	3
404	201	0	4.01153341	283.160561	283.388529	283.160561	283.526757	0.0386605093	0.2566196	0	0	140.508	0	0	3
405	201	0	4.02146294	283.144213	283.386581	283.144213	283.526757	0.0386605093	0.2566196	0	0	140.293	0	0	3
406	202	0	4.03139248	283.129723	283.384193	283.129723	283.526757	0.0386605093	0.2566196	0	0	140.453	0	0	3
407	202	0	4.04132202	283.11711	283.381378	283.11711	283.526757	0.0386605093	0.2566196	0	0	140.919	0	0	3
408	203	0	4.05125156	283.111581	283.378295	283.111581	283.526757	0.0386605093	0.2566196	0	0	140.844	0	0	3
409	203	0	4.0611811	283.096571	283.374721	283.096571	283.526757	0.0386605093	0.2566196	0	0	140.732	0	0	3
410	204	0	4.07111063	283.089833	283.370755	283.089833	283.526757	0.0386605093	0.2566196	0	0	140.465	0	0	3
411	204	0	4.08104017	283.090836	283.366551	283.089833	283.526757	0.0386605093	0.2566196	0	0	139.963	0	0	3
412	205	0	4.09096971	283.081446	283.36189	283.081446	283.526757	0.0386605093	0.2566196	0	0	139.407	0	0	3
413	205	0	4.10089925	283.080651	283.356894	283.080651	283.526757	0.0386605093	0.2566196	0	0	139.78	0	0	3
414	206	0	4.11082879	283.08106	283.351601	283.080651	283.526757	0.0403626143	0.2566196	0	0	140.015	0	0	3
415	206	0	4.12075833	283.083932	283.346031	283.080651	283.526757	0.0459318565	0.2566196	0	0	140.212	0	0	3
416	206	0	4.13068786	283.087457	283.340189	283.080651	283.526757	0.0517741476	0.2566196	0	0	140.268	0	0	3
417	207	0	4.1406174	283.09334	283.334191	283.080651	283.526757	0.0577721152	0.2566196	0	0	140.404	0	0	3
418	207	0	4.15054694	283.096704	283.327984	283.080651	283.526757	0.063979501	0.2566196	0	0	140.199	0	0	3
419	208	0	4.16047648	283.103848	283.321582	283.080651	283.526757	0.0703814676	0.2566196	0	0	139.936	0	0	3
420	208	0	4.17040602	283.113033	283.315029	283.080651	283.526757	0.0769337633	0.2566196	0	0	139.554	0	0	3
421	209	0	4.18033555	283.123129	283.308394	283.080651	283.526757	0.0835692427	0.2566196	0	0	139.27	0	0	3
422	209	0	4.19026509	283.133221	283.301703	283.080651	283.526757	0.0902602371	0.2566196	0	0	139.427	0	0	3
423	210	0	4.20019463	283.146172	283.295001	283.080651	283.526757	0.0969617502	0.2566196	0	0	139.947	0	0	3
424	210	0	4.21012417	283.158703	283.288352	283.080651	283.526757	0.103610832	0.2566196	0	0	140.324	0	0	3
425	211	0	4.22005371	283.17382	283.281839	283.080651	283.526757	0.110124009	0.2566196	0	0	140.495	0	0	3
426	211	0	4.22998325	283.188648	283.275452	283.080651	283.526757	0.11651077	0.2566196	0	0	140.284	0	0	3
427	212	0	4.23991278	283.201373	283.269206	283.080651	283.526757	0.122756804	0.2566196	0	0	139.998	0	0	3
428	212	0	4.24984232	283.213753	283.263187	283.080651	283.526757	0.128775836	0.2566196	0	0	139.661	0	0	3
429	213	0	4.25977186	283.229477	283.257438	283.080651	283.526757	0.134525401	0.2566196	0	0	139.018	0	0	3
430	213	0	4.2697014	283.242666	283.251888	283.080651	283.526757	0.140075074	0.2566196	0	0	139.262	0	0	3
431	214	0	4.27963094	283.256857	283.246596	283.080651	283.518566	0.145367231	0.2566196	0	0	139.849	0	0	3
432	214	0	4.28956047	283.268325	283.241689	283.080651	283.50948	0.150273919	0.2566196	0	0	140.471	0	0	3
433	215	0	4.29949001	283.275149	283.237095	283.080651	283.506603	0.154868642	0.2566196	0	0	140.693	0	0	3
434	215	0	4.30941955	283.284665	283.232743	283.080651	283.503444	0.159220371	0.2566196	0	0	140.535	0	0	3
435	216	0	4.31934909	283.29518	283.228659	283.080651	283.495915	0.163303985	0.2566196	0	0	140.348	0	0	3
436	216	0	4.32927863	283.304034	283.224897	283.080651	283.491967	0.167066355	0.2566196	0	0	140.045	0	0	3
437	217	0	4.33920816	283.306172	283.221254	283.080651	283.471481	0.170709399	0.2566196	0	0	139.436	0	0	3
438	217	0	4.3491377	283.305708	283.218003	283.080651	283.459114	0.173959854	0.2566196	0	0	139.405	0	0	3
439	218	0	4.35906724	283.311357	283.215106	283.080651	283.446284	0.176857052	0.2566196	0	0	140.165	0	0	3
440	218	0	4.36899678	283.314582	283.212524	283.080651	283.433006	0.179439455	0.2566196	0	0	140.765	0	0	3
441	219	0	4.37892632	283.318391	283.210276	283.080651	283.418289	0.181686792	0.2566196	0	0	141.028	0	0	3
442	219	0	4.38885586	283.306553	283.208085	283.080651	283.402132	0.183877688	0.2566196	0	0	140.973	0	0	3
443	220	0	4.39878539	283.306205	283.206205	283.080651	283.384236	0.1857586	0.2566196	0	0	140.891	0	0	3
444	220	0	4.40871493	283.30433	283.204638	283.080651	283.365336	0.187325387	0.2566196	0	0	140.582	0	0	3
445	221	0	4.41864447	283.300228	283.203361	283.080651	283.344277	0.188601999	0.2566196	0	0	140.133	0	0	3
446	221	0	4.42857401	283.292985	283.202355	283.080651	283.324219	0.189607726	0.2566196	0	0	140.534	0	0	3
447	221	0	4.43850355	283.28364	283.20156	283.080651	283.318391	0.190403402	0.2566196	0	0	141.193	0	0	3
448	222	0	4.44843308	283.272364	283.200961	283.080651	283.318391	0.191001806	0.2566196	0	0	141.395	0	0	3
449	223	0	4.45836262	283.260318	283.200551	283.080651	283.318391	0.191412048	0.2566196	0	0	141.56	0	0	3
450	223	0	4.46829216	283.247533	283.200319	283.080651	283.318391	0.191644439	0.2566196	0	0	141.603	0	0	3
451	224	0	4.4782217	283.234527	283.200255	283.080651	283.318391	0.191493195	0.2566196	0	0	141.379	0	0	3
452	224	0	4.48815124	283.220536	283.200324	283.080651	283.318391	0.190855735	0.2566196	0	0	141.026	0	0	3
453	225	0	4.49808077	283.20569	283.200505	283.080651	283.318391	0.189777713	0.2566196	0	0	140.688	0	0	3
454	225	0	4.50801031	283.190032	283.200749	283.080651	283.318391	0.188274166	0.2566196	0	0	140.342	0	0	3
455	226	0	4.51793985	283.174421	283.201021	283.080651	283.318391	0.186326372	0.2566196	0	0	140.512	0	0	3
456	226	0	4.52786939	283.157253	283.201277	283.080651	283.318391	0.183938392	0.2566196	0	0	141.224	0	0	3
457	227	0	4.53779893	283.139465	283.201468	283.080651	283.318391	0.181123652	0.2566196	0	0	141.742	0	0	3
458	227	0	4.54772847	283.120514	283.201535	283.080651	283.318391	0.17803994	0.2566196	0	0	141.76	0	0	3
459	228	0	4.557658	283.101531	283.201338	283.080651	283.318391	0.174466614	0.2566196	0	0	141.405	0	0	3
460	228	0	4.56758754	283.081575	283.201043	283.080651	283.318391	0.17050036	0.2566196	0	0	141.123	0	0	3
461	229	0	4.57751708	283.060633	283.200471	283.060633	283.318391	0.166296456	0.2566196	0	0	140.618	0	0	3
462	229	0	4.58744662	283.039562	283.199466	283.039562	283.318391	0.162424318	0.2566196	0	0	140.34	0	0	3
463	230	0	4.59737616	283.017972	283.198221	283.017972	283.318391	0.158672696	0.2566196	0	0	140.655	0	0	3
464	230	0	4.60730569	282.996774	283.196576	282.996774	283.318391	0.155024198	0.2566196	0	0	140.896	0	0	3
465	231	0	4.61723523	282.976155	283.194519	282.976155	283.318391	0.151511917	0.2566196	0	0	141.079	0	0	3
466	231	0	4.62716477	282.956241	283.192016	282.956241	283.318391	0.148173362	0.2566196	0	0	140.969	0	0	3
467	232	0	4.63709431	282.93901	283.189105	282.93901	283.318391	0.14508612	0.2566196	0	0	140.508	0	0	3
468	232	0	4.64702385	282.921353	283.185733	282.921353	283.318391	0.142251038	0.2566196	0	0	140.381	0	0	3
469	233	0	4.65695338	282.906318	283.182	282.906318	283.318391	0.139582139	0.2566196	0	0	139.881	0	0	3
470	233	0	4.66688292	282.893103	283.177867	282.893103	283.318391	0.137162087	0.2566196	0	0	139.384	0	0	3
471	234	0	4.67681246	282.883086	283.173359	282.883086	283.318391	0.135035363	0.2566196	0	0	139.944	0	0	3
472	234	0	4.686742	282.87463	283.168486	282.87463	283.318391	0.133216902	0.2566196	0	0	140.045	0	0	3
473	235	0	4.69667154	282.867652	283.163279	282.867652	283.318391	0.131722617	0.2566196	0	0	139.803	0	0	3
474	235	0	4.70660108	282.863283	283.157732	282.863283	283.318391	0.130620381	0.2566196	0	0	139.634	0	0	3
475	236	0	4.71653061	282.860459	283.151884	282.860459	283.318391	0.129955118	0.2566196	0	0	139.336	0	0	3
476	237	0	4.72646015	282.857735	283.145686	282.857735	283.318391	0.129766107	0.2566196	0	0	139.269	0	0	3
477	237	0	4.73638969	282.85617	283.139167	282.85617	283.318391	0.130039242	0.2566196	0	0	138.865	0	0	3
478	238	0	4.74631923	282.856244	283.1324	282.85617	283.318391	0.130787444	0.2566196	0	0	138.463	0	0	3
479	238	0	4.75624877	282.857444	283.125413	282.85617	283.318391	0.132024333	0.2566196	0	0	139.015	0	0	3
480	238	0	4.7661783	282.860451	283.118178	282.85617	283.318391	0.133710466	0.2566196	0	0	139.103	0	0	3
481	239	0	4.77610784	282.866276	283.110797	282.85617	283.318391	0.135798492	0.2566196	0	0	139.086	0	0	3
482	240	0	4.78603738	282.871139	283.103234	282.85617	283.318391	0.138454902	0.2566196	0	0	139.358	0	0	3
483	240	0	4.79596692	282.877475	283.095571	282.85617	283.318391	0.141523902	0.2566196	0	0	139.253	0	0	3
484	241	0	4.80589646	282.886909	283.087958	282.85617	283.318391	0.144784725	0.2566196	0	0	139.161	0	0	3
485	241	0	4.81582599	282.896712	283.080351	282.85617	283.318391	0.148308044	0.2566196	0	0	138.803	0	0	3
486	242	0	4.82575553	282.905366	283.072708	282.85617	283.318391	0.152189084	0.2566196	0	0	138.231	0	0	3
487	242	0	4.83568507	282.918947	283.065157	282.85617	283.318391	0.156096767	0.2566196	0	0	138.664	0	0	3
488	242	0	4.84561461	282.932049	283.057821	282.85617	283.318391	0.160182065	0.2566196	0	0	138.729	0	0	3
489	243	0	4.85554415	282.939338	283.050637	282.85617	283.318391	0.164468594	0.2566196	0	0	138.903	0	0	3
490	243	0	4.86547369	282.953557	283.043622	282.85617	283.318391	0.168901885	0.2566196	0	0	139.036	0	0	3
491	244	0	4.87540322	282.967486	283.036816	282.85617	283.318391	0.173460339	0.2566196	0	0	138.97	0	0	3
492	244	0	4.88533276	282.979793	283.030177	282.85617	283.306553	0.177908633	0.2566196	0	0	138.902	0	0	3
493	245	0	4.8952623	282.991474	283.023999	282.85617	283.306205	0.182205752	0.2566196	0	0	138.405	0	0	3
494	245	0	4.90519184	283.005364	283.0181	282.85617	283.30433	0.186537807	0.2566196	0	0	137.931	0	0	3
495	246	0	4.91512138	283.017414	283.012474	282.85617	283.300228	0.190887003	0.2566196	0	0	138.346	0	0	3
496	246	0	4.92505091	283.02635	283.007104	282.85617	283.292985	0.195251432	0.2566196	0	0	138.285	0	0	3
497	247	0	4.93498045	283.038482	283.002114	282.85617	283.28364	0.199446007	0.2566196	0	0	138.527	0	0	3
498	247	0	4.94490999	283.051336	282.997559	282.85617	283.272364	0.203975824	0.2566196	0	0	138.475	0	0	3
499	248	0	4.95483953	283.060631	282.993407	282.85617	283.260318	0.208127445	0.2566196	0	0	138.429	0	0	3
500	248	0	4.96476907	283.069369	282.989663	282.85617	283.247533	0.211871525	0.2566196	0	0	138.171	0	0	3
501	249	0	4.97469861	283.077395	282.986327	282.85617	283.234527	0.215207577	0.2566196	0	0	137.59	0	0	3
502	250	0	4.98462814	283.085524	282.983405	282.85617	283.220536	0.218129199	0.2566196	0	0	137.546	0	0	3
503	250	0	4.99455768	283.092318	282.980891	282.85617	283.20569	0.220643276	0.2566196	0	0	137.093	0	0	3
504	251	0	5.00448722	283.09617	282.978744	282.85617	283.190032	0.222790729	0.2566196	0	0	137.527	0	0	3
505	251	0	5.01441676	283.101667	282.977011	282.85617	283.174421	0.224523364	0.2566196	0	0	137.555	0	0	3
506	252	0	5.0243463	283.099304	282.975538	282.85617	283.157253	0.225996255	0.2566196	0	0	137.513	0	0	3
507	252	0	5.03427583	283.102225	282.974459	282.85617	283.139465	0.227075236	0.2566196	0	0	137.22	0	0	3
508	253	0	5.04420537	283.102246	282.97373	282.85617	283.120514	0.227805019	0.2566196	0	0	137.473	0	0	3
509	253	0	5.05413491	283.102449	282.973375	282.85617	283.102449	0.227962179	0.2566196	0	0	136.857	0	0	3
510	254	0	5.06406445	283.099706	282.97334	282.85617	283.102449	0.227703927	0.2566196	0	0	137.506	0	0	3
511	254	0	5.07399399	283.096774	282.973638	282.85617	283.102449	0.227131374	0.2566196	0	0	138.065	0	0	3
512	255	0	5.08392352	283.091813	282.974249	282.85617	283.102449	0.226125989	0.2566196	0	0	138.241	0	0	3
513	255	0	5.09385306	283.086872	282.975177	282.85617	283.102449	0.224881411	0.2566196	0	0	138.565	0	0	3
514	256	0	5.1037826	283.079507	282.976383	282.85617	283.102449	0.223236777	0.2566196	0	0	139.183	0	0	3
515	256	0	5.11371214	283.071395	282.977846	282.85617	283.102449	0.221179816	0.2566196	0	0	139.623	0	0	3
516	257	0	5.12364168	283.06178	282.979525	282.85617	283.102449	0.218676079	0.2566196	0	0	139.837	0	0	3
517	257	0	5.13357122	283.05263	282.981415	282.85617	283.102449	0.215765353	0.2566196	0	0	140.476	0	0	3
518	258	0	5.14350075	283.041821	282.983431	282.85617	283.102449	0.21239305	0.2566196	0	0	140.991	0	0	3
519	258	0	5.15343029	283.030876	282.985579	282.85617	283.102449	0.208659982	0.2566196	0	0	141.025	0	0	3
520	259	0	5.16335983	283.019963	282.987807	282.85617	283.102449	0.204527739	0.2566196	0	0	140.788	0	0	3
521	259	0	5.17328937	283.009106	282.990082	282.85617	283.102449	0.200018983	0.2566196	0	0	140.199	0	0	3
522	260	0	5.18321891	282.998361	282.992342	282.85617	283.102449	0.19514645	0.2566196	0	0	140.171	0	0	3
523	260	0	5.19314844	282.988096	282.994567	282.85617	283.102449	0.189939221	0.2566196	0	0	140.159	0	0	3
524	261	0	5.20307798	282.978311	282.996736	282.85617	283.102449	0.184392376	0.2566196	0	0	140.319	0	0	3
525	261	0	5.21300752	282.969069	282.998811	282.85617	283.102449	0.178544463	0.2566196	0	0	140.308	0	0	3
526	262	0	5.22293706	282.960884	283.00078	282.85617	283.102449	0.172346712	0.2566196	0	0	140.235	0	0	3
527	262	0	5.2328666	282.953433	283.002656	282.85617	283.102449	0.165827543	0.2566196	0	0	139.904	0	0	3
528	263	0	5.24279613	282.946874	283.004435	282.856244	283.102449	0.159060309	0.2566196	0	0	139.773	0	0	3
529	263	0	5.25272567	282.942153	283.006119	282.857444	283.102449	0.152073855	0.2566196	0	0	139.45	0	0	3
530	264	0	5.26265521	282.938415	283.007707	282.860451	283.102449	0.144838049	0.2566196	0	0	139.803	0	0	3
531	264	0	5.27258475	282.936353	283.009195	282.866276	283.102449	0.137457866	0.2566196	0	0	140.415	0	0	3
532	265	0	5.28251429	282.935709	283.010557	282.871139	283.102449	0.129894769	0.2566196	0	0	140.799	0	0	3
533	265	0	5.29244383	282.936354	283.011835	282.877475	283.102449	0.122231045	0.2566196	0	0	140.935	0	0	3
534	266	0	5.30237336	282.942993	283.01312	282.886909	283.102449	0.114618493	0.2566196	0	0	140.967	0	0	3
535	266	0	5.3123029	282.940249	283.014166	282.896712	283.102449	0.107011561	0.2566196	0	0	140.885	0	0	3
536	266	0	5.32223244	282.945599	283.015124	282.905366	283.102449	0.0993681502	0.2566196	0	0	140.544	0	0	3
537	267	0	5.33216198	282.952188	283.016043	282.918947	283.102449	0.0918174226	0.2566196	0	0	140.392	0	0	3
538	267	0	5.34209152	282.960002	283.016848	282.932049	283.102449	0.0844816697	0.2566196	0	0	141.517	0	0	3
539	268	0	5.35202105	282.965382	283.017501	282.935709	283.102449	0.0772979427	0.2566196	0	0	142.331	0	0	3
540	268	0	5.36195059	282.976069	283.018221	282.935709	283.102449	0.0702822487	0.2566196	0	0	142.896	0	0	3
541	269	0	5.37188013	282.985695	283.018852	282.935709	283.102449	0.0634764573	0.2566196	0	0	143.269	0	0	3
542	269	0	5.38180967	282.996773	283.019426	282.935709	283.102449	0.0568372678	0.2566196	0	0	143.337	0	0	3
543	270	0	5.39173921	283.011537	283.020048	282.935709	283.102449	0.0506592369	0.2566196	0	0	143.087	0	0	3
544	270	0	5.40166874	283.02679	283.020741	282.935709	283.102449	0.0474011139	0.2566196	0	0	142.7	0	0	3
545	271	0	5.41159828	283.040711	283.021434	282.935709	283.102449	0.0480941923	0.2566196	0	0	142.301	0	0	3
546	271	0	5.42152782	283.055587	283.022182	282.935709	283.102449	0.0488426839	0.2566196	0	0	143.088	0	0	3
547	272	0	5.43145736	283.072608	283.023089	282.935709	283.102449	0.0497496855	0.2566196	0	0	143.457	0	0	3
548	272	0	5.4413869	283.089154	283.024083	282.935709	283.102449	0.0507432612	0.2566196	0	0	144.681	0	0	3
549	273	0	5.45131644	283.104263	283.025121	282.935709	283.104263	0.051781052	0.2566196	0	0	144.648	0	0	3
550	273	0	5.46124597	283.116549	283.026217	282.935709	283.116549	0.0528774816	0.2566196	0	0	145.632	0	0	3
551	274	0	5.47117551	283.13461	283.027496	282.935709	283.13461	0.0541567035	0.2566196	0	0	145.336	0	0	3
552	274	0	5.48110505	283.149295	283.028906	282.935709	283.149295	0.055566516	0.2566196	0	0	145.957	0	0	3
553	275	0	5.49103459	283.166061	283.030485	282.935709	283.166061	0.0571456785	0.2566196	0	0	145.555	0	0	3
554	275	0	5.50096413	283.183487	283.032273	282.935709	283.183487	0.0589333027	0.2566196	0	0	145.526	0	0	3
555	276	0	5.51089366	283.199655	283.034302	282.935709	283.199655	0.0609624206	0.2566196	0	0	145.518	0	0	3
556	276	0	5.5208232	283.211646	283.036458	282.935709	283.211646	0.0631188757	0.2566196	0	0	146.255	0	0	3
557	277	0	5.53075274	283.222004	283.038864	282.935709	283.222004	0.0655247663	0.2566196	0	0	146.701	0	0	3
558	277	0	5.54068228	283.234974	283.041467	282.935709	283.234974	0.0681276901	0.2566196	0	0	146.958	0	0	3
559	278	0	5.55061182	283.247811	283.044321	282.935709	283.247811	0.0709819129	0.2566196	0	0	147.213	0	0	3
560	278	0	5.56054135	283.256963	283.047351	282.935709	283.256963	0.0740115992	0.2566196	0	0	147.272	0	0	3
561	278	0	5.57047089	283.262002	283.050533	282.935709	283.262002	0.0768958605	0.2566196	0	0	147.734	0	0	3
562	279	0	5.58040043	283.267728	283.053885	282.935709	283.267728	0.0796365206	0.2566196	0	0	147.613	0	0	3
563	279	0	5.59032997	283.274408	283.057466	282.935709	283.274408	0.0822891586	0.2566196	0	0	148.425	0	0	3
564	280	0	5.60025951	283.279044	283.061234	282.935709	283.279044	0.084850653	0.2566196	0	0	147.744	0	0	3
565	280	0	5.61018905	283.28216	283.065207	282.935709	283.28216	0.087361075	0.2566196	0	0	148.531	0	0	3
566	281	0	5.62011858	283.27665	283.069232	282.935709	283.28216	0.0897067702	0.2566196	0	0	148.343	0	0	3
567	281	0	5.63004812	283.275825	283.073429	282.935709	283.28216	0.0920137741	0.2566196	0	0	148.494	0	0	3
568	282	0	5.63997766	283.273581	283.077761	282.935709	283.28216	0.0943302704	0.2566196	0	0	147.928	0	0	3
569	282	0	5.6499072	283.269714	283.08223	282.935709	283.28216	0.0966512654	0.2566196	0	0	147.325	0	0	3
570	283	0	5.65983674	283.26393	283.0868	282.935709	283.28216	0.0989926058	0.2566196	0	0	146.604	0	0	3
571	283	0	5.66976627	283.255545	283.091419	282.935709	283.28216	0.101337299	0.2566196	0	0	146.144	0	0	3
572	284	0	5.67969581	283.246673	283.096077	282.935709	283.28216	0.103735185	0.2566196	0	0	146.255	0	0	3
573	284	0	5.68962535	283.236811	283.100752	282.935709	283.28216	0.10618584	0.2566196	0	0	146.19	0	0	3
574	285	0	5.69955489	283.226144	283.10542	282.935709	283.28216	0.108683658	0.2566196	0	0	146.071	0	0	3
575	285	0	5.70948443	283.214875	283.110059	282.935709	283.28216	0.111247932	0.2566196	0	0	145.913	0	0	3
576	286	0	5.71941397	283.203891	283.114663	282.935709	283.28216	0.113883157	0.2566196	0	0	145.75	0	0	3
577	287	0	5.7293435	283.191126	283.119177	282.935709	283.28216	0.116521266	0.2566196	0	0	145.516	0	0	3
578	287	0	5.73927304	283.177993	283.123581	282.935709	283.28216	0.119145878	0.2566196	0	0	145.331	0	0	3
579	288	0	5.74920258	283.164335	283.127845	282.935709	283.28216	0.121725312	0.2566196	0	0	145.231	0	0	3
580	288	0	5.75913212	283.150366	283.131927	282.935709	283.28216	0.124220261	0.2566196	0	0	145.256	0	0	3
581	289	0	5.76906166	283.136106	283.135803	282.935709	283.28216	0.126608301	0.2566196	0	0	145.047	0	0	3
582	289	0	5.77899119	283.121101	283.139426	282.935709	283.28216	0.128869397	0.2566196	0	0	144.966	0	0	3
583	290	0	5.78892073	283.105821	283.142762	282.936354	283.28216	0.130926215	0.2566196	0	0	145.064	0	0	3
584	290	0	5.79885027	283.092121	283.145816	282.940249	283.28216	0.132695789	0.2566196	0	0	145.063	0	0	3
585	291	0	5.80877981	283.078954	283.148482	282.940249	283.28216	0.134315805	0.2566196	0	0	144.863	0	0	3
586	291	0	5.81870935	283.066442	283.150956	282.945599	283.28216	0.135831619	0.2566196	0	0	144.739	0	0	3
587	292	0	5.82863888	283.054963	283.1531	282.952188	283.28216	0.137057934	0.2566196	0	0	144.604	0	0	3
588	292	0	5.83856842	283.045003	283.15492	282.960002	283.28216	0.138072818	0.2566196	0	0	144.615	0	0	3
589	293	0	5.84849796	283.036317	283.156417	282.965382	283.28216	0.138915588	0.2566196	0	0	144.236	0	0	3
590	293	0	5.8584275	283.029222	283.157668	282.976069	283.28216	0.139447145	0.2566196	0	0	144.287	0	0	3
591	294	0	5.86835704	283.023817	283.158605	282.985695	283.28216	0.139753206	0.2566196	0	0	144.227	0	0	3
592	294	0	5.87828658	283.020299	283.159283	282.996773	283.28216	0.139857464	0.2566196	0	0	144.358	0	0	3
593	295	0	5.88821611	283.018848	283.159716	283.011537	283.28216	0.139667878	0.2566196	0	0	145.331	0	0	3
594	295	0	5.89814565	283.019663	283.159875	283.018848	283.28216	0.139134731	0.2566196	0	0	144.689	0	0	3
595	296	0	5.90807519	283.022339	283.159788	283.018848	283.28216	0.138441653	0.2566196	0	0	143.976	0	0	3
596	296	0	5.91800473	283.02669	283.159513	283.018848	283.28216	0.137693161	0.2566196	0	0	143.117	0	0	3
597	296	0	5.92793427	283.032956	283.159069	283.018848	283.28216	0.13678616	0.2566196	0	0	143.262	0	0	3
598	297	0	5.9378638	283.038395	283.158399	283.018848	283.28216	0.135792584	0.2566196	0	0	143.327	0	0	3
599	297	0	5.94779334	283.050877	283.157648	283.018848	283.28216	0.134754793	0.2566196	0	0	143.177	0	0	3
600	298	0	5.95772288	283.062251	283.156824	283.018848	283.28216	0.133658363	0.2566196	0	0	146.22	0	0	3
601	299	0	5.96765242	283.076712	283.156043	283.018848	283.28216	0.132379142	0.2566196	0	0	146.194	0	0	3
602	299	0	5.97758196	283.092455	283.155217	283.018848	283.28216	0.130969329	0.2566196	0	0	147.105	0	0	3
603	300	0	5.98751149	283.109438	283.154435	283.018848	283.28216	0.129390167	0.2566196	0	0	146.378	0	0	3
604	300	0	5.99744103	283.127483	283.153679	283.018848	283.28216	0.127602542	0.2566196	0	0	147.903	0	0	3
605	301	0	6.00737057	283.146745	283.152958	283.018848	283.28216	0.125573424	0.2566196	0	0	147.537	0	0	3
