Iteration	CPUTime	PhysTime	Travels	Value	AvValue	MinValue	MaxValue	Delta	Criteria	Progress	dGMaxMin	CriteriaType	CriteriaVarType	CriteriaPercentage
1	15	0	0.00992953813	0	0	0	0	0	0	0	0	0	0	0	3
2	15	0	0.0198590763	0	0	0	0	0	0	0	0	0	0	0	3
3	16	0	0.0297886144	0	0	0	0	0	0	0	0	0	0	0	3
4	16	0	0.0397181525	0	0	0	0	0	0	0	0	0	0	0	3
5	17	0	0.0496476907	0	0	0	0	0	0	0	0	0	0	0	3
6	17	0	0.0595772288	0	0	0	0	0	0	0	0	0	0	0	3
7	18	0	0.0695067669	0	0	0	0	0	0	0	0	0	0	0	3
8	18	0	0.0794363051	0	0	0	0	0	0	0	0	0	0	0	3
9	19	0	0.0893658432	0	0	0	0	0	0	0	0	0	0	0	3
10	19	0	0.0992953813	0	0	0	0	0	0	0	0	0	0	0	3
11	19	0	0.109224919	0	0	0	0	0	0	0	0	0	0	0	3
12	20	0	0.119154458	0	0	0	0	0	0	0	0	0	0	0	3
13	20	0	0.129083996	0	0	0	0	0	0	0	0	0	0	0	3
14	21	0	0.139013534	0	0	0	0	0	0	0	0	0	0	0	3
15	21	0	0.148943072	0	0	0	0	0	0	0	0	0	0	0	3
16	22	0	0.15887261	0	0	0	0	0	0	0	0	0	0	0	3
17	22	0	0.168802148	0	0	0	0	0	0	0	0	0	0	0	3
18	22	0	0.178731686	0	0	0	0	0	0	0	0	0	0	0	3
19	23	0	0.188661225	0	0	0	0	0	0	0	0	0	0	0	3
20	23	0	0.198590763	0	0	0	0	0	0	0	0	0	0	0	3
21	24	0	0.208520301	0	0	0	0	0	0	0	0	0	0	0	3
22	24	0	0.218449839	0	0	0	0	0	0	0	0	0	0	0	3
23	25	0	0.228379377	0	0	0	0	0	0	0	0	0	0	0	3
24	25	0	0.238308915	0	0	0	0	0	0	0	0	0	0	0	3
25	25	0	0.248238453	0	0	0	0	0	0	0	0	0	0	0	3
26	26	0	0.258167991	0	0	0	0	0	0	0	0	0	0	0	3
27	26	0	0.26809753	0	0	0	0	0	0	0	0	0	0	0	3
28	27	0	0.278027068	0	0	0	0	0	0	0	0	0	0	0	3
29	27	0	0.287956606	0	0	0	0	0	0	0	0	0	0	0	3
30	27	0	0.297886144	0	0	0	0	0	0	0	0	0	0	0	3
31	28	0	0.307815682	0	0	0	0	0	0	0	0	0	0	0	3
32	28	0	0.31774522	0	0	0	0	0	0	0	0	0	0	0	3
33	29	0	0.327674758	0	0	0	0	0	0	0	0	0	0	0	3
34	29	0	0.337604297	0	0	0	0	0	0	0	0	0	0	0	3
35	30	0	0.347533835	0	0	0	0	0	0	0	0	0	0	0	3
36	30	0	0.357463373	0	0	0	0	0	0	0	0	0	0	0	3
37	30	0	0.367392911	0	0	0	0	0	0	0	0	0	0	0	3
38	31	0	0.377322449	0	0	0	0	0	0	0	0	0	0	0	3
39	31	0	0.387251987	0	0	0	0	0	0	0	0	0	0	0	3
40	32	0	0.397181525	0	0	0	0	0	0	0	0	0	0	0	3
41	32	0	0.407111063	0	0	0	0	0	0	0	0	0	0	0	3
42	33	0	0.417040602	0	0	0	0	0	0	0	0	0	0	0	3
43	33	0	0.42697014	0	0	0	0	0	0	0	0	0	0	0	3
44	33	0	0.436899678	0	0	0	0	0	0	0	0	0	0	0	3
45	34	0	0.446829216	0	0	0	0	0	0	0	0	0	0	0	3
46	34	0	0.456758754	0	0	0	0	0	0	0	0	0	0	0	3
47	35	0	0.466688292	0	0	0	0	0	0	0	0	0	0	0	3
48	35	0	0.47661783	0	0	0	0	0	0	0	0	0	0	0	3
49	35	0	0.486547369	0	0	0	0	0	0	0	0	0	0	0	3
50	36	0	0.496476907	0	0	0	0	0	0	0	0	0	0	0	3
51	36	0	0.506406445	0	0	0	0	0	0	0	0	0	0	0	3
52	37	0	0.516335983	0	0	0	0	0	0	0	0	0	0	0	3
53	37	0	0.526265521	0	0	0	0	0	0	0	0	0	0	0	3
54	37	0	0.536195059	0	0	0	0	0	0	0	0	0	0	0	3
55	38	0	0.546124597	0	0	0	0	0	0	0	0	0	0	0	3
56	38	0	0.556054135	0	0	0	0	0	0	0	0	0	0	0	3
57	39	0	0.565983674	0	0	0	0	0	0	0	0	0	0	0	3
58	39	0	0.575913212	0	0	0	0	0	0	0	0	0	0	0	3
59	40	0	0.58584275	0	0	0	0	0	0	0	0	0	0	0	3
60	40	0	0.595772288	0	0	0	0	0	0	0	0	0	0	0	3
61	40	0	0.605701826	0	0	0	0	0	0	0	0	0	0	0	3
62	41	0	0.615631364	0	0	0	0	0	0	0	0	0	0	0	3
63	41	0	0.625560902	0	0	0	0	0	0	0	0	0	0	0	3
64	42	0	0.635490441	0	0	0	0	0	0	0	0	0	0	0	3
65	42	0	0.645419979	0	0	0	0	0	0	0	0	0	0	0	3
66	43	0	0.655349517	0	0	0	0	0	0	0	0	0	0	0	3
67	43	0	0.665279055	0	0	0	0	0	0	0	0	0	0	0	3
68	43	0	0.675208593	0	0	0	0	0	0	0	0	0	0	0	3
69	44	0	0.685138131	0	0	0	0	0	0	0	0	0	0	0	3
70	44	0	0.695067669	0	0	0	0	0	0	0	0	0	0	0	3
71	45	0	0.704997208	0	0	0	0	0	0	0	0	0	0	0	3
72	45	0	0.714926746	0	0	0	0	0	0	0	0	0	0	0	3
73	45	0	0.724856284	0	0	0	0	0	0	0	0	0	0	0	3
74	46	0	0.734785822	0	0	0	0	0	0	0	0	0	0	0	3
75	46	0	0.74471536	0	0	0	0	0	0	0	0	0	0	0	3
76	47	0	0.754644898	0	0	0	0	0	0	0	0	0	0	0	3
77	47	0	0.764574436	0	0	0	0	0	0	0	0	0	0	0	3
78	48	0	0.774503974	0	0	0	0	0	0	0	0	0	0	0	3
79	48	0	0.784433513	0	0	0	0	0	0	0	0	0	0	0	3
80	48	0	0.794363051	0	0	0	0	0	0	0	0	0	0	0	3
81	49	0	0.804292589	0	0	0	0	0	0	0	0	0	0	0	3
82	49	0	0.814222127	0	0	0	0	0	0	0	0	0	0	0	3
83	50	0	0.824151665	0	0	0	0	0	0	0	0	0	0	0	3
84	50	0	0.834081203	0	0	0	0	0	0	0	0	0	0	0	3
85	50	0	0.844010741	0	0	0	0	0	0	0	0	0	0	0	3
86	51	0	0.85394028	0	0	0	0	0	0	0	0	0	0	0	3
87	51	0	0.863869818	0	0	0	0	0	0	0	0	0	0	0	3
88	52	0	0.873799356	0	0	0	0	0	0	0	0	0	0	0	3
89	52	0	0.883728894	0	0	0	0	0	0	0	0	0	0	0	3
90	53	0	0.893658432	0	0	0	0	0	0	0	0	0	0	0	3
91	53	0	0.90358797	0	0	0	0	0	0	0	0	0	0	0	3
92	54	0	0.913517508	0	0	0	0	0	0	0	0	0	0	0	3
93	54	0	0.923447046	0	0	0	0	0	0	0	0	0	0	0	3
94	54	0	0.933376585	0	0	0	0	0	0	0	0	0	0	0	3
95	55	0	0.943306123	0	0	0	0	0	0	0	0	0	0	0	3
96	55	0	0.953235661	0	0	0	0	0	0	0	0	0	0	0	3
97	56	0	0.963165199	0	0	0	0	0	0	0	0	0	0	0	3
98	56	0	0.973094737	0	0	0	0	0	0	0	0	0	0	0	3
99	57	0	0.983024275	0	0	0	0	0	0	0	0	0	0	0	3
100	57	0	0.992953813	0	0	0	0	0	0	0	0	0	0	0	3
101	58	0	1.00288335	0	0	0	0	0	5e-06	0	0	0	0	0	3
102	58	0	1.01281289	0	0	0	0	0	5e-06	0	0	0	0	0	3
103	59	0	1.02274243	0	0	0	0	0	5e-06	0	0	0	0	0	3
104	59	0	1.03267197	0	0	0	0	0	5e-06	0	0	0	0	0	3
105	60	0	1.0426015	0	0	0	0	0	5e-06	0	0	0	0	0	3
106	60	0	1.05253104	0	0	0	0	0	5e-06	0	0	0	0	0	3
107	60	0	1.06246058	0	0	0	0	0	5e-06	0	0	0	0	0	3
108	61	0	1.07239012	0	0	0	0	0	5e-06	0	0	0	0	0	3
109	61	0	1.08231966	0	0	0	0	0	5e-06	0	0	0	0	0	3
110	62	0	1.09224919	0	0	0	0	0	5e-06	0	0	0	0	0	3
111	62	0	1.10217873	0	0	0	0	0	5e-06	0	0	0	0	0	3
112	63	0	1.11210827	0	0	0	0	0	5e-06	0	0	0	0	0	3
113	63	0	1.12203781	0	0	0	0	0	5e-06	0	0	0	0	0	3
114	64	0	1.13196735	0	0	0	0	0	5e-06	0	0	0	0	0	3
115	64	0	1.14189689	0	0	0	0	0	5e-06	0	0	0	0	0	3
116	65	0	1.15182642	0	0	0	0	0	5e-06	0	0	0	0	0	3
117	65	0	1.16175596	0	0	0	0	0	5e-06	0	0	0	0	0	3
118	66	0	1.1716855	0	0	0	0	0	5e-06	0	0	0	0	0	3
119	66	0	1.18161504	0	0	0	0	0	5e-06	0	0	0	0	0	3
120	67	0	1.19154458	0	0	0	0	0	5e-06	0	0	0	0	0	3
121	67	0	1.20147411	0	0	0	0	0	5e-06	0	0	0	0	0	3
122	67	0	1.21140365	0	0	0	0	0	5e-06	0	0	0	0	0	3
123	68	0	1.22133319	0	0	0	0	0	5e-06	0	0	0	0	0	3
124	68	0	1.23126273	0	0	0	0	0	5e-06	0	0	0	0	0	3
125	69	0	1.24119227	0	0	0	0	0	5e-06	0	0	0	0	0	3
126	69	0	1.2511218	0	0	0	0	0	5e-06	0	0	0	0	0	3
127	70	0	1.26105134	0	0	0	0	0	5e-06	0	0	0	0	0	3
128	70	0	1.27098088	0	0	0	0	0	5e-06	0	0	0	0	0	3
129	71	0	1.28091042	0	0	0	0	0	5e-06	0	0	0	0	0	3
130	71	0	1.29083996	0	0	0	0	0	5e-06	0	0	0	0	0	3
131	72	0	1.3007695	0	0	0	0	0	5e-06	0	0	0	0	0	3
132	72	0	1.31069903	0	0	0	0	0	5e-06	0	0	0	0	0	3
133	73	0	1.32062857	0	0	0	0	0	5e-06	0	0	0	0	0	3
134	73	0	1.33055811	0	0	0	0	0	5e-06	0	0	0	0	0	3
135	74	0	1.34048765	0	0	0	0	0	5e-06	0	0	0	0	0	3
136	74	0	1.35041719	0	0	0	0	0	5e-06	0	0	0	0	0	3
137	75	0	1.36034672	0	0	0	0	0	5e-06	0	0	0	0	0	3
138	75	0	1.37027626	0	0	0	0	0	5e-06	0	0	0	0	0	3
139	75	0	1.3802058	0	0	0	0	0	5e-06	0	0	0	0	0	3
140	76	0	1.39013534	0	0	0	0	0	5e-06	0	0	0	0	0	3
141	77	0	1.40006488	0	0	0	0	0	5e-06	0	0	0	0	0	3
142	77	0	1.40999442	0	0	0	0	0	5e-06	0	0	0	0	0	3
143	78	0	1.41992395	0	0	0	0	0	5e-06	0	0	0	0	0	3
144	78	0	1.42985349	0	0	0	0	0	5e-06	0	0	0	0	0	3
145	79	0	1.43978303	0	0	0	0	0	5e-06	0	0	0	0	0	3
146	79	0	1.44971257	0	0	0	0	0	5e-06	0	0	0	0	0	3
147	80	0	1.45964211	0	0	0	0	0	5e-06	0	0	0	0	0	3
148	80	0	1.46957164	0	0	0	0	0	5e-06	0	0	0	0	0	3
149	81	0	1.47950118	0	0	0	0	0	5e-06	0	0	0	0	0	3
150	81	0	1.48943072	0	0	0	0	0	5e-06	0	0	0	0	0	3
151	82	0	1.49936026	0	0	0	0	0	5e-06	0	0	0	0	0	3
152	82	0	1.5092898	0	0	0	0	0	5e-06	0	0	0	0	0	3
153	82	0	1.51921933	0	0	0	0	0	5e-06	0	0	0	0	0	3
154	83	0	1.52914887	0	0	0	0	0	5e-06	0	0	0	0	0	3
155	83	0	1.53907841	0	0	0	0	0	5e-06	0	0	0	0	0	3
156	84	0	1.54900795	0	0	0	0	0	5e-06	0	0	0	0	0	3
157	84	0	1.55893749	0	0	0	0	0	5e-06	0	0	0	0	0	3
158	85	0	1.56886703	0	0	0	0	0	5e-06	0	0	0	0	0	3
159	86	0	1.57879656	0	0	0	0	0	5e-06	0	0	0	0	0	3
160	86	0	1.5887261	0	0	0	0	0	5e-06	0	0	0	0	0	3
161	86	0	1.59865564	0	0	0	0	0	5e-06	0	0	0	0	0	3
162	87	0	1.60858518	0	0	0	0	0	5e-06	0	0	0	0	0	3
163	88	0	1.61851472	0	0	0	0	0	5e-06	0	0	0	0	0	3
164	88	0	1.62844425	0	0	0	0	0	5e-06	0	0	0	0	0	3
165	89	0	1.63837379	0	0	0	0	0	5e-06	0	0	0	0	0	3
166	89	0	1.64830333	0	0	0	0	0	5e-06	0	0	0	0	0	3
167	90	0	1.65823287	0	0	0	0	0	5e-06	0	0	0	0	0	3
168	90	0	1.66816241	0	0	0	0	0	5e-06	0	0	0	0	0	3
169	91	0	1.67809194	0	0	0	0	0	5e-06	0	0	0	0	0	3
170	91	0	1.68802148	0	0	0	0	0	5e-06	0	0	0	0	0	3
171	92	0	1.69795102	0	0	0	0	0	5e-06	0	0	0	0	0	3
172	92	0	1.70788056	0	0	0	0	0	5e-06	0	0	0	0	0	3
173	92	0	1.7178101	0	0	0	0	0	5e-06	0	0	0	0	0	3
174	93	0	1.72773964	0	0	0	0	0	5e-06	0	0	0	0	0	3
175	93	0	1.73766917	0	0	0	0	0	5e-06	0	0	0	0	0	3
176	94	0	1.74759871	0	0	0	0	0	5e-06	0	0	0	0	0	3
177	94	0	1.75752825	0	0	0	0	0	5e-06	0	0	0	0	0	3
178	95	0	1.76745779	0	0	0	0	0	5e-06	0	0	0	0	0	3
179	95	0	1.77738733	0	0	0	0	0	5e-06	0	0	0	0	0	3
180	96	0	1.78731686	0	0	0	0	0	5e-06	0	0	0	0	0	3
181	96	0	1.7972464	0	0	0	0	0	5e-06	0	0	0	0	0	3
182	97	0	1.80717594	0	0	0	0	0	5e-06	0	0	0	0	0	3
183	97	0	1.81710548	0	0	0	0	0	5e-06	0	0	0	0	0	3
184	98	0	1.82703502	0	0	0	0	0	5e-06	0	0	0	0	0	3
185	98	0	1.83696455	0	0	0	0	0	5e-06	0	0	0	0	0	3
186	99	0	1.84689409	0	0	0	0	0	5e-06	0	0	0	0	0	3
187	99	0	1.85682363	0	0	0	0	0	5e-06	0	0	0	0	0	3
188	99	0	1.86675317	0	0	0	0	0	5e-06	0	0	0	0	0	3
189	100	0	1.87668271	0	0	0	0	0	5e-06	0	0	0	0	0	3
190	100	0	1.88661225	0	0	0	0	0	5e-06	0	0	0	0	0	3
191	101	0	1.89654178	0	0	0	0	0	5e-06	0	0	0	0	0	3
192	101	0	1.90647132	0	0	0	0	0	5e-06	0	0	0	0	0	3
193	102	0	1.91640086	0	0	0	0	0	5e-06	0	0	0	0	0	3
194	102	0	1.9263304	0	0	0	0	0	5e-06	0	0	0	0	0	3
195	103	0	1.93625994	0	0	0	0	0	5e-06	0	0	0	0	0	3
196	103	0	1.94618947	0	0	0	0	0	5e-06	0	0	0	0	0	3
197	104	0	1.95611901	0	0	0	0	0	5e-06	0	0	0	0	0	3
198	104	0	1.96604855	0	0	0	0	0	5e-06	0	0	0	0	0	3
199	105	0	1.97597809	0	0	0	0	0	5e-06	0	0	0	0	0	3
200	105	0	1.98590763	0	0	0	0	0	5e-06	0	0	0	0	0	3
201	106	0	1.99583716	0	0	0	0	0	5e-06	0	0	0	0	0	3
202	106	0	2.0057667	0	0	0	0	0	5e-06	0	0	0	0	0	3
203	107	0	2.01569624	0	0	0	0	0	5e-06	0	0	0	0	0	3
204	107	0	2.02562578	0	0	0	0	0	5e-06	0	0	0	0	0	3
205	108	0	2.03555532	0	0	0	0	0	5e-06	0	0	0	0	0	3
206	108	0	2.04548486	0	0	0	0	0	5e-06	0	0	0	0	0	3
207	109	0	2.05541439	0	0	0	0	0	5e-06	0	0	0	0	0	3
208	109	0	2.06534393	0	0	0	0	0	5e-06	0	0	0	0	0	3
209	110	0	2.07527347	0	0	0	0	0	5e-06	0	0	0	0	0	3
210	110	0	2.08520301	0	0	0	0	0	5e-06	0	0	0	0	0	3
211	110	0	2.09513255	0	0	0	0	0	5e-06	0	0	0	0	0	3
212	111	0	2.10506208	0	0	0	0	0	5e-06	0	0	0	0	0	3
213	111	0	2.11499162	0	0	0	0	0	5e-06	0	0	0	0	0	3
214	112	0	2.12492116	0	0	0	0	0	5e-06	0	0	0	0	0	3
215	112	0	2.1348507	0	0	0	0	0	5e-06	0	0	0	0	0	3
216	113	0	2.14478024	0	0	0	0	0	5e-06	0	0	0	0	0	3
217	113	0	2.15470978	0	0	0	0	0	5e-06	0	0	0	0	0	3
218	114	0	2.16463931	0	0	0	0	0	5e-06	0	0	0	0	0	3
219	114	0	2.17456885	0	0	0	0	0	5e-06	0	0	0	0	0	3
220	115	0	2.18449839	0	0	0	0	0	5e-06	0	0	0	0	0	3
221	115	0	2.19442793	0	0	0	0	0	5e-06	0	0	0	0	0	3
222	116	0	2.20435747	0	0	0	0	0	5e-06	0	0	0	0	0	3
223	116	0	2.214287	0	0	0	0	0	5e-06	0	0	0	0	0	3
224	117	0	2.22421654	0	0	0	0	0	5e-06	0	0	0	0	0	3
225	117	0	2.23414608	0	0	0	0	0	5e-06	0	0	0	0	0	3
226	118	0	2.24407562	0	0	0	0	0	5e-06	0	0	0	0	0	3
227	118	0	2.25400516	0	0	0	0	0	5e-06	0	0	0	0	0	3
228	119	0	2.26393469	0	0	0	0	0	5e-06	0	0	0	0	0	3
229	119	0	2.27386423	0	0	0	0	0	5e-06	0	0	0	0	0	3
230	120	0	2.28379377	0	0	0	0	0	5e-06	0	0	0	0	0	3
231	120	0	2.29372331	0	0	0	0	0	5e-06	0	0	0	0	0	3
232	121	0	2.30365285	0	0	0	0	0	5e-06	0	0	0	0	0	3
233	121	0	2.31358239	0	0	0	0	0	5e-06	0	0	0	0	0	3
234	122	0	2.32351192	0	0	0	0	0	5e-06	0	0	0	0	0	3
235	122	0	2.33344146	0	0	0	0	0	5e-06	0	0	0	0	0	3
236	122	0	2.343371	0	0	0	0	0	5e-06	0	0	0	0	0	3
237	123	0	2.35330054	0	0	0	0	0	5e-06	0	0	0	0	0	3
238	123	0	2.36323008	0	0	0	0	0	5e-06	0	0	0	0	0	3
239	124	0	2.37315961	0	0	0	0	0	5e-06	0	0	0	0	0	3
240	124	0	2.38308915	0	0	0	0	0	5e-06	0	0	0	0	0	3
241	125	0	2.39301869	0	0	0	0	0	5e-06	0	0	0	0	0	3
242	125	0	2.40294823	0	0	0	0	0	5e-06	0	0	0	0	0	3
243	126	0	2.41287777	0	0	0	0	0	5e-06	0	0	0	0	0	3
244	126	0	2.4228073	0	0	0	0	0	5e-06	0	0	0	0	0	3
245	127	0	2.43273684	0	0	0	0	0	5e-06	0	0	0	0	0	3
246	127	0	2.44266638	0	0	0	0	0	5e-06	0	0	0	0	0	3
247	128	0	2.45259592	0	0	0	0	0	5e-06	0	0	0	0	0	3
248	128	0	2.46252546	0	0	0	0	0	5e-06	0	0	0	0	0	3
249	129	0	2.472455	0	0	0	0	0	5e-06	0	0	0	0	0	3
250	129	0	2.48238453	0	0	0	0	0	5e-06	0	0	0	0	0	3
251	130	0	2.49231407	0	0	0	0	0	5e-06	0	0	0	0	0	3
252	130	0	2.50224361	0	0	0	0	0	5e-06	0	0	0	0	0	3
253	130	0	2.51217315	0	0	0	0	0	5e-06	0	0	0	0	0	3
254	131	0	2.52210269	0	0	0	0	0	5e-06	0	0	0	0	0	3
255	131	0	2.53203222	0	0	0	0	0	5e-06	0	0	0	0	0	3
256	132	0	2.54196176	0	0	0	0	0	5e-06	0	0	0	0	0	3
257	132	0	2.5518913	0	0	0	0	0	5e-06	0	0	0	0	0	3
258	133	0	2.56182084	0	0	0	0	0	5e-06	0	0	0	0	0	3
259	133	0	2.57175038	0	0	0	0	0	5e-06	0	0	0	0	0	3
260	134	0	2.58167991	0	0	0	0	0	5e-06	0	0	0	0	0	3
261	134	0	2.59160945	0	0	0	0	0	5e-06	0	0	0	0	0	3
262	135	0	2.60153899	0	0	0	0	0	5e-06	0	0	0	0	0	3
263	135	0	2.61146853	0	0	0	0	0	5e-06	0	0	0	0	0	3
264	136	0	2.62139807	0	0	0	0	0	5e-06	0	0	0	0	0	3
265	136	0	2.63132761	0	0	0	0	0	5e-06	0	0	0	0	0	3
266	136	0	2.64125714	0	0	0	0	0	5e-06	0	0	0	0	0	3
267	137	0	2.65118668	0	0	0	0	0	5e-06	0	0	0	0	0	3
268	137	0	2.66111622	0	0	0	0	0	5e-06	0	0	0	0	0	3
269	138	0	2.67104576	0	0	0	0	0	5e-06	0	0	0	0	0	3
270	138	0	2.6809753	0	0	0	0	0	5e-06	0	0	0	0	0	3
271	139	0	2.69090483	0	0	0	0	0	5e-06	0	0	0	0	0	3
272	139	0	2.70083437	0	0	0	0	0	5e-06	0	0	0	0	0	3
273	140	0	2.71076391	0	0	0	0	0	5e-06	0	0	0	0	0	3
274	140	0	2.72069345	0	0	0	0	0	5e-06	0	0	0	0	0	3
275	141	0	2.73062299	0	0	0	0	0	5e-06	0	0	0	0	0	3
276	141	0	2.74055252	0	0	0	0	0	5e-06	0	0	0	0	0	3
277	142	0	2.75048206	0	0	0	0	0	5e-06	0	0	0	0	0	3
278	142	0	2.7604116	0	0	0	0	0	5e-06	0	0	0	0	0	3
279	142	0	2.77034114	0	0	0	0	0	5e-06	0	0	0	0	0	3
280	143	0	2.78027068	0	0	0	0	0	5e-06	0	0	0	0	0	3
281	143	0	2.79020022	0	0	0	0	0	5e-06	0	0	0	0	0	3
282	144	0	2.80012975	0	0	0	0	0	5e-06	0	0	0	0	0	3
283	144	0	2.81005929	0	0	0	0	0	5e-06	0	0	0	0	0	3
284	145	0	2.81998883	0	0	0	0	0	5e-06	0	0	0	0	0	3
285	145	0	2.82991837	0	0	0	0	0	5e-06	0	0	0	0	0	3
286	146	0	2.83984791	0	0	0	0	0	5e-06	0	0	0	0	0	3
287	146	0	2.84977744	0	0	0	0	0	5e-06	0	0	0	0	0	3
288	147	0	2.85970698	0	0	0	0	0	5e-06	0	0	0	0	0	3
289	147	0	2.86963652	0	0	0	0	0	5e-06	0	0	0	0	0	3
290	148	0	2.87956606	0	0	0	0	0	5e-06	0	0	0	0	0	3
291	148	0	2.8894956	0	0	0	0	0	5e-06	0	0	0	0	0	3
292	149	0	2.89942514	0	0	0	0	0	5e-06	0	0	0	0	0	3
293	149	0	2.90935467	0	0	0	0	0	5e-06	0	0	0	0	0	3
294	149	0	2.91928421	0	0	0	0	0	5e-06	0	0	0	0	0	3
295	150	0	2.92921375	0	0	0	0	0	5e-06	0	0	0	0	0	3
296	150	0	2.93914329	0	0	0	0	0	5e-06	0	0	0	0	0	3
297	151	0	2.94907283	0	0	0	0	0	5e-06	0	0	0	0	0	3
298	151	0	2.95900236	0	0	0	0	0	5e-06	0	0	0	0	0	3
299	152	0	2.9689319	0	0	0	0	0	5e-06	0	0	0	0	0	3
300	152	0	2.97886144	0	0	0	0	0	5e-06	0	0	0	0	0	3
301	153	0	2.98879098	0	0	0	0	0	5e-06	0	0	0	0	0	3
302	153	0	2.99872052	0	0	0	0	0	5e-06	0	0	0	0	0	3
303	154	0	3.00865005	0	0	0	0	0	5e-06	0	0	0	0	0	3
304	154	0	3.01857959	0	0	0	0	0	5e-06	0	0	0	0	0	3
305	155	0	3.02850913	0	0	0	0	0	5e-06	0	0	0	0	0	3
306	155	0	3.03843867	0	0	0	0	0	5e-06	0	0	0	0	0	3
307	156	0	3.04836821	0	0	0	0	0	5e-06	0	0	0	0	0	3
308	156	0	3.05829775	0	0	0	0	0	5e-06	0	0	0	0	0	3
309	157	0	3.06822728	0	0	0	0	0	5e-06	0	0	0	0	0	3
310	157	0	3.07815682	0	0	0	0	0	5e-06	0	0	0	0	0	3
311	157	0	3.08808636	0	0	0	0	0	5e-06	0	0	0	0	0	3
312	158	0	3.0980159	0	0	0	0	0	5e-06	0	0	0	0	0	3
313	158	0	3.10794544	0	0	0	0	0	5e-06	0	0	0	0	0	3
314	159	0	3.11787497	0	0	0	0	0	5e-06	0	0	0	0	0	3
315	159	0	3.12780451	0	0	0	0	0	5e-06	0	0	0	0	0	3
316	160	0	3.13773405	0	0	0	0	0	5e-06	0	0	0	0	0	3
317	160	0	3.14766359	0	0	0	0	0	5e-06	0	0	0	0	0	3
318	161	0	3.15759313	0	0	0	0	0	5e-06	0	0	0	0	0	3
319	161	0	3.16752266	0	0	0	0	0	5e-06	0	0	0	0	0	3
320	162	0	3.1774522	0	0	0	0	0	5e-06	0	0	0	0	0	3
321	162	0	3.18738174	0	0	0	0	0	5e-06	0	0	0	0	0	3
322	163	0	3.19731128	0	0	0	0	0	5e-06	0	0	0	0	0	3
323	163	0	3.20724082	0	0	0	0	0	5e-06	0	0	0	0	0	3
324	164	0	3.21717036	0	0	0	0	0	5e-06	0	0	0	0	0	3
325	164	0	3.22709989	0	0	0	0	0	5e-06	0	0	0	0	0	3
326	164	0	3.23702943	0	0	0	0	0	5e-06	0	0	0	0	0	3
327	165	0	3.24695897	0	0	0	0	0	5e-06	0	0	0	0	0	3
328	165	0	3.25688851	0	0	0	0	0	5e-06	0	0	0	0	0	3
329	166	0	3.26681805	0	0	0	0	0	5e-06	0	0	0	0	0	3
330	166	0	3.27674758	0	0	0	0	0	5e-06	0	0	0	0	0	3
331	167	0	3.28667712	0	0	0	0	0	5e-06	0	0	0	0	0	3
332	167	0	3.29660666	0	0	0	0	0	5e-06	0	0	0	0	0	3
333	168	0	3.3065362	0	0	0	0	0	5e-06	0	0	0	0	0	3
334	168	0	3.31646574	0	0	0	0	0	5e-06	0	0	0	0	0	3
335	169	0	3.32639527	0	0	0	0	0	5e-06	0	0	0	0	0	3
336	169	0	3.33632481	0	0	0	0	0	5e-06	0	0	0	0	0	3
337	169	0	3.34625435	0	0	0	0	0	5e-06	0	0	0	0	0	3
338	170	0	3.35618389	0	0	0	0	0	5e-06	0	0	0	0	0	3
339	170	0	3.36611343	0	0	0	0	0	5e-06	0	0	0	0	0	3
340	171	0	3.37604297	0	0	0	0	0	5e-06	0	0	0	0	0	3
341	171	0	3.3859725	0	0	0	0	0	5e-06	0	0	0	0	0	3
342	172	0	3.39590204	0	0	0	0	0	5e-06	0	0	0	0	0	3
343	172	0	3.40583158	0	0	0	0	0	5e-06	0	0	0	0	0	3
344	173	0	3.41576112	0	0	0	0	0	5e-06	0	0	0	0	0	3
345	173	0	3.42569066	0	0	0	0	0	5e-06	0	0	0	0	0	3
346	174	0	3.43562019	0	0	0	0	0	5e-06	0	0	0	0	0	3
347	174	0	3.44554973	0	0	0	0	0	5e-06	0	0	0	0	0	3
348	175	0	3.45547927	0	0	0	0	0	5e-06	0	0	0	0	0	3
349	175	0	3.46540881	0	0	0	0	0	5e-06	0	0	0	0	0	3
350	176	0	3.47533835	0	0	0	0	0	5e-06	0	0	0	0	0	3
351	176	0	3.48526788	0	0	0	0	0	5e-06	0	0	0	0	0	3
352	176	0	3.49519742	0	0	0	0	0	5e-06	0	0	0	0	0	3
353	177	0	3.50512696	0	0	0	0	0	5e-06	0	0	0	0	0	3
354	177	0	3.5150565	0	0	0	0	0	5e-06	0	0	0	0	0	3
355	178	0	3.52498604	0	0	0	0	0	5e-06	0	0	0	0	0	3
356	178	0	3.53491558	0	0	0	0	0	5e-06	0	0	0	0	0	3
357	179	0	3.54484511	0	0	0	0	0	5e-06	0	0	0	0	0	3
358	179	0	3.55477465	0	0	0	0	0	5e-06	0	0	0	0	0	3
359	180	0	3.56470419	0	0	0	0	0	5e-06	0	0	0	0	0	3
360	180	0	3.57463373	0	0	0	0	0	5e-06	0	0	0	0	0	3
361	181	0	3.58456327	0	0	0	0	0	5e-06	0	0	0	0	0	3
362	181	0	3.5944928	0	0	0	0	0	5e-06	0	0	0	0	0	3
363	181	0	3.60442234	0	0	0	0	0	5e-06	0	0	0	0	0	3
364	182	0	3.61435188	0	0	0	0	0	5e-06	0	0	0	0	0	3
365	182	0	3.62428142	0	0	0	0	0	5e-06	0	0	0	0	0	3
366	183	0	3.63421096	0	0	0	0	0	5e-06	0	0	0	0	0	3
367	183	0	3.6441405	0	0	0	0	0	5e-06	0	0	0	0	0	3
368	184	0	3.65407003	0	0	0	0	0	5e-06	0	0	0	0	0	3
369	184	0	3.66399957	0	0	0	0	0	5e-06	0	0	0	0	0	3
370	185	0	3.67392911	0	0	0	0	0	5e-06	0	0	0	0	0	3
371	185	0	3.68385865	0	0	0	0	0	5e-06	0	0	0	0	0	3
372	186	0	3.69378819	0	0	0	0	0	5e-06	0	0	0	0	0	3
373	186	0	3.70371772	0	0	0	0	0	5e-06	0	0	0	0	0	3
374	187	0	3.71364726	0	0	0	0	0	5e-06	0	0	0	0	0	3
375	187	0	3.7235768	0	0	0	0	0	5e-06	0	0	0	0	0	3
376	188	0	3.73350634	0	0	0	0	0	5e-06	0	0	0	0	0	3
377	188	0	3.74343588	0	0	0	0	0	5e-06	0	0	0	0	0	3
378	189	0	3.75336541	0	0	0	0	0	5e-06	0	0	0	0	0	3
379	189	0	3.76329495	0	0	0	0	0	5e-06	0	0	0	0	0	3
380	190	0	3.77322449	0	0	0	0	0	5e-06	0	0	0	0	0	3
381	190	0	3.78315403	0	0	0	0	0	5e-06	0	0	0	0	0	3
382	191	0	3.79308357	0	0	0	0	0	5e-06	0	0	0	0	0	3
383	191	0	3.80301311	0	0	0	0	0	5e-06	0	0	0	0	0	3
384	191	0	3.81294264	0	0	0	0	0	5e-06	0	0	0	0	0	3
385	192	0	3.82287218	0	0	0	0	0	5e-06	0	0	0	0	0	3
386	192	0	3.83280172	0	0	0	0	0	5e-06	0	0	0	0	0	3
387	193	0	3.84273126	0	0	0	0	0	5e-06	0	0	0	0	0	3
388	193	0	3.8526608	0	0	0	0	0	5e-06	0	0	0	0	0	3
389	194	0	3.86259033	0	0	0	0	0	5e-06	0	0	0	0	0	3
390	194	0	3.87251987	0	0	0	0	0	5e-06	0	0	0	0	0	3
391	195	0	3.88244941	0	0	0	0	0	5e-06	0	0	0	0	0	3
392	195	0	3.89237895	0	0	0	0	0	5e-06	0	0	0	0	0	3
393	196	0	3.90230849	0	0	0	0	0	5e-06	0	0	0	0	0	3
394	196	0	3.91223802	0	0	0	0	0	5e-06	0	0	0	0	0	3
395	197	0	3.92216756	0	0	0	0	0	5e-06	0	0	0	0	0	3
396	197	0	3.9320971	0	0	0	0	0	5e-06	0	0	0	0	0	3
397	197	0	3.94202664	0	0	0	0	0	5e-06	0	0	0	0	0	3
398	198	0	3.95195618	0	0	0	0	0	5e-06	0	0	0	0	0	3
399	198	0	3.96188572	0	0	0	0	0	5e-06	0	0	0	0	0	3
400	199	0	3.97181525	0	0	0	0	0	5e-06	0	0	0	0	0	3
401	199	0	3.98174479	0	0	0	0	0	5e-06	0	0	0	0	0	3
402	200	0	3.99167433	0	0	0	0	0	5e-06	0	0	0	0	0	3
403	200	0	4.00160387	0	0	0	0	0	5e-06	0	0	0	0	0	3
404	201	0	4.01153341	0	0	0	0	0	5e-06	0	0	0	0	0	3
405	201	0	4.02146294	0	0	0	0	0	5e-06	0	0	0	0	0	3
406	202	0	4.03139248	0	0	0	0	0	5e-06	0	0	0	0	0	3
407	202	0	4.04132202	0	0	0	0	0	5e-06	0	0	0	0	0	3
408	203	0	4.05125156	0	0	0	0	0	5e-06	0	0	0	0	0	3
409	203	0	4.0611811	0	0	0	0	0	5e-06	0	0	0	0	0	3
410	204	0	4.07111063	0	0	0	0	0	5e-06	0	0	0	0	0	3
411	204	0	4.08104017	0	0	0	0	0	5e-06	0	0	0	0	0	3
412	205	0	4.09096971	0	0	0	0	0	5e-06	0	0	0	0	0	3
413	205	0	4.10089925	0	0	0	0	0	5e-06	0	0	0	0	0	3
414	206	0	4.11082879	0	0	0	0	0	5e-06	0	0	0	0	0	3
415	206	0	4.12075833	0	0	0	0	0	5e-06	0	0	0	0	0	3
416	206	0	4.13068786	0	0	0	0	0	5e-06	0	0	0	0	0	3
417	207	0	4.1406174	0	0	0	0	0	5e-06	0	0	0	0	0	3
418	207	0	4.15054694	0	0	0	0	0	5e-06	0	0	0	0	0	3
419	208	0	4.16047648	0	0	0	0	0	5e-06	0	0	0	0	0	3
420	208	0	4.17040602	0	0	0	0	0	5e-06	0	0	0	0	0	3
421	209	0	4.18033555	0	0	0	0	0	5e-06	0	0	0	0	0	3
422	209	0	4.19026509	0	0	0	0	0	5e-06	0	0	0	0	0	3
423	210	0	4.20019463	0	0	0	0	0	5e-06	0	0	0	0	0	3
424	210	0	4.21012417	0	0	0	0	0	5e-06	0	0	0	0	0	3
425	211	0	4.22005371	0	0	0	0	0	5e-06	0	0	0	0	0	3
426	211	0	4.22998325	0	0	0	0	0	5e-06	0	0	0	0	0	3
427	212	0	4.23991278	0	0	0	0	0	5e-06	0	0	0	0	0	3
428	212	0	4.24984232	0	0	0	0	0	5e-06	0	0	0	0	0	3
429	213	0	4.25977186	0	0	0	0	0	5e-06	0	0	0	0	0	3
430	213	0	4.2697014	0	0	0	0	0	5e-06	0	0	0	0	0	3
431	214	0	4.27963094	0	0	0	0	0	5e-06	0	0	0	0	0	3
432	214	0	4.28956047	0	0	0	0	0	5e-06	0	0	0	0	0	3
433	215	0	4.29949001	0	0	0	0	0	5e-06	0	0	0	0	0	3
434	215	0	4.30941955	0	0	0	0	0	5e-06	0	0	0	0	0	3
435	216	0	4.31934909	0	0	0	0	0	5e-06	0	0	0	0	0	3
436	216	0	4.32927863	0	0	0	0	0	5e-06	0	0	0	0	0	3
437	217	0	4.33920816	0	0	0	0	0	5e-06	0	0	0	0	0	3
438	217	0	4.3491377	0	0	0	0	0	5e-06	0	0	0	0	0	3
439	218	0	4.35906724	0	0	0	0	0	5e-06	0	0	0	0	0	3
440	218	0	4.36899678	0	0	0	0	0	5e-06	0	0	0	0	0	3
441	219	0	4.37892632	0	0	0	0	0	5e-06	0	0	0	0	0	3
442	219	0	4.38885586	0	0	0	0	0	5e-06	0	0	0	0	0	3
443	220	0	4.39878539	0	0	0	0	0	5e-06	0	0	0	0	0	3
444	220	0	4.40871493	0	0	0	0	0	5e-06	0	0	0	0	0	3
445	221	0	4.41864447	0	0	0	0	0	5e-06	0	0	0	0	0	3
446	221	0	4.42857401	0	0	0	0	0	5e-06	0	0	0	0	0	3
447	221	0	4.43850355	0	0	0	0	0	5e-06	0	0	0	0	0	3
448	222	0	4.44843308	0	0	0	0	0	5e-06	0	0	0	0	0	3
449	223	0	4.45836262	0	0	0	0	0	5e-06	0	0	0	0	0	3
450	223	0	4.46829216	0	0	0	0	0	5e-06	0	0	0	0	0	3
451	224	0	4.4782217	0	0	0	0	0	5e-06	0	0	0	0	0	3
452	224	0	4.48815124	0	0	0	0	0	5e-06	0	0	0	0	0	3
453	225	0	4.49808077	0	0	0	0	0	5e-06	0	0	0	0	0	3
454	225	0	4.50801031	0	0	0	0	0	5e-06	0	0	0	0	0	3
455	226	0	4.51793985	0	0	0	0	0	5e-06	0	0	0	0	0	3
456	226	0	4.52786939	0	0	0	0	0	5e-06	0	0	0	0	0	3
457	227	0	4.53779893	0	0	0	0	0	5e-06	0	0	0	0	0	3
458	227	0	4.54772847	0	0	0	0	0	5e-06	0	0	0	0	0	3
459	228	0	4.557658	0	0	0	0	0	5e-06	0	0	0	0	0	3
460	228	0	4.56758754	0	0	0	0	0	5e-06	0	0	0	0	0	3
461	229	0	4.57751708	0	0	0	0	0	5e-06	0	0	0	0	0	3
462	229	0	4.58744662	0	0	0	0	0	5e-06	0	0	0	0	0	3
463	230	0	4.59737616	0	0	0	0	0	5e-06	0	0	0	0	0	3
464	230	0	4.60730569	0	0	0	0	0	5e-06	0	0	0	0	0	3
465	231	0	4.61723523	0	0	0	0	0	5e-06	0	0	0	0	0	3
466	231	0	4.62716477	0	0	0	0	0	5e-06	0	0	0	0	0	3
467	232	0	4.63709431	0	0	0	0	0	5e-06	0	0	0	0	0	3
468	232	0	4.64702385	0	0	0	0	0	5e-06	0	0	0	0	0	3
469	233	0	4.65695338	0	0	0	0	0	5e-06	0	0	0	0	0	3
470	233	0	4.66688292	0	0	0	0	0	5e-06	0	0	0	0	0	3
471	234	0	4.67681246	0	0	0	0	0	5e-06	0	0	0	0	0	3
472	234	0	4.686742	0	0	0	0	0	5e-06	0	0	0	0	0	3
473	235	0	4.69667154	0	0	0	0	0	5e-06	0	0	0	0	0	3
474	235	0	4.70660108	0	0	0	0	0	5e-06	0	0	0	0	0	3
475	236	0	4.71653061	0	0	0	0	0	5e-06	0	0	0	0	0	3
476	237	0	4.72646015	0	0	0	0	0	5e-06	0	0	0	0	0	3
477	237	0	4.73638969	0	0	0	0	0	5e-06	0	0	0	0	0	3
478	238	0	4.74631923	0	0	0	0	0	5e-06	0	0	0	0	0	3
479	238	0	4.75624877	0	0	0	0	0	5e-06	0	0	0	0	0	3
480	238	0	4.7661783	0	0	0	0	0	5e-06	0	0	0	0	0	3
481	239	0	4.77610784	0	0	0	0	0	5e-06	0	0	0	0	0	3
482	240	0	4.78603738	0	0	0	0	0	5e-06	0	0	0	0	0	3
483	240	0	4.79596692	0	0	0	0	0	5e-06	0	0	0	0	0	3
484	241	0	4.80589646	0	0	0	0	0	5e-06	0	0	0	0	0	3
485	241	0	4.81582599	0	0	0	0	0	5e-06	0	0	0	0	0	3
486	242	0	4.82575553	0	0	0	0	0	5e-06	0	0	0	0	0	3
487	242	0	4.83568507	0	0	0	0	0	5e-06	0	0	0	0	0	3
488	242	0	4.84561461	0	0	0	0	0	5e-06	0	0	0	0	0	3
489	243	0	4.85554415	0	0	0	0	0	5e-06	0	0	0	0	0	3
490	243	0	4.86547369	0	0	0	0	0	5e-06	0	0	0	0	0	3
491	244	0	4.87540322	0	0	0	0	0	5e-06	0	0	0	0	0	3
492	244	0	4.88533276	0	0	0	0	0	5e-06	0	0	0	0	0	3
493	245	0	4.8952623	0	0	0	0	0	5e-06	0	0	0	0	0	3
494	245	0	4.90519184	0	0	0	0	0	5e-06	0	0	0	0	0	3
495	246	0	4.91512138	0	0	0	0	0	5e-06	0	0	0	0	0	3
496	246	0	4.92505091	0	0	0	0	0	5e-06	0	0	0	0	0	3
497	247	0	4.93498045	0	0	0	0	0	5e-06	0	0	0	0	0	3
498	247	0	4.94490999	0	0	0	0	0	5e-06	0	0	0	0	0	3
499	248	0	4.95483953	0	0	0	0	0	5e-06	0	0	0	0	0	3
500	248	0	4.96476907	0	0	0	0	0	5e-06	0	0	0	0	0	3
501	249	0	4.97469861	0	0	0	0	0	5e-06	0	0	0	0	0	3
502	250	0	4.98462814	0	0	0	0	0	5e-06	0	0	0	0	0	3
503	250	0	4.99455768	0	0	0	0	0	5e-06	0	0	0	0	0	3
504	251	0	5.00448722	0	0	0	0	0	5e-06	0	0	0	0	0	3
505	251	0	5.01441676	0	0	0	0	0	5e-06	0	0	0	0	0	3
506	252	0	5.0243463	0	0	0	0	0	5e-06	0	0	0	0	0	3
507	252	0	5.03427583	0	0	0	0	0	5e-06	0	0	0	0	0	3
508	253	0	5.04420537	0	0	0	0	0	5e-06	0	0	0	0	0	3
509	253	0	5.05413491	0	0	0	0	0	5e-06	0	0	0	0	0	3
510	254	0	5.06406445	0	0	0	0	0	5e-06	0	0	0	0	0	3
511	254	0	5.07399399	0	0	0	0	0	5e-06	0	0	0	0	0	3
512	255	0	5.08392352	0	0	0	0	0	5e-06	0	0	0	0	0	3
513	255	0	5.09385306	0	0	0	0	0	5e-06	0	0	0	0	0	3
514	256	0	5.1037826	0	0	0	0	0	5e-06	0	0	0	0	0	3
515	256	0	5.11371214	0	0	0	0	0	5e-06	0	0	0	0	0	3
516	257	0	5.12364168	0	0	0	0	0	5e-06	0	0	0	0	0	3
517	257	0	5.13357122	0	0	0	0	0	5e-06	0	0	0	0	0	3
518	258	0	5.14350075	0	0	0	0	0	5e-06	0	0	0	0	0	3
519	258	0	5.15343029	0	0	0	0	0	5e-06	0	0	0	0	0	3
520	259	0	5.16335983	0	0	0	0	0	5e-06	0	0	0	0	0	3
521	259	0	5.17328937	0	0	0	0	0	5e-06	0	0	0	0	0	3
522	260	0	5.18321891	0	0	0	0	0	5e-06	0	0	0	0	0	3
523	260	0	5.19314844	0	0	0	0	0	5e-06	0	0	0	0	0	3
524	261	0	5.20307798	0	0	0	0	0	5e-06	0	0	0	0	0	3
525	261	0	5.21300752	0	0	0	0	0	5e-06	0	0	0	0	0	3
526	262	0	5.22293706	0	0	0	0	0	5e-06	0	0	0	0	0	3
527	262	0	5.2328666	0	0	0	0	0	5e-06	0	0	0	0	0	3
528	263	0	5.24279613	0	0	0	0	0	5e-06	0	0	0	0	0	3
529	263	0	5.25272567	0	0	0	0	0	5e-06	0	0	0	0	0	3
530	264	0	5.26265521	0	0	0	0	0	5e-06	0	0	0	0	0	3
531	264	0	5.27258475	0	0	0	0	0	5e-06	0	0	0	0	0	3
532	265	0	5.28251429	0	0	0	0	0	5e-06	0	0	0	0	0	3
533	265	0	5.29244383	0	0	0	0	0	5e-06	0	0	0	0	0	3
534	266	0	5.30237336	0	0	0	0	0	5e-06	0	0	0	0	0	3
535	266	0	5.3123029	0	0	0	0	0	5e-06	0	0	0	0	0	3
536	266	0	5.32223244	0	0	0	0	0	5e-06	0	0	0	0	0	3
537	267	0	5.33216198	0	0	0	0	0	5e-06	0	0	0	0	0	3
538	267	0	5.34209152	0	0	0	0	0	5e-06	0	0	0	0	0	3
539	268	0	5.35202105	0	0	0	0	0	5e-06	0	0	0	0	0	3
540	268	0	5.36195059	0	0	0	0	0	5e-06	0	0	0	0	0	3
541	269	0	5.37188013	0	0	0	0	0	5e-06	0	0	0	0	0	3
542	269	0	5.38180967	0	0	0	0	0	5e-06	0	0	0	0	0	3
543	270	0	5.39173921	0	0	0	0	0	5e-06	0	0	0	0	0	3
544	270	0	5.40166874	0	0	0	0	0	5e-06	0	0	0	0	0	3
545	271	0	5.41159828	0	0	0	0	0	5e-06	0	0	0	0	0	3
546	271	0	5.42152782	0	0	0	0	0	5e-06	0	0	0	0	0	3
547	272	0	5.43145736	0	0	0	0	0	5e-06	0	0	0	0	0	3
548	272	0	5.4413869	0	0	0	0	0	5e-06	0	0	0	0	0	3
549	273	0	5.45131644	0	0	0	0	0	5e-06	0	0	0	0	0	3
550	273	0	5.46124597	0	0	0	0	0	5e-06	0	0	0	0	0	3
551	274	0	5.47117551	0	0	0	0	0	5e-06	0	0	0	0	0	3
552	274	0	5.48110505	0	0	0	0	0	5e-06	0	0	0	0	0	3
553	275	0	5.49103459	0	0	0	0	0	5e-06	0	0	0	0	0	3
554	275	0	5.50096413	0	0	0	0	0	5e-06	0	0	0	0	0	3
555	276	0	5.51089366	0	0	0	0	0	5e-06	0	0	0	0	0	3
556	276	0	5.5208232	0	0	0	0	0	5e-06	0	0	0	0	0	3
557	277	0	5.53075274	0	0	0	0	0	5e-06	0	0	0	0	0	3
558	277	0	5.54068228	0	0	0	0	0	5e-06	0	0	0	0	0	3
559	278	0	5.55061182	0	0	0	0	0	5e-06	0	0	0	0	0	3
560	278	0	5.56054135	0	0	0	0	0	5e-06	0	0	0	0	0	3
561	278	0	5.57047089	0	0	0	0	0	5e-06	0	0	0	0	0	3
562	279	0	5.58040043	0	0	0	0	0	5e-06	0	0	0	0	0	3
563	279	0	5.59032997	0	0	0	0	0	5e-06	0	0	0	0	0	3
564	280	0	5.60025951	0	0	0	0	0	5e-06	0	0	0	0	0	3
565	280	0	5.61018905	0	0	0	0	0	5e-06	0	0	0	0	0	3
566	281	0	5.62011858	0	0	0	0	0	5e-06	0	0	0	0	0	3
567	281	0	5.63004812	0	0	0	0	0	5e-06	0	0	0	0	0	3
568	282	0	5.63997766	0	0	0	0	0	5e-06	0	0	0	0	0	3
569	282	0	5.6499072	0	0	0	0	0	5e-06	0	0	0	0	0	3
570	283	0	5.65983674	0	0	0	0	0	5e-06	0	0	0	0	0	3
571	283	0	5.66976627	0	0	0	0	0	5e-06	0	0	0	0	0	3
572	284	0	5.67969581	0	0	0	0	0	5e-06	0	0	0	0	0	3
573	284	0	5.68962535	0	0	0	0	0	5e-06	0	0	0	0	0	3
574	285	0	5.69955489	0	0	0	0	0	5e-06	0	0	0	0	0	3
575	285	0	5.70948443	0	0	0	0	0	5e-06	0	0	0	0	0	3
576	286	0	5.71941397	0	0	0	0	0	5e-06	0	0	0	0	0	3
577	287	0	5.7293435	0	0	0	0	0	5e-06	0	0	0	0	0	3
578	287	0	5.73927304	0	0	0	0	0	5e-06	0	0	0	0	0	3
579	288	0	5.74920258	0	0	0	0	0	5e-06	0	0	0	0	0	3
580	288	0	5.75913212	0	0	0	0	0	5e-06	0	0	0	0	0	3
581	289	0	5.76906166	0	0	0	0	0	5e-06	0	0	0	0	0	3
582	289	0	5.77899119	0	0	0	0	0	5e-06	0	0	0	0	0	3
583	290	0	5.78892073	0	0	0	0	0	5e-06	0	0	0	0	0	3
584	290	0	5.79885027	0	0	0	0	0	5e-06	0	0	0	0	0	3
585	291	0	5.80877981	0	0	0	0	0	5e-06	0	0	0	0	0	3
586	291	0	5.81870935	0	0	0	0	0	5e-06	0	0	0	0	0	3
587	292	0	5.82863888	0	0	0	0	0	5e-06	0	0	0	0	0	3
588	292	0	5.83856842	0	0	0	0	0	5e-06	0	0	0	0	0	3
589	293	0	5.84849796	0	0	0	0	0	5e-06	0	0	0	0	0	3
590	293	0	5.8584275	0	0	0	0	0	5e-06	0	0	0	0	0	3
591	294	0	5.86835704	0	0	0	0	0	5e-06	0	0	0	0	0	3
592	294	0	5.87828658	0	0	0	0	0	5e-06	0	0	0	0	0	3
593	295	0	5.88821611	0	0	0	0	0	5e-06	0	0	0	0	0	3
594	295	0	5.89814565	0	0	0	0	0	5e-06	0	0	0	0	0	3
595	296	0	5.90807519	0	0	0	0	0	5e-06	0	0	0	0	0	3
596	296	0	5.91800473	0	0	0	0	0	5e-06	0	0	0	0	0	3
597	296	0	5.92793427	0	0	0	0	0	5e-06	0	0	0	0	0	3
598	297	0	5.9378638	0	0	0	0	0	5e-06	0	0	0	0	0	3
599	297	0	5.94779334	0	0	0	0	0	5e-06	0	0	0	0	0	3
600	298	0	5.95772288	0	0	0	0	0	5e-06	0	0	0	0	0	3
601	299	0	5.96765242	0	0	0	0	0	5e-06	0	0	0	0	0	3
602	299	0	5.97758196	0	0	0	0	0	5e-06	0	0	0	0	0	3
603	300	0	5.98751149	0	0	0	0	0	5e-06	0	0	0	0	0	3
604	300	0	5.99744103	0	0	0	0	0	5e-06	0	0	0	0	0	3
605	301	0	6.00737057	0	0	0	0	0	5e-06	0	0	0	0	0	3
