Iteration	CPUTime	PhysTime	Travels	Value	AvValue	MinValue	MaxValue	Delta	Criteria	Progress	dGMaxMin	CriteriaType	CriteriaVarType	CriteriaPercentage
1	15	0	0.00992953813	111457.5	111457.5	111457.5	111457.5	0	0	0	0	666369	0	0	3
2	15	0	0.0198590763	121431.119	116444.309	111457.5	121431.119	4986.80938	0	0	0	671942	0	0	3
3	16	0	0.0297886144	132323.721	121737.447	111457.5	132323.721	10279.9465	0	0	0	677235	0	0	3
4	16	0	0.0397181525	144776.464	127497.201	111457.5	144776.464	16039.7008	0	0	0	682264	0	0	3
5	17	0	0.0496476907	158406.657	133679.092	111457.5	158406.657	22221.592	0	0	0	677305	0	0	3
6	17	0	0.0595772288	174247.323	140440.464	111457.5	174247.323	28982.9638	0	0	0	667253	0	0	3
7	18	0	0.0695067669	191672.055	147759.262	111457.5	191672.055	36301.7625	0	0	0	656196	0	0	3
8	18	0	0.0794363051	197037.559	153919.05	111457.5	197037.559	42461.5495	0	0	0	644033	0	0	3
9	19	0	0.0893658432	199072.573	158936.108	111457.5	199072.573	47478.6077	0	0	0	630653	0	0	3
10	19	0	0.0992953813	201608.231	163203.32	111457.5	201608.231	51745.82	0	0	0	615936	0	0	3
11	19	0	0.109224919	204151.866	166925.915	111457.5	204151.866	55468.4151	0	0	0	599747	0	0	3
12	20	0	0.119154458	205548.424	170144.458	111457.5	205548.424	58686.9576	0	0	0	585371	0	0	3
13	20	0	0.129083996	206792.912	172963.569	111457.5	206792.912	61506.0694	0	0	0	579096	0	0	3
14	21	0	0.139013534	207671.03	175442.674	111457.5	207671.03	63985.1737	0	0	0	578646	0	0	3
15	21	0	0.148943072	208587.385	177652.321	111457.5	208587.385	66194.8212	0	0	0	578346	0	0	3
16	22	0	0.15887261	208804.821	179599.352	111457.5	208804.821	68141.8524	0	0	0	578956	0	0	3
17	22	0	0.168802148	209657.336	181367.469	111457.5	209657.336	69909.9691	0	0	0	579498	0	0	3
18	22	0	0.178731686	210872.153	183006.618	111457.5	210872.153	71549.1182	0	0	0	579681	0	0	3
19	23	0	0.188661225	212291.996	184547.954	111457.5	212291.996	73090.4539	0	0	0	580001	0	0	3
20	23	0	0.198590763	213646.2	186002.866	111457.5	213646.2	74545.3662	0	0	0	580107	0	0	3
21	24	0	0.208520301	214395.726	187354.907	111457.5	214395.726	75897.4072	0	0	0	580127	0	0	3
22	24	0	0.218449839	214874.68	188605.806	111457.5	214874.68	77148.3059	0	0	0	579577	0	0	3
23	25	0	0.228379377	215085.285	189757.088	111457.5	215085.285	78299.5876	0	0	0	585746	0	0	3
24	25	0	0.238308915	215150.662	190815.153	111457.5	215150.662	79357.6532	0	0	0	588404	0	0	3
25	25	0	0.248238453	215139.466	191788.126	111457.5	215150.662	80330.6257	0	0	0	587791	0	0	3
26	26	0	0.258167991	214942.643	192678.684	111457.5	215150.662	81221.1841	0	0	0	585999	0	0	3
27	26	0	0.26809753	214817.493	193498.64	111457.5	215150.662	82041.14	0	0	0	583884	0	0	3
28	27	0	0.278027068	214704.6	194255.996	111457.5	215150.662	82798.4957	0	0	0	582088	0	0	3
29	27	0	0.287956606	214574.042	194956.618	111457.5	215150.662	83499.118	0	0	0	580645	0	0	3
30	27	0	0.297886144	214407.609	195604.984	111457.5	215150.662	84147.4843	0	0	0	580391	0	0	3
31	28	0	0.307815682	213978.677	196197.684	111457.5	215150.662	84740.1841	0	0	0	580080	0	0	3
32	28	0	0.31774522	213561.385	196740.3	111457.5	215150.662	85282.7998	0	0	0	579804	0	0	3
33	29	0	0.327674758	213105.166	197236.205	111457.5	215150.662	85778.7048	0	0	0	579605	0	0	3
34	29	0	0.337604297	212660.371	197689.857	111457.5	215150.662	86232.3567	0	0	0	579500	0	0	3
35	30	0	0.347533835	212262.207	198106.21	111457.5	215150.662	86648.7096	0	0	0	582709	0	0	3
36	30	0	0.357463373	211668.232	198482.932	111457.5	215150.662	87025.4324	0	0	0	586386	0	0	3
37	30	0	0.367392911	211175.366	198825.971	111457.5	215150.662	87368.4712	0	0	0	589089	0	0	3
38	31	0	0.377322449	210749.821	199139.757	111457.5	215150.662	87682.2567	0	0	0	591199	0	0	3
39	31	0	0.387251987	210274.693	199425.268	111457.5	215150.662	87967.7679	0	0	0	592777	0	0	3
40	32	0	0.397181525	209833.972	199685.485	111457.5	215150.662	88227.9855	0	0	0	593999	0	0	3
41	32	0	0.407111063	209300.945	199920.009	111457.5	215150.662	88462.5089	0	0	0	595020	0	0	3
42	33	0	0.417040602	208825.232	200132.038	111457.5	215150.662	88674.538	0	0	0	595734	0	0	3
43	33	0	0.42697014	208455.634	200325.61	111457.5	215150.662	88868.11	0	0	0	596275	0	0	3
44	33	0	0.436899678	208120.418	200502.765	111457.5	215150.662	89045.2647	0	0	0	596591	0	0	3
45	34	0	0.446829216	207811.835	200665.189	111457.5	215150.662	89207.6885	0	0	0	596800	0	0	3
46	34	0	0.456758754	207564.995	200815.184	111457.5	215150.662	89357.6843	0	0	0	596930	0	0	3
47	35	0	0.466688292	207365.594	200954.555	111457.5	215150.662	89497.0547	0	0	0	596999	0	0	3
48	35	0	0.47661783	207205.138	201084.775	111457.5	215150.662	89627.2752	0	0	0	597046	0	0	3
49	35	0	0.486547369	207075.635	201207.038	111457.5	215150.662	89749.5377	0	0	0	597101	0	0	3
50	36	0	0.496476907	206944.3	201321.783	111457.5	215150.662	89864.2829	0	0	0	597187	0	0	3
51	36	0	0.506406445	206861.573	201430.406	111457.5	215150.662	89972.9062	0	0	0	597317	0	0	3
52	37	0	0.516335983	206818.088	203300.222	121431.119	215150.662	86855.9123	0	0	0	597566	0	0	3
53	37	0	0.526265521	206733.199	204972.811	132323.721	215150.662	82826.9411	0	0	0	597954	0	0	3
54	37	0	0.536195059	206675.502	206430.69	144776.464	215150.662	70374.1984	0	0	0	598535	0	0	3
55	38	0	0.546124597	206623.77	207643.382	158406.657	215150.662	56744.0052	0	0	0	599300	0	0	3
56	38	0	0.556054135	206573.07	208587.821	174247.323	215150.662	40903.3395	0	0	0	600180	0	0	3
57	39	0	0.565983674	206520.046	209220.62	191672.055	215150.662	23478.6072	0	0	0	601128	0	0	3
58	39	0	0.575913212	206466.668	209510.71	197037.559	215150.662	18113.103	0	0	0	602108	0	0	3
59	40	0	0.58584275	206417.477	209694.63	199072.573	215150.662	16078.0891	0	0	0	603096	0	0	3
60	40	0	0.595772288	206368.964	209837.697	201608.231	215150.662	13542.431	0	0	0	604262	0	0	3
61	40	0	0.605701826	206321.408	209930.112	204151.866	215150.662	10998.7956	0	0	0	605627	0	0	3
62	41	0	0.615631364	206269.125	209971.627	205548.424	215150.662	9602.23802	0	0	0	606990	0	0	3
63	41	0	0.625560902	206218.407	209984.764	206218.407	215150.662	8932.25478	0	0	0	608286	0	0	3
64	42	0	0.635490441	206161.99	209972.393	206161.99	215150.662	8988.67158	0	0	0	609520	0	0	3
65	42	0	0.645419979	206103.809	209941.663	206103.809	215150.662	9046.85275	0	0	0	610696	0	0	3
66	43	0	0.655349517	206056.349	209892.035	206056.349	215150.662	9094.3131	0	0	0	611822	0	0	3
67	43	0	0.665279055	206012.106	209837.276	206012.106	215150.662	9138.55567	0	0	0	612910	0	0	3
68	43	0	0.675208593	205972.896	209765.032	205972.896	215150.662	9177.76628	0	0	0	613972	0	0	3
69	44	0	0.685138131	205933.251	209668.19	205933.251	215150.662	9217.41062	0	0	0	615018	0	0	3
70	44	0	0.695067669	205897.134	209542.801	205897.134	215150.662	9253.52846	0	0	0	616060	0	0	3
71	45	0	0.704997208	205865.95	209390.247	205865.95	215150.662	9284.71237	0	0	0	617112	0	0	3
72	45	0	0.714926746	205831.029	209222.312	205831.029	215150.662	9319.63262	0	0	0	618183	0	0	3
73	45	0	0.724856284	205799.101	209044.359	205799.101	215150.662	9351.56125	0	0	0	619273	0	0	3
74	46	0	0.734785822	205768.848	208861.684	205768.848	215150.662	9381.81387	0	0	0	620381	0	0	3
75	46	0	0.74471536	205742.856	208677.217	205742.856	215139.466	9396.60959	0	0	0	621504	0	0	3
76	47	0	0.754644898	205715.762	208492.439	205715.762	214942.643	9226.88086	0	0	0	622632	0	0	3
77	47	0	0.764574436	205692.398	208311.061	205692.398	214817.493	9125.09513	0	0	0	623732	0	0	3
78	48	0	0.774503974	205671.016	208131.719	205671.016	214704.6	9033.58409	0	0	0	624759	0	0	3
79	48	0	0.784433513	205652.586	207954.228	205652.586	214574.042	8921.45587	0	0	0	625773	0	0	3
80	48	0	0.794363051	205636.524	207778.983	205636.524	214407.609	8771.08526	0	0	0	626769	0	0	3
81	49	0	0.804292589	205623.988	207606.755	205623.988	213978.677	8354.68919	0	0	0	627738	0	0	3
82	49	0	0.814222127	205605.907	207442.583	205605.907	213561.385	7955.47787	0	0	0	628682	0	0	3
83	50	0	0.824151665	205591.825	207286.317	205591.825	213105.166	7513.34086	0	0	0	629589	0	0	3
84	50	0	0.834081203	205570.276	207138.574	205570.276	212660.371	7090.09423	0	0	0	630448	0	0	3
85	50	0	0.844010741	205553.861	206999.231	205553.861	212262.207	6708.34568	0	0	0	631254	0	0	3
86	51	0	0.85394028	205531.743	206867.261	205531.743	211668.232	6136.48852	0	0	0	631995	0	0	3
87	51	0	0.863869818	205508.905	206746.49	205508.905	211175.366	5666.46064	0	0	0	632674	0	0	3
88	52	0	0.873799356	205480.357	206634.823	205480.357	210749.821	5269.46449	0	0	0	633298	0	0	3
89	52	0	0.883728894	205447.755	206530.861	205447.755	210274.693	4826.93811	0	0	0	633930	0	0	3
90	53	0	0.893658432	205416.376	206435.6	205416.376	209833.972	4417.59575	0	0	0	634397	0	0	3
91	53	0	0.90358797	205386.637	206348.397	205386.637	209300.945	3914.30773	0	0	0	634872	0	0	3
92	54	0	0.913517508	205349.684	206270.922	205349.684	208825.232	3475.54826	0	0	0	635305	0	0	3
93	54	0	0.923447046	205322.796	206202.246	205322.796	208455.634	3132.83782	0	0	0	635688	0	0	3
94	54	0	0.933376585	205298.075	206140.333	205298.075	208120.418	2822.3428	0	0	0	636024	0	0	3
95	55	0	0.943306123	205273.193	206084.505	205273.193	207811.835	2538.64225	0	0	0	636311	0	0	3
96	55	0	0.953235661	205253.156	206034.335	205253.156	207564.995	2311.83918	0	0	0	636549	0	0	3
97	56	0	0.963165199	205235.612	205988.661	205235.612	207365.594	2129.98211	0	0	0	636737	0	0	3
98	56	0	0.973094737	205221.345	205946.617	205221.345	207205.138	1983.79325	0	0	0	636875	0	0	3
99	57	0	0.983024275	205204.653	205907.392	205204.653	207075.635	1870.98285	0	0	0	636967	0	0	3
100	57	0	0.992953813	205189.159	205870.402	205189.159	206944.3	1755.14078	0	0	0	637004	0	0	3
101	58	0	1.00288335	205171.341	205835.638	205171.341	206861.573	1690.23206	2484.80823	0	0	637001	0	0	3
102	58	0	1.01281289	205151.741	205802.112	205151.741	206818.088	1666.34645	2484.80823	0	0	636961	0	0	3
103	59	0	1.02274243	205131.256	205769.037	205131.256	206733.199	1601.94363	2484.80823	0	0	636872	0	0	3
104	59	0	1.03267197	205107.513	205737.161	205107.513	206675.502	1567.98842	2484.80823	0	0	636744	0	0	3
105	60	0	1.0426015	205086.698	205706.008	205086.698	206623.77	1537.07215	2484.80823	0	0	636585	0	0	3
106	60	0	1.05253104	205061.682	205675.378	205061.682	206573.07	1511.38811	2484.80823	0	0	636402	0	0	3
107	60	0	1.06246058	205035.399	205645.228	205035.399	206520.046	1484.64634	2484.80823	0	0	636197	0	0	3
108	61	0	1.07239012	205011.572	205615.65	205011.572	206466.668	1455.09568	2484.80823	0	0	635988	0	0	3
109	61	0	1.08231966	204985.011	205586.598	204985.011	206417.477	1432.46589	2484.80823	0	0	636223	0	0	3
110	62	0	1.09224919	204960.809	205558.036	204960.809	206368.964	1408.15495	2484.80823	0	0	637106	0	0	3
111	62	0	1.10217873	204948.972	205530.193	204948.972	206321.408	1372.43667	2484.80823	0	0	637891	0	0	3
112	63	0	1.11210827	204914.728	205502.611	204914.728	206269.125	1354.39712	2484.80823	0	0	638549	0	0	3
113	63	0	1.12203781	204901.673	205475.798	204901.673	206218.407	1316.73428	2484.80823	0	0	639169	0	0	3
114	64	0	1.13196735	204882.25	205449.599	204882.25	206161.99	1279.74071	2484.80823	0	0	639725	0	0	3
115	64	0	1.14189689	204862.096	205424.111	204862.096	206103.809	1241.71311	2484.80823	0	0	640248	0	0	3
116	65	0	1.15182642	204854.25	205399.61	204854.25	206056.349	1202.09902	2484.80823	0	0	640703	0	0	3
117	65	0	1.16175596	204845.258	205375.863	204845.258	206012.106	1166.84853	2484.80823	0	0	641076	0	0	3
118	66	0	1.1716855	204839.377	205352.868	204839.377	205972.896	1133.51885	2484.80823	0	0	641464	0	0	3
119	66	0	1.18161504	204839.731	205330.649	204839.377	205933.251	1093.87452	2484.80823	0	0	641802	0	0	3
120	67	0	1.19154458	204834.903	205309.113	204834.903	205897.134	1062.23049	2484.80823	0	0	642352	0	0	3
121	67	0	1.20147411	204835.401	205288.295	204834.903	205865.95	1031.04658	2484.80823	0	0	642937	0	0	3
122	67	0	1.21140365	204831.629	205268.014	204831.629	205831.029	999.400032	2484.80823	0	0	643487	0	0	3
123	68	0	1.22133319	204828.862	205248.364	204828.862	205799.101	970.238432	2484.80823	0	0	643956	0	0	3
124	68	0	1.23126273	204820.952	205229.184	204820.952	205768.848	947.895822	2484.80823	0	0	644449	0	0	3
125	69	0	1.24119227	204812.621	205210.435	204812.621	205742.856	930.235918	2484.80823	0	0	644988	0	0	3
126	69	0	1.2511218	204800.182	205191.951	204800.182	205715.762	915.580327	2484.80823	0	0	645934	0	0	3
127	70	0	1.26105134	204785.342	205173.707	204785.342	205692.398	907.056096	2484.80823	0	0	646733	0	0	3
128	70	0	1.27098088	204768.346	205155.589	204768.346	205671.016	902.66954	2484.80823	0	0	648324	0	0	3
129	71	0	1.28091042	204747.825	205137.487	204747.825	205652.586	904.7612	2484.80823	0	0	649660	0	0	3
130	71	0	1.29083996	204725.279	205119.304	204725.279	205636.524	911.244735	2484.80823	0	0	650804	0	0	3
131	72	0	1.3007695	204701.6	205100.973	204701.6	205623.988	922.388446	2484.80823	0	0	651874	0	0	3
132	72	0	1.31069903	204677.888	205082.422	204677.888	205605.907	928.019157	2484.80823	0	0	652770	0	0	3
133	73	0	1.32062857	204674.934	205064.167	204674.934	205591.825	916.890467	2484.80823	0	0	653458	0	0	3
134	73	0	1.33055811	204656.958	205045.836	204656.958	205570.276	913.318503	2484.80823	0	0	654026	0	0	3
135	74	0	1.34048765	204628.783	205027.376	204628.783	205553.861	925.078279	2484.80823	0	0	655370	0	0	3
136	74	0	1.35041719	204624.621	205009.155	204624.621	205531.743	907.12209	2484.80823	0	0	657062	0	0	3
137	75	0	1.36034672	204620.713	204991.292	204620.713	205508.905	888.192698	2484.80823	0	0	658473	0	0	3
138	75	0	1.37027626	204615.523	204973.775	204615.523	205480.357	864.833874	2484.80823	0	0	659621	0	0	3
139	75	0	1.3802058	204615.791	204956.823	204615.523	205447.755	832.231794	2484.80823	0	0	660469	0	0	3
140	76	0	1.39013534	204620.891	204940.609	204615.523	205416.376	800.852804	2484.80823	0	0	661054	0	0	3
141	77	0	1.40006488	204636.634	204925.32	204615.523	205386.637	771.113749	2484.80823	0	0	661432	0	0	3
142	77	0	1.40999442	204647.736	204910.832	204615.523	205349.684	734.161142	2484.80823	0	0	661604	0	0	3
143	78	0	1.41992395	204656.653	204897.243	204615.523	205322.796	707.272695	2484.80823	0	0	661706	0	0	3
144	78	0	1.42985349	204665.806	204884.361	204615.523	205298.075	682.551804	2484.80823	0	0	662519	0	0	3
145	79	0	1.43978303	204675.381	204872.151	204615.523	205273.193	657.66967	2484.80823	0	0	663518	0	0	3
146	79	0	1.44971257	204680.074	204860.522	204615.523	205253.156	637.632552	2484.80823	0	0	664335	0	0	3
147	80	0	1.45964211	204681.377	204849.31	204615.523	205235.612	620.088801	2484.80823	0	0	665046	0	0	3
148	80	0	1.46957164	204674.773	204838.314	204615.523	205221.345	605.821896	2484.80823	0	0	666319	0	0	3
149	81	0	1.47950118	204667.214	204827.448	204615.523	205204.653	589.129585	2484.80823	0	0	666807	0	0	3
150	81	0	1.48943072	204651.548	204816.603	204615.523	205189.159	573.636448	2484.80823	0	0	667766	0	0	3
151	82	0	1.49936026	204635.019	204805.738	204615.523	205171.341	555.817857	2484.80823	0	0	667986	0	0	3
152	82	0	1.5092898	204613.577	204794.801	204613.577	205151.741	538.164714	2484.80823	0	0	668697	0	0	3
153	82	0	1.51921933	204587.209	204783.732	204587.209	205131.256	544.046374	2484.80823	0	0	668678	0	0	3
154	83	0	1.52914887	204565.347	204772.635	204565.347	205107.513	542.165996	2484.80823	0	0	668896	0	0	3
155	83	0	1.53907841	204580.097	204762.294	204565.347	205086.698	521.35011	2484.80823	0	0	669348	0	0	3
156	84	0	1.54900795	204515.624	204751.096	204515.624	205061.682	546.058052	2484.80823	0	0	670278	0	0	3
157	84	0	1.55893749	204487.782	204739.844	204487.782	205035.399	547.617407	2484.80823	0	0	671454	0	0	3
158	85	0	1.56886703	204467.662	204728.711	204467.662	205011.572	543.910208	2484.80823	0	0	671829	0	0	3
159	86	0	1.57879656	204463.57	204717.966	204463.57	204985.011	521.440375	2484.80823	0	0	672546	0	0	3
160	86	0	1.5887261	204437.004	204707.221	204437.004	204960.809	523.805114	2484.80823	0	0	673139	0	0	3
161	86	0	1.59865564	204429.702	204696.807	204429.702	204948.972	519.269166	2484.80823	0	0	673340	0	0	3
162	87	0	1.60858518	204423.422	204686.502	204423.422	204914.728	491.305312	2484.80823	0	0	673611	0	0	3
163	88	0	1.61851472	204413.265	204676.67	204413.265	204901.673	488.407929	2484.80823	0	0	673329	0	0	3
164	88	0	1.62844425	204416.389	204667.154	204413.265	204882.25	468.984707	2484.80823	0	0	673688	0	0	3
165	89	0	1.63837379	204430.353	204658.294	204413.265	204862.096	448.831138	2484.80823	0	0	673250	0	0	3
166	89	0	1.64830333	204415.514	204649.537	204413.265	204854.25	440.984876	2484.80823	0	0	673454	0	0	3
167	90	0	1.65823287	204415.531	204640.935	204413.265	204845.258	431.992793	2484.80823	0	0	674584	0	0	3
168	90	0	1.66816241	204416.267	204632.523	204413.265	204839.731	426.466218	2484.80823	0	0	675782	0	0	3
169	91	0	1.67809194	204406.8	204624.041	204406.8	204839.731	432.931642	2484.80823	0	0	676260	0	0	3
170	91	0	1.68802148	204398.304	204615.386	204398.304	204835.401	437.096642	2484.80823	0	0	676625	0	0	3
171	92	0	1.69795102	204392.66	204606.714	204392.66	204835.401	442.740189	2484.80823	0	0	677043	0	0	3
172	92	0	1.70788056	204381.376	204597.812	204381.376	204831.629	450.253092	2484.80823	0	0	677329	0	0	3
173	92	0	1.7178101	204366.296	204588.688	204366.296	204828.862	462.565849	2484.80823	0	0	677598	0	0	3
174	93	0	1.72773964	204356.059	204579.417	204356.059	204820.952	464.893256	2484.80823	0	0	677589	0	0	3
175	93	0	1.73766917	204337.008	204569.928	204337.008	204812.621	475.612945	2484.80823	0	0	678072	0	0	3
176	94	0	1.74759871	204312.685	204560.125	204312.685	204800.182	487.496658	2484.80823	0	0	677585	0	0	3
177	94	0	1.75752825	204292.977	204550.18	204292.977	204785.342	492.365136	2484.80823	0	0	677651	0	0	3
178	95	0	1.76745779	204271.207	204540.099	204271.207	204768.346	497.138684	2484.80823	0	0	678576	0	0	3
179	95	0	1.77738733	204244.303	204529.824	204244.303	204747.825	503.521599	2484.80823	0	0	679263	0	0	3
180	96	0	1.78731686	204217.233	204519.42	204217.233	204725.279	508.045843	2484.80823	0	0	680269	0	0	3
181	96	0	1.7972464	204189.719	204508.919	204189.719	204701.6	511.880973	2484.80823	0	0	680486	0	0	3
182	97	0	1.80717594	204165.724	204498.411	204165.724	204681.377	515.652909	2484.80823	0	0	680996	0	0	3
183	97	0	1.81710548	204198.39	204489.01	204165.724	204681.377	515.652909	2484.80823	0	0	680975	0	0	3
184	98	0	1.82703502	204118.79	204478.105	204118.79	204681.377	562.586825	2484.80823	0	0	680780	0	0	3
185	98	0	1.83696455	204101.657	204467.216	204101.657	204681.377	560.159321	2484.80823	0	0	681085	0	0	3
186	99	0	1.84689409	204092.193	204456.695	204092.193	204681.377	552.460296	2484.80823	0	0	680842	0	0	3
187	99	0	1.85682363	204077.125	204445.96	204077.125	204681.377	545.332177	2484.80823	0	0	680464	0	0	3
188	99	0	1.86675317	204069.854	204435.159	204069.854	204681.377	538.616028	2484.80823	0	0	680898	0	0	3
189	100	0	1.87668271	204081.183	204424.681	204069.854	204681.377	532.14102	2484.80823	0	0	682125	0	0	3
190	100	0	1.88661225	204057.087	204413.726	204057.087	204681.377	526.882981	2484.80823	0	0	682824	0	0	3
191	101	0	1.89654178	204055.372	204402.638	204055.372	204681.377	522.682533	2484.80823	0	0	682949	0	0	3
192	101	0	1.90647132	204071.152	204391.55	204055.372	204681.377	519.282168	2484.80823	0	0	683186	0	0	3
193	102	0	1.91640086	204059.051	204380.007	204055.372	204681.377	517.236167	2484.80823	0	0	683320	0	0	3
194	102	0	1.9263304	204063.112	204368.369	204055.372	204681.377	515.992062	2484.80823	0	0	682922	0	0	3
195	103	0	1.93625994	204078.769	204356.859	204055.372	204681.377	515.292921	2484.80823	0	0	682278	0	0	3
196	103	0	1.94618947	204132.956	204346.223	204055.372	204681.377	514.298928	2484.80823	0	0	681462	0	0	3
197	104	0	1.95611901	204097.926	204334.808	204055.372	204681.377	514.502242	2484.80823	0	0	680498	0	0	3
198	104	0	1.96604855	204101.174	204323.432	204055.372	204674.773	514.881929	2484.80823	0	0	681409	0	0	3
199	105	0	1.97597809	204111.236	204312.382	204055.372	204667.214	515.066358	2484.80823	0	0	682468	0	0	3
200	105	0	1.98590763	204122.988	204301.711	204055.372	204651.548	514.892254	2484.80823	0	0	683338	0	0	3
201	106	0	1.99583716	204128.549	204291.456	204055.372	204635.019	514.281632	2484.80823	0	0	683597	0	0	3
202	106	0	2.0057667	204120.999	204281.377	204055.372	204613.577	513.423896	2484.80823	0	0	683401	0	0	3
203	107	0	2.01569624	204114.455	204271.59	204055.372	204587.209	512.141333	2484.80823	0	0	682788	0	0	3
204	107	0	2.02562578	204118.313	204262.396	204055.372	204580.097	510.239138	2484.80823	0	0	682808	0	0	3
205	108	0	2.03555532	204116.85	204253.602	204055.372	204580.097	508.691711	2484.80823	0	0	682814	0	0	3
206	108	0	2.04548486	204114.684	204244.477	204055.372	204515.624	460.251987	2484.80823	0	0	682395	0	0	3
207	109	0	2.05541439	204108.747	204236.499	204055.372	204487.782	432.409926	2484.80823	0	0	681757	0	0	3
208	109	0	2.06534393	204107.905	204229.05	204055.372	204467.662	412.28991	2484.80823	0	0	681854	0	0	3
209	110	0	2.07527347	204099.034	204221.822	204055.372	204463.57	408.198523	2484.80823	0	0	682523	0	0	3
210	110	0	2.08520301	204083.44	204214.368	204055.372	204437.004	381.63179	2484.80823	0	0	683767	0	0	3
211	110	0	2.09513255	204065.927	204207.092	204055.372	204430.353	374.98139	2484.80823	0	0	684018	0	0	3
212	111	0	2.10506208	204052.406	204199.694	204052.406	204430.353	377.947333	2484.80823	0	0	684298	0	0	3
213	111	0	2.11499162	204033.095	204192.041	204033.095	204430.353	397.258378	2484.80823	0	0	684155	0	0	3
214	112	0	2.12492116	204008.985	204184.114	204008.985	204430.353	421.368304	2484.80823	0	0	683843	0	0	3
215	112	0	2.1348507	203981.992	204175.596	203981.992	204430.353	448.3611	2484.80823	0	0	683372	0	0	3
216	113	0	2.14478024	203951.329	204166.204	203951.329	204416.267	464.938446	2484.80823	0	0	682624	0	0	3
217	113	0	2.15470978	203920.225	204156.492	203920.225	204416.267	484.442585	2484.80823	0	0	682223	0	0	3
218	114	0	2.16463931	203892.432	204146.235	203892.432	204416.267	486.287858	2484.80823	0	0	683168	0	0	3
219	114	0	2.17456885	203865.286	204135.432	203865.286	204406.8	488.609498	2484.80823	0	0	684276	0	0	3
220	115	0	2.18449839	203836.706	204124.253	203836.706	204398.304	491.132374	2484.80823	0	0	684878	0	0	3
221	115	0	2.19442793	203807.302	204112.665	203807.302	204392.66	494.049221	2484.80823	0	0	685028	0	0	3
222	116	0	2.20435747	203776.459	204100.583	203776.459	204381.376	497.229155	2484.80823	0	0	684819	0	0	3
223	116	0	2.214287	203747.736	204088.159	203747.736	204366.296	500.529297	2484.80823	0	0	684247	0	0	3
224	117	0	2.22421654	203719.332	204075.473	203719.332	204356.059	503.944219	2484.80823	0	0	683418	0	0	3
225	117	0	2.23414608	203695.201	204062.515	203695.201	204337.008	507.413102	2484.80823	0	0	682984	0	0	3
226	118	0	2.24407562	203671.808	204049.472	203671.808	204312.685	510.653577	2484.80823	0	0	682557	0	0	3
227	118	0	2.25400516	203650.981	204036.497	203650.981	204292.977	513.682971	2484.80823	0	0	682667	0	0	3
228	119	0	2.26393469	203629.912	204023.496	203629.912	204271.207	516.603166	2484.80823	0	0	683846	0	0	3
229	119	0	2.27386423	203614.058	204010.611	203614.058	204244.303	519.213097	2484.80823	0	0	684460	0	0	3
230	120	0	2.28379377	203598.358	203997.945	203598.358	204217.233	521.474938	2484.80823	0	0	684497	0	0	3
231	120	0	2.29372331	203584.737	203985.543	203584.737	204198.39	523.37564	2484.80823	0	0	684028	0	0	3
232	121	0	2.30365285	203573.771	203973.466	203573.771	204198.39	524.945665	2484.80823	0	0	683855	0	0	3
233	121	0	2.31358239	203568.239	203961.75	203568.239	204198.39	527.259132	2484.80823	0	0	684167	0	0	3
234	122	0	2.32351192	203579.558	203949.616	203568.239	204132.956	528.488306	2484.80823	0	0	683753	0	0	3
235	122	0	2.33344146	203574.156	203938.937	203568.239	204132.956	528.27915	2484.80823	0	0	683592	0	0	3
236	122	0	2.343371	203558.649	203928.29	203558.649	204132.956	528.404986	2484.80823	0	0	683129	0	0	3
237	123	0	2.35330054	203574.332	203918.136	203558.649	204132.956	527.823905	2484.80823	0	0	683679	0	0	3
238	123	0	2.36323008	203574.71	203908.285	203558.649	204132.956	526.87402	2484.80823	0	0	684123	0	0	3
239	124	0	2.37315961	203572.555	203898.534	203558.649	204132.956	526.147726	2484.80823	0	0	684510	0	0	3
240	124	0	2.38308915	203592.85	203888.959	203558.649	204132.956	524.76789	2484.80823	0	0	684554	0	0	3
241	125	0	2.39301869	203603.151	203880.058	203558.649	204132.956	522.580004	2484.80823	0	0	684574	0	0	3
242	125	0	2.40294823	203610.998	203871.345	203558.649	204132.956	520.205334	2484.80823	0	0	684370	0	0	3
243	126	0	2.41287777	203669.099	203863.461	203558.649	204132.956	516.54587	2484.80823	0	0	684126	0	0	3
244	126	0	2.4228073	203679.457	203856.018	203558.649	204132.956	512.350848	2484.80823	0	0	683514	0	0	3
245	127	0	2.43273684	203658.714	203848.089	203558.649	204132.956	508.769697	2484.80823	0	0	683088	0	0	3
246	127	0	2.44266638	203675.816	203840.188	203558.649	204132.956	506.034942	2484.80823	0	0	683804	0	0	3
247	128	0	2.45259592	203689.83	203831.499	203558.649	204128.549	503.309025	2484.80823	0	0	684121	0	0	3
248	128	0	2.46252546	203708.911	203823.871	203558.649	204128.549	499.560237	2484.80823	0	0	684712	0	0	3
249	129	0	2.472455	203777.58	203817.526	203558.649	204128.549	494.855472	2484.80823	0	0	684286	0	0	3
250	129	0	2.48238453	203788.461	203811.197	203558.649	204128.549	490.513314	2484.80823	0	0	684164	0	0	3
251	130	0	2.49231407	203746.006	203803.806	203558.649	204128.549	487.650246	2484.80823	0	0	683749	0	0	3
252	130	0	2.50224361	203756.053	203796.502	203558.649	204120.999	484.875287	2484.80823	0	0	683135	0	0	3
253	130	0	2.51217315	203786.272	203789.939	203558.649	204118.313	481.651871	2484.80823	0	0	682358	0	0	3
254	131	0	2.52210269	203875.935	203785.262	203558.649	204118.313	477.134686	2484.80823	0	0	683252	0	0	3
255	131	0	2.53203222	203790.747	203778.839	203558.649	204116.85	474.763489	2484.80823	0	0	684066	0	0	3
256	132	0	2.54196176	203797.302	203772.573	203558.649	204114.684	471.903378	2484.80823	0	0	684487	0	0	3
257	132	0	2.5518913	203851.501	203767.413	203558.649	204108.747	469.085846	2484.80823	0	0	684702	0	0	3
258	133	0	2.56182084	203820.911	203761.769	203558.649	204107.905	467.281134	2484.80823	0	0	684487	0	0	3
259	133	0	2.57175038	203905.454	203757.799	203558.649	204099.034	464.022768	2484.80823	0	0	683996	0	0	3
260	134	0	2.58167991	203820.017	203752.328	203558.649	204083.44	462.040153	2484.80823	0	0	683246	0	0	3
261	134	0	2.59160945	203874.726	203748.236	203558.649	204065.927	458.856558	2484.80823	0	0	682849	0	0	3
262	135	0	2.60153899	203809.539	203743.209	203558.649	204052.406	456.485809	2484.80823	0	0	683769	0	0	3
263	135	0	2.61146853	203796.841	203738.198	203558.649	204033.095	453.843409	2484.80823	0	0	684807	0	0	3
264	136	0	2.62139807	203795.421	203733.537	203558.649	204008.985	450.336132	2484.80823	0	0	685163	0	0	3
265	136	0	2.63132761	203779.691	203729.041	203558.649	203981.992	423.343336	2484.80823	0	0	685379	0	0	3
266	136	0	2.64125714	203756.326	203724.616	203558.649	203951.329	392.680025	2484.80823	0	0	685236	0	0	3
267	137	0	2.65118668	203726.061	203720.199	203558.649	203920.225	361.576499	2484.80823	0	0	684802	0	0	3
268	137	0	2.66111622	203694.169	203715.767	203558.649	203905.454	346.805	2484.80823	0	0	684167	0	0	3
269	138	0	2.67104576	203661.293	203711.235	203558.649	203905.454	346.805	2484.80823	0	0	683386	0	0	3
270	138	0	2.6809753	203630.825	203706.638	203558.649	203905.454	346.805	2484.80823	0	0	683820	0	0	3
271	139	0	2.69090483	203607.136	203702.136	203558.649	203905.454	346.805	2484.80823	0	0	684788	0	0	3
272	139	0	2.70083437	203580.814	203697.695	203558.649	203905.454	346.805	2484.80823	0	0	685407	0	0	3
273	140	0	2.71076391	203550.983	203693.274	203550.983	203905.454	354.470814	2484.80823	0	0	685870	0	0	3
274	140	0	2.72069345	203518.481	203688.779	203518.481	203905.454	386.693982	2484.80823	0	0	685930	0	0	3
275	141	0	2.73062299	203486.282	203684.209	203486.282	203905.454	378.305605	2484.80823	0	0	685670	0	0	3
276	141	0	2.74055252	203456.436	203679.528	203456.436	203905.454	369.944148	2484.80823	0	0	685185	0	0	3
277	142	0	2.75048206	203424.03	203674.669	203424.03	203905.454	361.827945	2484.80823	0	0	684486	0	0	3
278	142	0	2.7604116	203390.098	203669.554	203390.098	203905.454	353.942035	2484.80823	0	0	683988	0	0	3
279	142	0	2.77034114	203354.564	203664.155	203354.564	203905.454	346.455731	2484.80823	0	0	684824	0	0	3
280	143	0	2.78027068	203320.796	203658.405	203320.796	203905.454	339.540378	2484.80823	0	0	685851	0	0	3
281	143	0	2.79020022	203287.001	203652.3	203287.001	203905.454	333.243528	2484.80823	0	0	686129	0	0	3
282	144	0	2.80012975	203254.436	203645.823	203254.436	203905.454	327.642631	2484.80823	0	0	686361	0	0	3
283	144	0	2.81005929	203224.839	203638.981	203224.839	203905.454	322.769051	2484.80823	0	0	686289	0	0	3
284	145	0	2.81998883	203198.459	203631.731	203198.459	203905.454	317.885672	2484.80823	0	0	685983	0	0	3
285	145	0	2.82991837	203173.862	203623.776	203173.862	203905.454	315.1614	2484.80823	0	0	685421	0	0	3
286	146	0	2.83984791	203152.126	203615.501	203152.126	203905.454	312.789273	2484.80823	0	0	684643	0	0	3
287	146	0	2.84977744	203133.478	203607.164	203133.478	203905.454	310.971818	2484.80823	0	0	684945	0	0	3
288	147	0	2.85970698	203118.157	203598.22	203118.157	203905.454	310.065163	2484.80823	0	0	685477	0	0	3
289	147	0	2.86963652	203107.114	203589.051	203107.114	203905.454	309.482748	2484.80823	0	0	686269	0	0	3
290	148	0	2.87956606	203098.757	203579.761	203098.757	203905.454	309.197742	2484.80823	0	0	686382	0	0	3
291	148	0	2.8894956	203094.109	203569.982	203094.109	203905.454	310.076258	2484.80823	0	0	686389	0	0	3
292	149	0	2.89942514	203092.943	203559.978	203092.943	203905.454	311.367105	2484.80823	0	0	686194	0	0	3
293	149	0	2.90935467	203095.403	203549.868	203092.943	203905.454	313.593431	2484.80823	0	0	685881	0	0	3
294	149	0	2.91928421	203101.232	203538.733	203092.943	203905.454	317.285069	2484.80823	0	0	685458	0	0	3
295	150	0	2.92921375	203150.673	203528.365	203092.943	203905.454	319.723984	2484.80823	0	0	684822	0	0	3
296	150	0	2.93914329	203122.577	203517.852	203092.943	203905.454	322.335433	2484.80823	0	0	685457	0	0	3
297	151	0	2.94907283	203136.677	203507.281	203092.943	203905.454	324.218044	2484.80823	0	0	685935	0	0	3
298	151	0	2.95900236	203184.688	203497.376	203092.943	203905.454	326.495051	2484.80823	0	0	686421	0	0	3
299	152	0	2.9689319	203174.521	203486.898	203092.943	203905.454	330.628311	2484.80823	0	0	686354	0	0	3
300	152	0	2.97886144	203192.698	203475.43	203092.943	203905.454	335.767645	2484.80823	0	0	686401	0	0	3
301	153	0	2.98879098	203234.263	203464.563	203092.943	203905.454	339.242463	2484.80823	0	0	686123	0	0	3
302	153	0	2.99872052	203239.654	203454.635	203092.943	203905.454	341.867079	2484.80823	0	0	685665	0	0	3
303	154	0	3.00865005	203263.649	203444.98	203092.943	203905.454	344.958762	2484.80823	0	0	684980	0	0	3
304	154	0	3.01857959	203370.233	203436.822	203092.943	203905.454	348.439528	2484.80823	0	0	685341	0	0	3
305	155	0	3.02850913	203317.362	203425.87	203092.943	203905.454	352.969079	2484.80823	0	0	685745	0	0	3
306	155	0	3.03843867	203338.315	203416.998	203092.943	203905.454	355.574641	2484.80823	0	0	686212	0	0	3
307	156	0	3.04836821	203376.935	203408.756	203092.943	203905.454	358.656698	2484.80823	0	0	686328	0	0	3
308	156	0	3.05829775	203424.598	203400.385	203092.943	203905.454	361.38349	2484.80823	0	0	686481	0	0	3
309	157	0	3.06822728	203417.401	203392.473	203092.943	203905.454	365.32581	2484.80823	0	0	686518	0	0	3
310	157	0	3.07815682	203437.73	203383.302	203092.943	203874.726	369.02594	2484.80823	0	0	686487	0	0	3
311	157	0	3.08808636	203539.335	203377.799	203092.943	203874.726	370.437081	2484.80823	0	0	686266	0	0	3
312	158	0	3.0980159	203477.454	203370.009	203092.943	203809.539	373.199509	2484.80823	0	0	685648	0	0	3
313	158	0	3.10794544	203480.655	203363.56	203092.943	203796.841	374.637127	2484.80823	0	0	685845	0	0	3
314	159	0	3.11787497	203510.47	203357.945	203092.943	203795.421	375.59196	2484.80823	0	0	686380	0	0	3
315	159	0	3.12780451	203712.395	203356.317	203092.943	203779.691	372.72394	2484.80823	0	0	687043	0	0	3
316	160	0	3.13773405	203537.381	203351.566	203092.943	203756.326	373.050289	2484.80823	0	0	687407	0	0	3
317	160	0	3.14766359	203525.342	203347.037	203092.943	203726.061	373.162356	2484.80823	0	0	687589	0	0	3
318	161	0	3.15759313	203543.375	203343.455	203092.943	203712.395	372.311961	2484.80823	0	0	687385	0	0	3
319	161	0	3.16752266	203745.201	203344.456	203092.943	203745.201	367.779823	2484.80823	0	0	686794	0	0	3
320	162	0	3.1774522	203558.216	203342.435	203092.943	203745.201	364.203021	2484.80823	0	0	685902	0	0	3
321	162	0	3.18738174	203532.255	203340.502	203092.943	203745.201	361.634404	2484.80823	0	0	685708	0	0	3
322	163	0	3.19731128	203526.69	203338.924	203092.943	203745.201	358.770822	2484.80823	0	0	686734	0	0	3
323	163	0	3.20724082	203520.455	203337.741	203092.943	203745.201	355.533218	2484.80823	0	0	687428	0	0	3
324	164	0	3.21717036	203509.501	203336.928	203092.943	203745.201	351.851397	2484.80823	0	0	687707	0	0	3
325	164	0	3.22709989	203485.226	203336.275	203092.943	203745.201	347.933839	2484.80823	0	0	687640	0	0	3
326	164	0	3.23702943	203454.724	203335.657	203092.943	203745.201	343.870938	2484.80823	0	0	687164	0	0	3
327	165	0	3.24695897	203421.784	203334.977	203092.943	203745.201	339.692009	2484.80823	0	0	686426	0	0	3
328	165	0	3.25688851	203380.122	203334.116	203092.943	203745.201	335.437594	2484.80823	0	0	685960	0	0	3
329	166	0	3.26681805	203339.285	203333.12	203092.943	203745.201	331.034957	2484.80823	0	0	685576	0	0	3
330	166	0	3.27674758	203301.336	203332.076	203092.943	203745.201	326.328407	2484.80823	0	0	686565	0	0	3
331	167	0	3.28667712	203265.546	203330.993	203092.943	203745.201	321.30669	2484.80823	0	0	687351	0	0	3
332	167	0	3.29660666	203230.869	203329.892	203092.943	203745.201	315.930822	2484.80823	0	0	687649	0	0	3
333	168	0	3.3065362	203192.393	203328.676	203092.943	203745.201	310.305527	2484.80823	0	0	687523	0	0	3
334	168	0	3.31646574	203153.642	203327.28	203092.943	203745.201	304.450974	2484.80823	0	0	687294	0	0	3
335	169	0	3.32639527	203113.374	203325.611	203092.943	203745.201	298.164475	2484.80823	0	0	687114	0	0	3
336	169	0	3.33632481	203072.481	203323.624	203072.481	203745.201	291.877252	2484.80823	0	0	686729	0	0	3
337	169	0	3.34625435	203031.298	203321.254	203031.298	203745.201	285.909746	2484.80823	0	0	686058	0	0	3
338	170	0	3.35618389	202990.562	203318.452	202990.562	203745.201	279.767413	2484.80823	0	0	686822	0	0	3
339	170	0	3.36611343	202948.153	203315.119	202948.153	203745.201	273.932259	2484.80823	0	0	687545	0	0	3
340	171	0	3.37604297	202907.503	203311.205	202907.503	203745.201	268.556057	2484.80823	0	0	687778	0	0	3
341	171	0	3.3859725	202868.409	203306.688	202868.409	203745.201	263.293462	2484.80823	0	0	687859	0	0	3
342	172	0	3.39590204	202834.951	203301.607	202834.951	203745.201	258.370935	2484.80823	0	0	687889	0	0	3
343	172	0	3.40583158	202800.381	203295.87	202800.381	203745.201	253.997733	2484.80823	0	0	687682	0	0	3
344	173	0	3.41576112	202771.642	203289.522	202771.642	203745.201	249.211316	2484.80823	0	0	687115	0	0	3
345	173	0	3.42569066	202741.008	203282.459	202741.008	203745.201	245.906223	2484.80823	0	0	686280	0	0	3
346	174	0	3.43562019	202718.411	203273.983	202718.411	203745.201	243.86948	2484.80823	0	0	687027	0	0	3
347	174	0	3.44554973	202695.367	203265.606	202695.367	203745.201	241.674797	2484.80823	0	0	687617	0	0	3
348	175	0	3.45547927	202682.414	203256.699	202682.414	203745.201	240.677171	2484.80823	0	0	688040	0	0	3
349	175	0	3.46540881	202668.966	203246.587	202668.966	203745.201	240.31113	2484.80823	0	0	688234	0	0	3
350	176	0	3.47533835	202665.489	203236.606	202665.489	203745.201	238.823885	2484.80823	0	0	688071	0	0	3
351	176	0	3.48526788	202661.043	203226.181	202661.043	203745.201	238.38187	2484.80823	0	0	687678	0	0	3
352	176	0	3.49519742	202668.068	203215.079	202661.043	203745.201	239.555248	2484.80823	0	0	687082	0	0	3
353	177	0	3.50512696	202672.182	203203.953	202661.043	203745.201	241.027183	2484.80823	0	0	686218	0	0	3
354	177	0	3.5150565	202683.548	203192.578	202661.043	203745.201	244.244106	2484.80823	0	0	686940	0	0	3
355	178	0	3.52498604	202697.236	203179.382	202661.043	203745.201	246.487712	2484.80823	0	0	687960	0	0	3
356	178	0	3.53491558	202718.074	203167.631	202661.043	203745.201	249.367241	2484.80823	0	0	688693	0	0	3
357	179	0	3.54484511	202769.822	203156.484	202661.043	203745.201	252.27167	2484.80823	0	0	688922	0	0	3
358	179	0	3.55477465	202794.172	203145.058	202661.043	203745.201	255.32775	2484.80823	0	0	688692	0	0	3
359	180	0	3.56470419	202800.583	203132.822	202661.043	203745.201	259.651395	2484.80823	0	0	688079	0	0	3
360	180	0	3.57463373	202851.837	203121.733	202661.043	203745.201	261.569828	2484.80823	0	0	687311	0	0	3
361	181	0	3.58456327	202892.476	203111.041	202661.043	203745.201	266.757528	2484.80823	0	0	686409	0	0	3
362	181	0	3.5944928	202912.953	203098.759	202661.043	203745.201	271.249898	2484.80823	0	0	687422	0	0	3
363	181	0	3.60442234	202956.554	203088.545	202661.043	203745.201	275.014946	2484.80823	0	0	688554	0	0	3
364	182	0	3.61435188	202990.526	203078.935	202661.043	203745.201	279.010217	2484.80823	0	0	689204	0	0	3
365	182	0	3.62428142	203016.999	203069.259	202661.043	203745.201	287.05818	2484.80823	0	0	689284	0	0	3
366	183	0	3.63421096	203104.837	203057.346	202661.043	203745.201	294.219914	2484.80823	0	0	688922	0	0	3
367	183	0	3.6441405	203137.532	203049.506	202661.043	203745.201	297.530989	2484.80823	0	0	688223	0	0	3
368	184	0	3.65407003	203126.463	203041.685	202661.043	203745.201	302.770708	2484.80823	0	0	687452	0	0	3
369	184	0	3.66399957	203157.129	203034.112	202661.043	203745.201	310.344152	2484.80823	0	0	686670	0	0	3
370	185	0	3.67392911	203211.924	203023.655	202661.043	203558.216	318.77946	2484.80823	0	0	687432	0	0	3
371	185	0	3.68385865	203246.042	203017.534	202661.043	203532.255	322.967774	2484.80823	0	0	688560	0	0	3
372	186	0	3.69378819	203254.865	203012.095	202661.043	203526.69	326.829409	2484.80823	0	0	689134	0	0	3
373	186	0	3.70371772	203320.498	203008.052	202661.043	203520.455	329.688886	2484.80823	0	0	689158	0	0	3
374	187	0	3.71364726	203344.163	203004.595	202661.043	203509.501	332.332217	2484.80823	0	0	688792	0	0	3
375	187	0	3.7235768	203331.609	203001.107	202661.043	203485.226	335.168232	2484.80823	0	0	688432	0	0	3
376	188	0	3.73350634	203448.014	203000.378	202661.043	203454.724	335.279101	2484.80823	0	0	688077	0	0	3
377	188	0	3.74343588	203465.084	203000.581	202661.043	203465.084	334.599645	2484.80823	0	0	687487	0	0	3
378	189	0	3.75336541	203389.117	202999.94	202661.043	203465.084	334.176082	2484.80823	0	0	687207	0	0	3
379	189	0	3.76329495	203397.833	203000.288	202661.043	203465.084	333.179742	2484.80823	0	0	688253	0	0	3
380	190	0	3.77322449	203560.042	203004.616	202661.043	203560.042	332.136047	2484.80823	0	0	688874	0	0	3
381	190	0	3.78315403	203599.031	203010.453	202661.043	203599.031	331.052731	2484.80823	0	0	689026	0	0	3
382	191	0	3.79308357	203427.029	203013.62	202661.043	203599.031	329.952098	2484.80823	0	0	689139	0	0	3
383	191	0	3.80301311	203395.405	203016.846	202661.043	203599.031	328.735585	2484.80823	0	0	689169	0	0	3
384	191	0	3.81294264	203397.549	203020.868	202661.043	203599.031	327.339551	2484.80823	0	0	688832	0	0	3
385	192	0	3.82287218	203395.13	203025.603	202661.043	203599.031	325.671222	2484.80823	0	0	688337	0	0	3
386	192	0	3.83280172	203491.169	203033.011	202661.043	203599.031	323.68336	2484.80823	0	0	687997	0	0	3
387	193	0	3.84273126	203354.59	203038.543	202661.043	203599.031	321.314185	2484.80823	0	0	688193	0	0	3
388	193	0	3.8526608	203295.655	203043.726	202661.043	203599.031	318.511904	2484.80823	0	0	688936	0	0	3
389	194	0	3.86259033	203253.174	203048.876	202661.043	203599.031	315.178506	2484.80823	0	0	689237	0	0	3
390	194	0	3.87251987	203217.801	203054.163	202661.043	203599.031	311.264567	2484.80823	0	0	689423	0	0	3
391	195	0	3.88244941	203181.502	203059.535	202661.043	203599.031	306.747929	2484.80823	0	0	689528	0	0	3
392	195	0	3.89237895	203140.721	203064.875	202661.043	203599.031	301.666395	2484.80823	0	0	689277	0	0	3
393	196	0	3.90230849	203094.804	203069.97	202661.043	203599.031	295.929881	2484.80823	0	0	689014	0	0	3
394	196	0	3.91223802	203050.804	203074.88	202661.043	203599.031	289.581641	2484.80823	0	0	688921	0	0	3
395	197	0	3.92216756	202997.343	203079.306	202661.043	203599.031	282.51843	2484.80823	0	0	688698	0	0	3
396	197	0	3.9320971	202954.914	203083.5	202661.043	203599.031	274.042696	2484.80823	0	0	689245	0	0	3
397	197	0	3.94202664	202908.667	203087.23	202661.043	203599.031	265.66602	2484.80823	0	0	689560	0	0	3
398	198	0	3.95195618	202865.654	203090.569	202661.043	203599.031	256.758897	2484.80823	0	0	689763	0	0	3
399	198	0	3.96188572	202824.285	203093.351	202661.043	203599.031	246.646696	2484.80823	0	0	689704	0	0	3
400	199	0	3.97181525	202781.77	203095.563	202661.043	203599.031	236.665683	2484.80823	0	0	689885	0	0	3
401	199	0	3.98174479	202740.104	203097.026	202661.043	203599.031	226.24107	2484.80823	0	0	689789	0	0	3
402	200	0	3.99167433	202697.022	203097.731	202668.068	203599.031	215.139216	2484.80823	0	0	689573	0	0	3
403	200	0	4.00160387	202657.348	203097.521	202657.348	203599.031	204.01232	2484.80823	0	0	689371	0	0	3
404	201	0	4.01153341	202622.188	203096.541	202622.188	203599.031	192.637774	2484.80823	0	0	689704	0	0	3
405	201	0	4.02146294	202586.643	203094.641	202586.643	203599.031	179.441748	2484.80823	0	0	689670	0	0	3
406	202	0	4.03139248	202554.138	203091.835	202554.138	203599.031	167.691008	2484.80823	0	0	689826	0	0	3
407	202	0	4.04132202	202527.632	203088.101	202527.632	203599.031	156.544082	2484.80823	0	0	690129	0	0	3
408	203	0	4.05125156	202542.631	203083.646	202527.632	203599.031	145.117354	2484.80823	0	0	690280	0	0	3
409	203	0	4.0611811	202475.299	203077.394	202475.299	203599.031	132.881762	2484.80823	0	0	690233	0	0	3
410	204	0	4.07111063	202459.446	203070.705	202459.446	203599.031	121.792272	2484.80823	0	0	690056	0	0	3
411	204	0	4.08104017	202494.293	203063.694	202459.446	203599.031	111.101011	2484.80823	0	0	689794	0	0	3
412	205	0	4.09096971	202446.59	203054.951	202446.59	203599.031	98.8189945	2484.80823	0	0	689609	0	0	3
413	205	0	4.10089925	202450.59	203045.885	202446.59	203599.031	97.7912255	2484.80823	0	0	690296	0	0	3
414	206	0	4.11082879	202455.275	203036.056	202446.59	203599.031	97.7912255	2484.80823	0	0	690060	0	0	3
415	206	0	4.12075833	202469.273	203025.836	202446.59	203599.031	97.7912255	2484.80823	0	0	690264	0	0	3
416	206	0	4.13068786	202477.378	203015.255	202446.59	203599.031	97.7912255	2484.80823	0	0	690473	0	0	3
417	207	0	4.1406174	202498.235	203003.361	202446.59	203599.031	97.7912255	2484.80823	0	0	690537	0	0	3
418	207	0	4.15054694	202543.355	202991.71	202446.59	203599.031	106.021218	2484.80823	0	0	690298	0	0	3
419	208	0	4.16047648	202571.488	202980.828	202446.59	203599.031	116.903073	2484.80823	0	0	689958	0	0	3
420	208	0	4.17040602	202576.802	202969.449	202446.59	203599.031	128.282048	2484.80823	0	0	689557	0	0	3
421	209	0	4.18033555	202633.073	202958.099	202446.59	203599.031	139.632073	2484.80823	0	0	690167	0	0	3
422	209	0	4.19026509	202666.368	202946.733	202446.59	203599.031	150.998234	2484.80823	0	0	689969	0	0	3
423	210	0	4.20019463	202690.073	202935.659	202446.59	203599.031	162.072589	2484.80823	0	0	690214	0	0	3
424	210	0	4.21012417	202729.76	202924.076	202446.59	203599.031	173.655696	2484.80823	0	0	690649	0	0	3
425	211	0	4.22005371	202771.229	202912.842	202446.59	203599.031	184.889696	2484.80823	0	0	690799	0	0	3
426	211	0	4.22998325	202795.592	202902.332	202446.59	203599.031	195.399837	2484.80823	0	0	690564	0	0	3
427	212	0	4.23991278	202888.568	202891.362	202446.59	203599.031	206.369359	2484.80823	0	0	690150	0	0	3
428	212	0	4.24984232	202918.156	202880.638	202446.59	203599.031	217.093445	2484.80823	0	0	689779	0	0	3
429	213	0	4.25977186	202911.743	202871.278	202446.59	203599.031	226.453726	2484.80823	0	0	689310	0	0	3
430	213	0	4.2697014	202957.702	202862.648	202446.59	203599.031	235.083748	2484.80823	0	0	689446	0	0	3
431	214	0	4.27963094	202973.433	202851.146	202446.59	203599.031	246.585889	2484.80823	0	0	690228	0	0	3
432	214	0	4.28956047	203026.188	202839.913	202446.59	203491.169	257.818099	2484.80823	0	0	690824	0	0	3
433	215	0	4.29949001	203156.19	202834.603	202446.59	203491.169	263.128666	2484.80823	0	0	691039	0	0	3
434	215	0	4.30941955	203067.297	202828.169	202446.59	203491.169	269.562148	2484.80823	0	0	690870	0	0	3
435	216	0	4.31934909	203080.425	202821.951	202446.59	203491.169	275.780257	2484.80823	0	0	690562	0	0	3
436	216	0	4.32927863	203118.942	202816.536	202446.59	203491.169	281.195704	2484.80823	0	0	690158	0	0	3
437	217	0	4.33920816	203367.534	202814.112	202446.59	203367.534	283.619928	2484.80823	0	0	689453	0	0	3
438	217	0	4.3491377	203168.313	202810.459	202446.59	203367.534	287.27242	2484.80823	0	0	689536	0	0	3
439	218	0	4.35906724	203158.186	202807.764	202446.59	203367.534	289.967891	2484.80823	0	0	690113	0	0	3
440	218	0	4.36899678	203185.497	202806.437	202446.59	203367.534	291.294888	2484.80823	0	0	690845	0	0	3
441	219	0	4.37892632	203443.17	202810.856	202446.59	203443.17	291.294888	2484.80823	0	0	691116	0	0	3
442	219	0	4.38885586	203206.558	202811.347	202446.59	203443.17	291.294888	2484.80823	0	0	691025	0	0	3
443	220	0	4.39878539	203176.686	202812.052	202446.59	203443.17	291.294888	2484.80823	0	0	690837	0	0	3
444	220	0	4.40871493	203182.334	202813.768	202446.59	203443.17	291.294888	2484.80823	0	0	690399	0	0	3
445	221	0	4.41864447	203189.237	202816.483	202446.59	203443.17	291.294888	2484.80823	0	0	689755	0	0	3
446	221	0	4.42857401	203189.012	202820.241	202446.59	203443.17	291.294888	2484.80823	0	0	689796	0	0	3
447	221	0	4.43850355	203168.432	202824.428	202446.59	203443.17	291.294888	2484.80823	0	0	690434	0	0	3
448	222	0	4.44843308	203141.316	202828.989	202446.59	203443.17	291.294888	2484.80823	0	0	690688	0	0	3
449	223	0	4.45836262	203102.081	202833.625	202446.59	203443.17	291.294888	2484.80823	0	0	691091	0	0	3
450	223	0	4.46829216	203061.315	202838.273	202446.59	203443.17	291.294888	2484.80823	0	0	691077	0	0	3
451	224	0	4.4782217	203030.4	202843.148	202446.59	203443.17	291.294888	2484.80823	0	0	690791	0	0	3
452	224	0	4.48815124	203002.968	202848.302	202446.59	203443.17	291.294888	2484.80823	0	0	690336	0	0	3
453	225	0	4.49808077	202968.286	202853.621	202446.59	203443.17	291.084687	2484.80823	0	0	689732	0	0	3
454	225	0	4.50801031	202918.61	202858.744	202446.59	203443.17	290.104407	2484.80823	0	0	689513	0	0	3
455	226	0	4.51793985	202865.337	202863.511	202446.59	203443.17	288.204323	2484.80823	0	0	689829	0	0	3
456	226	0	4.52786939	202818.445	202868.057	202446.59	203443.17	285.398481	2484.80823	0	0	690438	0	0	3
457	227	0	4.53779893	202769.634	202872.282	202446.59	203443.17	281.664328	2484.80823	0	0	690922	0	0	3
458	227	0	4.54772847	202718.426	202876.023	202446.59	203443.17	277.209611	2484.80823	0	0	690949	0	0	3
459	228	0	4.557658	202668.194	202878.485	202446.59	203443.17	270.957209	2484.80823	0	0	690572	0	0	3
460	228	0	4.56758754	202620.509	202881.332	202446.59	203443.17	264.268252	2484.80823	0	0	690095	0	0	3
461	229	0	4.57751708	202574.856	202883.595	202446.59	203443.17	257.25758	2484.80823	0	0	689496	0	0	3
462	229	0	4.58744662	202532.113	202884.337	202446.59	203443.17	248.514721	2484.80823	0	0	689875	0	0	3
463	230	0	4.59737616	202493.671	202885.26	202450.59	203443.17	239.448785	2484.80823	0	0	690333	0	0	3
464	230	0	4.60730569	202457.759	202885.4	202455.275	203443.17	229.619801	2484.80823	0	0	690236	0	0	3
465	231	0	4.61723523	202425.123	202884.809	202425.123	203443.17	219.399155	2484.80823	0	0	690613	0	0	3
466	231	0	4.62716477	202395.884	202883.37	202395.884	203443.17	208.818351	2484.80823	0	0	690593	0	0	3
467	232	0	4.63709431	202374.34	202881.35	202374.34	203443.17	196.9242	2484.80823	0	0	690185	0	0	3
468	232	0	4.64702385	202347.842	202878.401	202347.842	203443.17	185.27367	2484.80823	0	0	689602	0	0	3
469	233	0	4.65695338	202322.481	202874.07	202322.481	203443.17	174.391815	2484.80823	0	0	689224	0	0	3
470	233	0	4.66688292	202305.383	202868.852	202305.383	203443.17	163.01284	2484.80823	0	0	689853	0	0	3
471	234	0	4.67681246	202287.967	202863.189	202287.967	203443.17	151.662815	2484.80823	0	0	690271	0	0	3
472	234	0	4.686742	202275.588	202856.179	202275.588	203443.17	140.296654	2484.80823	0	0	690301	0	0	3
473	235	0	4.69667154	202261.914	202848.249	202261.914	203443.17	129.222298	2484.80823	0	0	690354	0	0	3
474	235	0	4.70660108	202249.172	202839.604	202249.172	203443.17	117.639192	2484.80823	0	0	690300	0	0	3
475	236	0	4.71653061	202253.496	202830.265	202249.172	203443.17	106.405191	2484.80823	0	0	689851	0	0	3
476	237	0	4.72646015	202249.847	202820.042	202249.172	203443.17	95.8950512	2484.80823	0	0	689462	0	0	3
477	237	0	4.73638969	202253.138	202809.406	202249.172	203443.17	84.9255287	2484.80823	0	0	689172	0	0	3
478	238	0	4.74631923	202257.492	202797.032	202249.172	203443.17	88.3686437	2484.80823	0	0	689537	0	0	3
479	238	0	4.75624877	202291.47	202784.744	202249.172	203443.17	100.656609	2484.80823	0	0	690059	0	0	3
480	238	0	4.7661783	202313.159	202773.007	202249.172	203443.17	112.393543	2484.80823	0	0	690153	0	0	3
481	239	0	4.77610784	202308.577	202760.279	202249.172	203443.17	125.121468	2484.80823	0	0	690081	0	0	3
482	240	0	4.78603738	202343.31	202747.924	202249.172	203443.17	137.476822	2484.80823	0	0	689937	0	0	3
483	240	0	4.79596692	202369.527	202735.048	202249.172	203443.17	150.352531	2484.80823	0	0	689627	0	0	3
484	241	0	4.80589646	202377.475	202719.779	202249.172	203443.17	165.621448	2484.80823	0	0	689564	0	0	3
485	241	0	4.81582599	202405.951	202706.811	202249.172	203443.17	178.589021	2484.80823	0	0	689239	0	0	3
486	242	0	4.82575553	202440.031	202694.255	202249.172	203443.17	191.145777	2484.80823	0	0	689024	0	0	3
487	242	0	4.83568507	202443.168	202681.004	202249.172	203443.17	204.396241	2484.80823	0	0	689601	0	0	3
488	242	0	4.84561461	202471.908	202663.443	202249.172	203443.17	221.957539	2484.80823	0	0	689829	0	0	3
489	243	0	4.85554415	202589.065	202652.085	202249.172	203443.17	233.315349	2484.80823	0	0	689767	0	0	3
490	243	0	4.86547369	202527.709	202639.723	202249.172	203443.17	245.677649	2484.80823	0	0	689626	0	0	3
491	244	0	4.87540322	202550.559	202627.273	202249.172	203443.17	258.127407	2484.80823	0	0	689632	0	0	3
492	244	0	4.88533276	202596.75	202610.677	202249.172	203206.558	274.723881	2484.80823	0	0	689384	0	0	3
493	245	0	4.8952623	202611.28	202599.004	202249.172	203189.237	286.395994	2484.80823	0	0	688900	0	0	3
494	245	0	4.90519184	202615.562	202588.002	202249.172	203189.237	297.398421	2484.80823	0	0	688867	0	0	3
495	246	0	4.91512138	202680.73	202578.167	202249.172	203189.237	307.233793	2484.80823	0	0	689202	0	0	3
496	246	0	4.92505091	202690.644	202568.39	202249.172	203189.012	317.010127	2484.80823	0	0	689141	0	0	3
497	247	0	4.93498045	202643.636	202557.697	202249.172	203168.432	327.703781	2484.80823	0	0	689076	0	0	3
498	247	0	4.94490999	202650.42	202547.54	202249.172	203141.316	337.860867	2484.80823	0	0	688948	0	0	3
499	248	0	4.95483953	202684.944	202538.591	202249.172	203102.081	346.809353	2484.80823	0	0	688762	0	0	3
500	248	0	4.96476907	202744.032	202531.571	202249.172	203061.315	353.829919	2484.80823	0	0	688361	0	0	3
501	249	0	4.97469861	202671.93	202523.936	202249.172	203030.4	361.464923	2484.80823	0	0	687669	0	0	3
502	250	0	4.98462814	202668.305	202516.836	202249.172	203002.968	368.564813	2484.80823	0	0	687550	0	0	3
503	250	0	4.99455768	202710.504	202511.101	202249.172	202968.286	374.299401	2484.80823	0	0	687506	0	0	3
504	251	0	5.00448722	202677.43	202505.398	202249.172	202918.61	380.002459	2484.80823	0	0	687863	0	0	3
505	251	0	5.01441676	202758.767	202502.264	202249.172	202865.337	383.136633	2484.80823	0	0	687780	0	0	3
506	252	0	5.0243463	202652.295	202498.087	202249.172	202818.445	387.313942	2484.80823	0	0	687485	0	0	3
507	252	0	5.03427583	202613.445	202494.067	202249.172	202769.634	391.33356	2484.80823	0	0	686989	0	0	3
508	253	0	5.04420537	202588.47	202490.515	202249.172	202758.767	394.885788	2484.80823	0	0	686408	0	0	3
509	253	0	5.05413491	202581.716	202487.834	202249.172	202758.767	397.566373	2484.80823	0	0	686571	0	0	3
510	254	0	5.06406445	202556.063	202485.635	202249.172	202758.767	399.765014	2484.80823	0	0	687314	0	0	3
511	254	0	5.07399399	202512.704	202483.522	202249.172	202758.767	401.878848	2484.80823	0	0	687753	0	0	3
512	255	0	5.08392352	202468.959	202481.445	202249.172	202758.767	403.955261	2484.80823	0	0	687791	0	0	3
513	255	0	5.09385306	202444.307	202479.724	202249.172	202758.767	405.676936	2484.80823	0	0	687565	0	0	3
514	256	0	5.1037826	202407.64	202478.037	202249.172	202758.767	407.363833	2484.80823	0	0	687490	0	0	3
515	256	0	5.11371214	202371.03	202476.336	202249.172	202758.767	408.473178	2484.80823	0	0	688171	0	0	3
516	257	0	5.12364168	202327.575	202474.423	202249.172	202758.767	408.946875	2484.80823	0	0	688772	0	0	3
517	257	0	5.13357122	202300.307	202472.549	202249.172	202758.767	408.800569	2484.80823	0	0	689774	0	0	3
518	258	0	5.14350075	202263.873	202470.383	202249.172	202758.767	408.017711	2484.80823	0	0	690170	0	0	3
519	258	0	5.15343029	202225.01	202467.975	202225.01	202758.767	406.095332	2484.80823	0	0	690046	0	0	3
520	259	0	5.16335983	202182.964	202465.239	202182.964	202758.767	403.613222	2484.80823	0	0	689603	0	0	3
521	259	0	5.17328937	202145.624	202462.107	202145.624	202758.767	401.082336	2484.80823	0	0	688787	0	0	3
522	260	0	5.18321891	202106.962	202458.558	202106.962	202758.767	397.621952	2484.80823	0	0	687616	0	0	3
523	260	0	5.19314844	202068.326	202454.494	202068.326	202758.767	393.75545	2484.80823	0	0	687725	0	0	3
524	261	0	5.20307798	202033.951	202450.024	202033.951	202758.767	389.580206	2484.80823	0	0	687934	0	0	3
525	261	0	5.21300752	202003.485	202445.206	202003.485	202758.767	385.0591	2484.80823	0	0	687857	0	0	3
526	262	0	5.22293706	201975.837	202439.762	201975.837	202758.767	380.280226	2484.80823	0	0	687447	0	0	3
527	262	0	5.2328666	201955.355	202433.988	201955.355	202758.767	375.418244	2484.80823	0	0	687022	0	0	3
528	263	0	5.24279613	201933.838	202427.727	201933.838	202758.767	369.304991	2484.80823	0	0	686588	0	0	3
529	263	0	5.25272567	201911.458	202420.942	201911.458	202758.767	363.802017	2484.80823	0	0	686101	0	0	3
530	264	0	5.26265521	201886.872	202413.009	201886.872	202758.767	359.998369	2484.80823	0	0	686636	0	0	3
531	264	0	5.27258475	201870.578	202404.331	201870.578	202758.767	355.948505	2484.80823	0	0	687448	0	0	3
532	265	0	5.28251429	201860.398	202395.543	201860.398	202758.767	352.380978	2484.80823	0	0	687913	0	0	3
533	265	0	5.29244383	201857.088	202386.009	201857.088	202758.767	349.039031	2484.80823	0	0	688048	0	0	3
534	266	0	5.30237336	201899.149	202376.786	201857.088	202758.767	342.993215	2484.80823	0	0	688264	0	0	3
535	266	0	5.3123029	201859.786	202366.635	201857.088	202758.767	340.176409	2484.80823	0	0	687864	0	0	3
536	266	0	5.32223244	201872.81	202356.181	201857.088	202758.767	338.0734	2484.80823	0	0	687458	0	0	3
537	267	0	5.33216198	201889.622	202345.389	201857.088	202758.767	335.615265	2484.80823	0	0	686943	0	0	3
538	267	0	5.34209152	201912.036	202334.975	201857.088	202758.767	328.468318	2484.80823	0	0	688144	0	0	3
539	268	0	5.35202105	201957.179	202324.882	201857.088	202758.767	327.203222	2484.80823	0	0	689048	0	0	3
540	268	0	5.36195059	201954.997	202312.449	201857.088	202758.767	327.273625	2484.80823	0	0	689635	0	0	3
541	269	0	5.37188013	201999.574	202302.094	201857.088	202758.767	325.179464	2484.80823	0	0	690040	0	0	3
542	269	0	5.38180967	202029.339	202291.874	201857.088	202758.767	318.803002	2484.80823	0	0	690195	0	0	3
543	270	0	5.39173921	202041.1	202280.978	201857.088	202758.767	318.025981	2484.80823	0	0	690034	0	0	3
544	270	0	5.40166874	202073.579	202270.435	201857.088	202758.767	317.566716	2484.80823	0	0	689650	0	0	3
545	271	0	5.41159828	202124.761	202260.812	201857.088	202758.767	317.354894	2484.80823	0	0	689248	0	0	3
546	271	0	5.42152782	202160.05	202250.602	201857.088	202758.767	317.787965	2484.80823	0	0	689428	0	0	3
547	272	0	5.43145736	202184.94	202240.687	201857.088	202758.767	317.01008	2484.80823	0	0	690178	0	0	3
548	272	0	5.4413869	202224.068	202232.46	201857.088	202758.767	315.079817	2484.80823	0	0	690850	0	0	3
549	273	0	5.45131644	202275.903	202225.116	201857.088	202758.767	313.474815	2484.80823	0	0	691109	0	0	3
550	273	0	5.46124597	202353.929	202218.626	201857.088	202758.767	312.944738	2484.80823	0	0	691686	0	0	3
551	274	0	5.47117551	202326.195	202210.433	201857.088	202758.767	313.502622	2484.80823	0	0	691743	0	0	3
552	274	0	5.48110505	202392.913	202204.962	201857.088	202758.767	311.873653	2484.80823	0	0	692155	0	0	3
553	275	0	5.49103459	202376.337	202199.237	201857.088	202758.767	311.863945	2484.80823	0	0	691985	0	0	3
554	275	0	5.50096413	202405.797	202193.262	201857.088	202758.767	312.135538	2484.80823	0	0	691910	0	0	3
555	276	0	5.51089366	202433.201	202188.474	201857.088	202758.767	313.790171	2484.80823	0	0	691721	0	0	3
556	276	0	5.5208232	202523.162	202183.854	201857.088	202652.295	314.232571	2484.80823	0	0	692189	0	0	3
557	277	0	5.53075274	202538.166	202181.616	201857.088	202613.445	312.45076	2484.80823	0	0	692838	0	0	3
558	277	0	5.54068228	202487.495	202179.147	201857.088	202588.47	311.368129	2484.80823	0	0	693186	0	0	3
559	278	0	5.55061182	202507.096	202177.551	201857.088	202581.716	310.283116	2484.80823	0	0	693405	0	0	3
560	278	0	5.56054135	202619.737	202178.296	201857.088	202619.737	308.084476	2484.80823	0	0	693467	0	0	3
561	278	0	5.57047089	202620.591	202179.562	201857.088	202620.591	305.970641	2484.80823	0	0	693822	0	0	3
562	279	0	5.58040043	202537.902	202180.056	201857.088	202620.591	303.894229	2484.80823	0	0	693824	0	0	3
563	279	0	5.59032997	202540.024	202181.449	201857.088	202620.591	302.172554	2484.80823	0	0	694390	0	0	3
564	280	0	5.60025951	202556.07	202183.641	201857.088	202620.591	300.485656	2484.80823	0	0	694136	0	0	3
565	280	0	5.61018905	202668.063	202188.747	201857.088	202668.063	298.78508	2484.80823	0	0	694704	0	0	3
566	281	0	5.62011858	202546.493	202192.187	201857.088	202668.063	296.872379	2484.80823	0	0	694749	0	0	3
567	281	0	5.63004812	202525.841	202196.075	201857.088	202668.063	294.998331	2484.80823	0	0	694963	0	0	3
568	282	0	5.63997766	202506.323	202200.115	201857.088	202668.063	292.832313	2484.80823	0	0	694644	0	0	3
569	282	0	5.6499072	202497.987	202204.705	201857.088	202668.063	290.423828	2484.80823	0	0	694155	0	0	3
570	283	0	5.65983674	202481.525	202209.735	201857.088	202668.063	287.688196	2484.80823	0	0	693565	0	0	3
571	283	0	5.66976627	202456.584	202215.1	201857.088	202668.063	284.555661	2484.80823	0	0	692889	0	0	3
572	284	0	5.67969581	202418.914	202220.458	201857.088	202668.063	281.006533	2484.80823	0	0	692849	0	0	3
573	284	0	5.68962535	202384.538	202225.901	201857.088	202668.063	276.942574	2484.80823	0	0	692852	0	0	3
574	285	0	5.69955489	202344.388	202231.314	201857.088	202668.063	272.472698	2484.80823	0	0	692733	0	0	3
575	285	0	5.70948443	202303.066	202236.591	201857.088	202668.063	267.655293	2484.80823	0	0	692548	0	0	3
576	286	0	5.71941397	202274.154	202241.898	201857.088	202668.063	262.210996	2484.80823	0	0	692340	0	0	3
577	287	0	5.7293435	202239.323	202247.065	201857.088	202668.063	256.43664	2484.80823	0	0	692585	0	0	3
578	287	0	5.73927304	202200.145	202251.864	201857.088	202668.063	250.175855	2484.80823	0	0	694214	0	0	3
579	288	0	5.74920258	202165.138	202256.4	201857.088	202668.063	243.390864	2484.80823	0	0	694441	0	0	3
580	288	0	5.75913212	202133.791	202260.759	201857.088	202668.063	235.457578	2484.80823	0	0	694388	0	0	3
581	289	0	5.76906166	202100.74	202264.953	201857.088	202668.063	226.779516	2484.80823	0	0	692252	0	0	3
582	289	0	5.77899119	202060.55	202268.678	201857.088	202668.063	217.99169	2484.80823	0	0	691835	0	0	3
583	290	0	5.78892073	202020.042	202271.808	201857.088	202668.063	208.457928	2484.80823	0	0	691339	0	0	3
584	290	0	5.79885027	201986.255	202274.34	201859.786	202668.063	199.234827	2484.80823	0	0	691436	0	0	3
585	291	0	5.80877981	201955.428	202275.444	201859.786	202668.063	189.08406	2484.80823	0	0	691612	0	0	3
586	291	0	5.81870935	201924.6	202276.715	201872.81	202668.063	178.630312	2484.80823	0	0	691795	0	0	3
587	292	0	5.82863888	201895.096	202277.152	201889.622	202668.063	167.837984	2484.80823	0	0	693317	0	0	3
588	292	0	5.83856842	201867.791	202276.724	201867.791	202668.063	157.423632	2484.80823	0	0	694210	0	0	3
589	293	0	5.84849796	201846.833	202275.445	201846.833	202668.063	147.330919	2484.80823	0	0	694748	0	0	3
590	293	0	5.8584275	201828.238	202272.917	201828.238	202668.063	134.898216	2484.80823	0	0	695207	0	0	3
591	294	0	5.86835704	201815.374	202270.179	201815.374	202668.063	124.542619	2484.80823	0	0	694558	0	0	3
592	294	0	5.87828658	201803.5	202266.335	201803.5	202668.063	114.322607	2484.80823	0	0	696108	0	0	3
593	295	0	5.88821611	201797.508	202261.789	201797.508	202668.063	103.427515	2484.80823	0	0	697346	0	0	3
594	295	0	5.89814565	201793.389	202256.932	201793.389	202668.063	99.6008213	2484.80823	0	0	697173	0	0	3
595	296	0	5.90807519	201800.269	202251.573	201793.389	202668.063	99.6008213	2484.80823	0	0	696847	0	0	3
596	296	0	5.91800473	201816.523	202245.529	201793.389	202668.063	99.6008213	2484.80823	0	0	695105	0	0	3
597	296	0	5.92793427	201840.196	202239.257	201793.389	202668.063	99.6008213	2484.80823	0	0	694019	0	0	3
598	297	0	5.9378638	201883.623	202233.349	201793.389	202668.063	99.6008213	2484.80823	0	0	692318	0	0	3
599	297	0	5.94779334	201876.658	202226.537	201793.389	202668.063	99.6008213	2484.80823	0	0	693718	0	0	3
600	298	0	5.95772288	201912.192	202219.406	201793.389	202668.063	99.6008213	2484.80823	0	0	696555	0	0	3
601	299	0	5.96765242	201944.133	202211.37	201793.389	202668.063	99.6008213	2484.80823	0	0	697497	0	0	3
602	299	0	5.97758196	201974.462	202204.474	201793.389	202668.063	99.6008213	2484.80823	0	0	698607	0	0	3
603	300	0	5.98751149	202010.667	202196.979	201793.389	202668.063	99.6008213	2484.80823	0	0	698953	0	0	3
604	300	0	5.99744103	202034.193	202190.27	201793.389	202668.063	99.6008213	2484.80823	0	0	700743	0	0	3
605	301	0	6.00737057	202069.713	202183.68	201793.389	202668.063	99.6008213	2484.80823	0	0	700936	0	0	3
