Iteration	CPUTime	PhysTime	Travels	Value	AvValue	MinValue	MaxValue	Delta	Criteria	Progress	dGMaxMin	CriteriaType	CriteriaVarType	CriteriaPercentage
1	15	0	0.00992953813	0.000304209517	0.000304209517	0.000304209517	0.000304209517	0	0	0	0	0	0	0	3
2	15	0	0.0198590763	0.000911305326	0.000607757422	0.000304209517	0.000911305326	0.000303547905	0	0	0	0	0	0	3
3	16	0	0.0297886144	-0.000939236823	9.20926736e-05	-0.000939236823	0.000911305326	0.000515664748	0	0	0	0	0	0	3
4	16	0	0.0397181525	-9.10784596e-05	4.62998903e-05	-0.000939236823	0.000911305326	0.000561457532	0	0	0	0	0	0	3
5	17	0	0.0496476907	0.000452228409	0.000127485594	-0.000939236823	0.000911305326	0.000561457532	0	0	0	0	0	0	3
6	17	0	0.0595772288	0.000446038685	0.000180577776	-0.000939236823	0.000911305326	0.000561457532	0	0	0	0	0	0	3
7	18	0	0.0695067669	9.68734322e-05	0.000168620012	-0.000939236823	0.000911305326	0.000561457532	0	0	0	0	0	0	3
8	18	0	0.0794363051	1.13540064e-05	0.000148961762	-0.000939236823	0.000911305326	0.000561457532	0	0	0	0	0	0	3
9	19	0	0.0893658432	2.34675091e-06	0.000132671205	-0.000939236823	0.000911305326	0.000561457532	0	0	0	0	0	0	3
10	19	0	0.0992953813	2.19138615e-06	0.000119623223	-0.000939236823	0.000911305326	0.000561457532	0	0	0	0	0	0	3
11	19	0	0.109224919	-3.70073237e-05	0.000105384082	-0.000939236823	0.000911305326	0.000561457532	0	0	0	0	0	0	3
12	20	0	0.119154458	1.58617991e-05	9.79238922e-05	-0.000939236823	0.000911305326	0.000561457532	0	0	0	0	0	0	3
13	20	0	0.129083996	6.84982941e-06	9.0918195e-05	-0.000939236823	0.000911305326	0.000561457532	0	0	0	0	0	0	3
14	21	0	0.139013534	6.18520178e-06	8.48658384e-05	-0.000939236823	0.000911305326	0.000561457532	0	0	0	0	0	0	3
15	21	0	0.148943072	2.96647193e-06	7.94058806e-05	-0.000939236823	0.000911305326	0.000561457532	0	0	0	0	0	0	3
16	22	0	0.15887261	1.34949996e-06	7.45273568e-05	-0.000939236823	0.000911305326	0.000561457532	0	0	0	0	0	0	3
17	22	0	0.168802148	1.27863307e-06	7.02186084e-05	-0.000939236823	0.000911305326	0.000561457532	0	0	0	0	0	0	3
18	22	0	0.178731686	2.45243366e-06	6.64538209e-05	-0.000939236823	0.000911305326	0.000561457532	0	0	0	0	0	0	3
19	23	0	0.188661225	4.8768606e-06	6.32129282e-05	-0.000939236823	0.000911305326	0.000561457532	0	0	0	0	0	0	3
20	23	0	0.198590763	9.09339659e-06	6.05069516e-05	-0.000939236823	0.000911305326	0.000561457532	0	0	0	0	0	0	3
21	24	0	0.208520301	7.93684101e-06	5.8003613e-05	-0.000939236823	0.000911305326	0.000561457532	0	0	0	0	0	0	3
22	24	0	0.218449839	9.92881991e-06	5.58183952e-05	-0.000939236823	0.000911305326	0.000561457532	0	0	0	0	0	0	3
23	25	0	0.228379377	1.33689268e-05	5.39727661e-05	-0.000939236823	0.000911305326	0.000561457532	0	0	0	0	0	0	3
24	25	0	0.238308915	1.26841618e-05	5.22524076e-05	-0.000939236823	0.000911305326	0.000561457532	0	0	0	0	0	0	3
25	25	0	0.248238453	3.95163303e-06	5.03203766e-05	-0.000939236823	0.000911305326	0.000561457532	0	0	0	0	0	0	3
26	26	0	0.258167991	-1.10219647e-05	4.79610558e-05	-0.000939236823	0.000911305326	0.000561457532	0	0	0	0	0	0	3
27	26	0	0.26809753	-4.54005322e-05	4.45032192e-05	-0.000939236823	0.000911305326	0.000563254203	0	0	0	0	0	0	3
28	27	0	0.278027068	-9.64086424e-05	3.94706527e-05	-0.000939236823	0.000911305326	0.000568286769	0	0	0	0	0	0	3
29	27	0	0.287956606	-0.000157541913	3.2677116e-05	-0.000939236823	0.000911305326	0.000575080306	0	0	0	0	0	0	3
30	27	0	0.297886144	-0.000225394332	2.40747344e-05	-0.000939236823	0.000911305326	0.000583682687	0	0	0	0	0	0	3
31	28	0	0.307815682	-0.00026465232	1.47609584e-05	-0.000939236823	0.000911305326	0.000592996463	0	0	0	0	0	0	3
32	28	0	0.31774522	-0.00034801165	3.42431441e-06	-0.000939236823	0.000911305326	0.000604333107	0	0	0	0	0	0	3
33	29	0	0.327674758	-0.000431174279	-9.74533994e-06	-0.000939236823	0.000911305326	0.000617502762	0	0	0	0	0	0	3
34	29	0	0.337604297	-0.000512851495	-2.45425798e-05	-0.000939236823	0.000911305326	0.000632300002	0	0	0	0	0	0	3
35	30	0	0.347533835	-0.000593254698	-4.07914975e-05	-0.000939236823	0.000911305326	0.000648548919	0	0	0	0	0	0	3
36	30	0	0.357463373	-0.000625361278	-5.70295469e-05	-0.000939236823	0.000911305326	0.000664786969	0	0	0	0	0	0	3
37	30	0	0.367392911	-0.000689607469	-7.41262475e-05	-0.000939236823	0.000911305326	0.000681883669	0	0	0	0	0	0	3
38	31	0	0.377322449	-0.00074448084	-9.17671579e-05	-0.000939236823	0.000911305326	0.00069952458	0	0	0	0	0	0	3
39	31	0	0.387251987	-0.000797621219	-0.00010986598	-0.000939236823	0.000911305326	0.000717623402	0	0	0	0	0	0	3
40	32	0	0.397181525	-0.000843379685	-0.000128203823	-0.000939236823	0.000911305326	0.000735961244	0	0	0	0	0	0	3
41	32	0	0.407111063	-0.000857409578	-0.000145989329	-0.000939236823	0.000911305326	0.000753746751	0	0	0	0	0	0	3
42	33	0	0.417040602	-0.000893931982	-0.000163797487	-0.000939236823	0.000911305326	0.000771554909	0	0	0	0	0	0	3
43	33	0	0.42697014	-0.000923265333	-0.00018145953	-0.000939236823	0.000911305326	0.000789216952	0	0	0	0	0	0	3
44	33	0	0.436899678	-0.000956502588	-0.000199074145	-0.000956502588	0.000911305326	0.000806831567	0	0	0	0	0	0	3
45	34	0	0.446829216	-0.000990202877	-0.000216654784	-0.000990202877	0.000911305326	0.000824412205	0	0	0	0	0	0	3
46	34	0	0.456758754	-0.00101950939	-0.000234108144	-0.00101950939	0.000911305326	0.000841865566	0	0	0	0	0	0	3
47	35	0	0.466688292	-0.00104340188	-0.00025132716	-0.00104340188	0.000911305326	0.000859084582	0	0	0	0	0	0	3
48	35	0	0.47661783	-0.00106204266	-0.000268217067	-0.00106204266	0.000911305326	0.000875974488	0	0	0	0	0	0	3
49	35	0	0.486547369	-0.00108037462	-0.00028479171	-0.00108037462	0.000911305326	0.000892549132	0	0	0	0	0	0	3
50	36	0	0.496476907	-0.00109277363	-0.000300951349	-0.00109277363	0.000911305326	0.000908708771	0	0	0	0	0	0	3
51	36	0	0.506406445	-0.0011038562	-0.000316694581	-0.0011038562	0.000911305326	0.000924452003	0	0	0	0	0	0	3
52	37	0	0.516335983	-0.00110781335	-0.000344381304	-0.00110781335	0.000911305326	0.000952138726	0	0	0	0	0	0	3
53	37	0	0.526265521	-0.00111073661	-0.000384029185	-0.00111073661	0.000452228409	0.000564606961	0	0	0	0	0	0	3
54	37	0	0.536195059	-0.00110351486	-0.000387250323	-0.00111073661	0.000452228409	0.000567828099	0	0	0	0	0	0	3
55	38	0	0.546124597	-0.0010951303	-0.000406937614	-0.00111073661	0.000452228409	0.00058751539	0	0	0	0	0	0	3
56	38	0	0.556054135	-0.0010796396	-0.000436974242	-0.00111073661	0.000446038685	0.000617552018	0	0	0	0	0	0	3
57	39	0	0.565983674	-0.00106089309	-0.000466521924	-0.00111073661	9.68734322e-05	0.000635141936	0	0	0	0	0	0	3
58	39	0	0.575913212	-0.00103733071	-0.000488761221	-0.00111073661	1.58617991e-05	0.000637722982	0	0	0	0	0	0	3
59	40	0	0.58584275	-0.00100996322	-0.000508787049	-0.00111073661	1.58617991e-05	0.000641458253	0	0	0	0	0	0	3
60	40	0	0.595772288	-0.00097865679	-0.000528022412	-0.00111073661	1.58617991e-05	0.000647645635	0	0	0	0	0	0	3
61	40	0	0.605701826	-0.000946328236	-0.000546620836	-0.00111073661	1.58617991e-05	0.000652004919	0	0	0	0	0	0	3
62	41	0	0.615631364	-0.000912487345	-0.000563787111	-0.00111073661	1.58617991e-05	0.000661711003	0	0	0	0	0	0	3
63	41	0	0.625560902	-0.00087419984	-0.0005812393	-0.00111073661	1.33689268e-05	0.000672157495	0	0	0	0	0	0	3
64	42	0	0.635490441	-0.000833986867	-0.000597726294	-0.00111073661	1.33689268e-05	0.000682592132	0	0	0	0	0	0	3
65	42	0	0.645419979	-0.000794434875	-0.000613424727	-0.00111073661	1.33689268e-05	0.000692830608	0	0	0	0	0	0	3
66	43	0	0.655349517	-0.000755103903	-0.000628288852	-0.00111073661	1.33689268e-05	0.000702816209	0	0	0	0	0	0	3
67	43	0	0.665279055	-0.000715578752	-0.000642346269	-0.00111073661	1.33689268e-05	0.000712564877	0	0	0	0	0	0	3
68	43	0	0.675208593	-0.000676381455	-0.000655633721	-0.00111073661	1.33689268e-05	0.000722087542	0	0	0	0	0	0	3
69	44	0	0.685138131	-0.000638360081	-0.000668198673	-0.00111073661	1.33689268e-05	0.000731411601	0	0	0	0	0	0	3
70	44	0	0.695067669	-0.000602667108	-0.000680111299	-0.00111073661	1.33689268e-05	0.000740618251	0	0	0	0	0	0	3
71	45	0	0.704997208	-0.000569112131	-0.000691448663	-0.00111073661	1.33689268e-05	0.000749452276	0	0	0	0	0	0	3
72	45	0	0.714926746	-0.000538197808	-0.000702157185	-0.00111073661	1.33689268e-05	0.00075797558	0	0	0	0	0	0	3
73	45	0	0.724856284	-0.000510520357	-0.000712362071	-0.00111073661	1.33689268e-05	0.000766334837	0	0	0	0	0	0	3
74	46	0	0.734785822	-0.000485687531	-0.000722147492	-0.00111073661	1.26841618e-05	0.000774399899	0	0	0	0	0	0	3
75	46	0	0.74471536	-0.000463692702	-0.000731488215	-0.00111073661	3.95163303e-06	0.000781808591	0	0	0	0	0	0	3
76	47	0	0.754644898	-0.000444476447	-0.000740280922	-0.00111073661	-1.10219647e-05	0.000788241978	0	0	0	0	0	0	3
77	47	0	0.764574436	-0.000428078707	-0.000748458505	-0.00111073661	-4.54005322e-05	0.000792961724	0	0	0	0	0	0	3
78	48	0	0.774503974	-0.000414708464	-0.000755699837	-0.00111073661	-9.64086424e-05	0.00079517049	0	0	0	0	0	0	3
79	48	0	0.784433513	-0.000404783907	-0.000761746411	-0.00111073661	-0.000157541913	0.000794423527	0	0	0	0	0	0	3
80	48	0	0.794363051	-0.000398268697	-0.000766466544	-0.00111073661	-0.000225394332	0.000790541278	0	0	0	0	0	0	3
81	49	0	0.804292589	-0.000394986338	-0.000769791878	-0.00111073661	-0.00026465232	0.000784552836	0	0	0	0	0	0	3
82	49	0	0.814222127	-0.000393739723	-0.000772323003	-0.00111073661	-0.00034801165	0.000762724961	0	0	0	0	0	0	3
83	50	0	0.824151665	-0.000395935574	-0.000773262688	-0.00111073661	-0.000393739723	0.000716996887	0	0	0	0	0	0	3
84	50	0	0.834081203	-0.000398973509	-0.0007726313	-0.00111073661	-0.000393739723	0.000716996887	0	0	0	0	0	0	3
85	50	0	0.844010741	-0.000404268865	-0.000770502229	-0.00111073661	-0.000393739723	0.000716996887	0	0	0	0	0	0	3
86	51	0	0.85394028	-0.000410437169	-0.000766917572	-0.00111073661	-0.000393739723	0.000716233141	0	0	0	0	0	0	3
87	51	0	0.863869818	-0.000418005384	-0.00076285177	-0.00111073661	-0.000393739723	0.00069913644	0	0	0	0	0	0	3
88	52	0	0.873799356	-0.000426120074	-0.00075768535	-0.00111073661	-0.000393739723	0.00068149553	0	0	0	0	0	0	3
89	52	0	0.883728894	-0.000434545501	-0.000751608187	-0.00111073661	-0.000393739723	0.000663396708	0	0	0	0	0	0	3
90	53	0	0.893658432	-0.000443313759	-0.000744660982	-0.00111073661	-0.000393739723	0.000645058865	0	0	0	0	0	0	3
91	53	0	0.90358797	-0.000450742725	-0.000736962218	-0.00111073661	-0.000393739723	0.000627273359	0	0	0	0	0	0	3
92	54	0	0.913517508	-0.000457709168	-0.000729124955	-0.00111073661	-0.000393739723	0.000609465201	0	0	0	0	0	0	3
93	54	0	0.923447046	-0.000463638218	-0.000720687822	-0.00111073661	-0.000393739723	0.000591803158	0	0	0	0	0	0	3
94	54	0	0.933376585	-0.000467550461	-0.000711752236	-0.00111073661	-0.000393739723	0.000574188543	0	0	0	0	0	0	3
95	55	0	0.943306123	-0.000469997538	-0.000702212922	-0.00111073661	-0.000393739723	0.000556607904	0	0	0	0	0	0	3
96	55	0	0.953235661	-0.000473037082	-0.000692072416	-0.00111073661	-0.000393739723	0.000539154543	0	0	0	0	0	0	3
97	56	0	0.963165199	-0.0004756192	-0.000681407903	-0.00111073661	-0.000393739723	0.000521935528	0	0	0	0	0	0	3
98	56	0	0.973094737	-0.00047810782	-0.000670323705	-0.00111073661	-0.000393739723	0.000505045621	0	0	0	0	0	0	3
99	57	0	0.983024275	-0.00048055131	-0.000658921914	-0.00111073661	-0.000393739723	0.000488470977	0	0	0	0	0	0	3
100	57	0	0.992953813	-0.000482344746	-0.000647195838	-0.00111073661	-0.000393739723	0.000472311339	0	0	0	0	0	0	3
101	58	0	1.00288335	-0.000483705858	-0.000635253333	-0.00111073661	-0.000393739723	0.000456568107	0.000154789904	0	0	0	0	0	3
102	58	0	1.01281289	-0.000485015037	-0.000623119192	-0.00111073661	-0.000393739723	0.000428881384	0.00015470031	0	0	0	0	0	3
103	59	0	1.02274243	-0.000485535886	-0.000610917673	-0.00111073661	-0.000393739723	0.000389233503	0.000154607067	0	0	0	0	0	3
104	59	0	1.03267197	-0.000485755179	-0.000598663135	-0.00110351486	-0.000393739723	0.000386012365	0.00015452155	0	0	0	0	0	3
105	60	0	1.0426015	-0.000485607757	-0.00058654731	-0.0010951303	-0.000393739723	0.000366325074	0.000154449721	0	0	0	0	0	3
106	60	0	1.05253104	-0.000485252533	-0.000574588922	-0.0010796396	-0.000393739723	0.000336288446	0.000143414356	0	0	0	0	0	3
107	60	0	1.06246058	-0.000484614729	-0.000562921768	-0.00106089309	-0.000393739723	0.000306740764	0.000143398731	0	0	0	0	0	3
108	61	0	1.07239012	-0.000483417261	-0.000551598712	-0.00103733071	-0.000393739723	0.000284501467	0.000143414766	0	0	0	0	0	3
109	61	0	1.08231966	-0.00048302257	-0.000540729925	-0.00100996322	-0.000393739723	0.000264475639	0.000143475959	0	0	0	0	0	3
110	62	0	1.09224919	-0.000481872482	-0.000530375205	-0.00097865679	-0.000393739723	0.000245240276	0.000143522296	0	0	0	0	0	3
111	62	0	1.10217873	-0.000480539754	-0.000520608204	-0.000946328236	-0.000393739723	0.000252654484	0.000146219955	0	0	0	0	0	3
112	63	0	1.11210827	-0.000478678889	-0.000511438609	-0.000912487345	-0.000393739723	0.000261824079	0.000143762359	0	0	0	0	0	3
113	63	0	1.12203781	-0.000474568988	-0.000502851975	-0.00087419984	-0.000393739723	0.000270410713	0.000149203328	0	0	0	0	0	3
114	64	0	1.13196735	-0.000470435271	-0.000494935023	-0.000833986867	-0.000393739723	0.000278327665	0.00014934516	0	0	0	0	0	3
115	64	0	1.14189689	-0.000464615394	-0.000487692445	-0.000794434875	-0.000393739723	0.000285570243	0.000144196747	0	0	0	0	0	3
116	65	0	1.15182642	-0.000458779836	-0.000481110973	-0.000755103903	-0.000393739723	0.000292151715	0.000149661673	0	0	0	0	0	3
117	65	0	1.16175596	-0.000451800941	-0.000475163856	-0.000715578752	-0.000393739723	0.000298098831	0.000149810183	0	0	0	0	0	3
118	66	0	1.1716855	-0.000443915895	-0.000469837134	-0.000676381455	-0.000393739723	0.000282641732	0.000149881297	0	0	0	0	0	3
119	66	0	1.18161504	-0.000436159999	-0.000465126909	-0.000638360081	-0.000393739723	0.000244620358	0.000149955326	0	0	0	0	0	3
120	67	0	1.19154458	-0.000427808184	-0.000460998441	-0.000602667108	-0.000393739723	0.000208927384	0.000155700491	0	0	0	0	0	3
121	67	0	1.20147411	-0.000420237288	-0.000457421385	-0.000569112131	-0.000393739723	0.000175372408	0.000155669197	0	0	0	0	0	3
122	67	0	1.21140365	-0.00041227893	-0.000454346224	-0.000538197808	-0.000393739723	0.000144458084	0.000155584256	0	0	0	0	0	3
123	68	0	1.22133319	-0.000405288995	-0.000451740169	-0.000510520357	-0.000393739723	0.000116780634	0.000155460939	0	0	0	0	0	3
124	68	0	1.23126273	-0.000398397104	-0.000449541674	-0.000485755179	-0.000393739723	9.20154557e-05	0.000149589317	0	0	0	0	0	3
125	69	0	1.24119227	-0.0003929717	-0.000447723717	-0.000485755179	-0.0003929717	9.27834787e-05	0.000144161939	0	0	0	0	0	3
126	69	0	1.2511218	-0.000387332601	-0.00044622646	-0.000485755179	-0.000387332601	9.84225783e-05	0.0001440013	0	0	0	0	0	3
127	70	0	1.26105134	-0.000382883095	-0.000445018747	-0.000485755179	-0.000382883095	0.000102872084	0.000143876247	0	0	0	0	0	3
128	70	0	1.27098088	-0.000378840344	-0.000444053289	-0.000485755179	-0.000378840344	0.000106914835	0.000143776048	0	0	0	0	0	3
129	71	0	1.28091042	-0.000375845662	-0.000443291273	-0.000485755179	-0.000375845662	0.000109909517	0.000143698349	0	0	0	0	0	3
130	71	0	1.29083996	-0.000372835622	-0.000442664836	-0.000485755179	-0.000372835622	0.000112919557	0.000143659567	0	0	0	0	0	3
131	72	0	1.3007695	-0.000370562456	-0.000442121577	-0.000485755179	-0.000370562456	0.000115192723	0.000143651837	0	0	0	0	0	3
132	72	0	1.31069903	-0.000368438197	-0.000441601025	-0.000485755179	-0.000368438197	0.000117316982	0.00014371497	0	0	0	0	0	3
133	73	0	1.32062857	-0.000366735705	-0.000441071534	-0.000485755179	-0.000366735705	0.000119019474	0.000146358713	0	0	0	0	0	3
134	73	0	1.33055811	-0.000365890889	-0.000440482423	-0.000485755179	-0.000365890889	0.00011986429	0.000146486449	0	0	0	0	0	3
135	74	0	1.34048765	-0.00036459918	-0.000439808416	-0.000485755179	-0.00036459918	0.000121155999	0.000144032532	0	0	0	0	0	3
136	74	0	1.35041719	-0.000362884408	-0.000438996956	-0.000485755179	-0.000362884408	0.000122870771	0.000149484076	0	0	0	0	0	3
137	75	0	1.36034672	-0.000361393754	-0.000438035321	-0.000485755179	-0.000361393754	0.000124361425	0.000149638	0	0	0	0	0	3
138	75	0	1.37027626	-0.000359481674	-0.000436887797	-0.000485755179	-0.000359481674	0.000126273505	0.00014979731	0	0	0	0	0	3
139	75	0	1.3802058	-0.000357137673	-0.000435535201	-0.000485755179	-0.000357137673	0.000128617506	0.000149968228	0	0	0	0	0	3
140	76	0	1.39013534	-0.000354787843	-0.000433971325	-0.000485755179	-0.000354787843	0.000130967336	0.000144729196	0	0	0	0	0	3
141	77	0	1.40006488	-0.000352731306	-0.000432195199	-0.000485755179	-0.000352731306	0.000133023873	0.000144819674	0	0	0	0	0	3
142	77	0	1.40999442	-0.000350005824	-0.000430219965	-0.000485755179	-0.000350005824	0.000135749355	0.000144876499	0	0	0	0	0	3
143	78	0	1.41992395	-0.000348126485	-0.000428071285	-0.000485755179	-0.000348126485	0.000137628694	0.000144879648	0	0	0	0	0	3
144	78	0	1.42985349	-0.000347524946	-0.000425794555	-0.000485755179	-0.000347524946	0.000138230233	0.000155924039	0	0	0	0	0	3
145	79	0	1.43978303	-0.000346935526	-0.000423429556	-0.000485755179	-0.000346935526	0.000138819653	0.000155776232	0	0	0	0	0	3
146	79	0	1.44971257	-0.000348052654	-0.00042103848	-0.000485755179	-0.000346935526	0.000138819653	0.000144566202	0	0	0	0	0	3
147	80	0	1.45964211	-0.000349780596	-0.000418621686	-0.000485755179	-0.000346935526	0.000138819653	0.000144346652	0	0	0	0	0	3
148	80	0	1.46957164	-0.000353013109	-0.000416217645	-0.000485755179	-0.000346935526	0.000138819653	0.00014412816	0	0	0	0	0	3
149	81	0	1.47950118	-0.00035820232	-0.000413866557	-0.000485755179	-0.000346935526	0.000138819653	0.000143900639	0	0	0	0	0	3
150	81	0	1.48943072	-0.000364393678	-0.000411588956	-0.000485755179	-0.000346935526	0.000138819653	0.000143696337	0	0	0	0	0	3
151	82	0	1.49936026	-0.000372313998	-0.00040943149	-0.000485755179	-0.000346935526	0.000138819653	0.000143504122	0	0	0	0	0	3
152	82	0	1.5092898	-0.000380984413	-0.000407417344	-0.000485755179	-0.000346935526	0.000138819653	0.000143358034	0	0	0	0	0	3
153	82	0	1.51921933	-0.000391033045	-0.00040557456	-0.000485755179	-0.000346935526	0.000138819653	0.000143280724	0	0	0	0	0	3
154	83	0	1.52914887	-0.00040202462	-0.000403937084	-0.000485755179	-0.000346935526	0.000138819653	0.000143180089	0	0	0	0	0	3
155	83	0	1.53907841	-0.000413331759	-0.000402517017	-0.000485607757	-0.000346935526	0.000138672231	0.000148456802	0	0	0	0	0	3
156	84	0	1.54900795	-0.000425750483	-0.000401343345	-0.000485252533	-0.000346935526	0.000138317006	0.000143251466	0	0	0	0	0	3
157	84	0	1.55893749	-0.000436710026	-0.000400391531	-0.000484614729	-0.000346935526	0.000137679203	0.000143320855	0	0	0	0	0	3
158	85	0	1.56886703	-0.000448516505	-0.000399683723	-0.000483417261	-0.000346935526	0.000136481735	0.000143391735	0	0	0	0	0	3
159	86	0	1.57879656	-0.000459568592	-0.000399216102	-0.00048302257	-0.000346935526	0.000136087044	0.000154494415	0	0	0	0	0	3
160	86	0	1.5887261	-0.000469160559	-0.000398944298	-0.000481872482	-0.000346935526	0.000131430907	0.000143694252	0	0	0	0	0	3
161	86	0	1.59865564	-0.000477489155	-0.00039885835	-0.000480539754	-0.000346935526	0.000121749854	0.000149138513	0	0	0	0	0	3
162	87	0	1.60858518	-0.000484772194	-0.00039894134	-0.000484772194	-0.000346935526	0.000112580259	0.000149306321	0	0	0	0	0	3
163	88	0	1.61851472	-0.000490326575	-0.000399169726	-0.000490326575	-0.000346935526	0.000103993624	0.00014415254	0	0	0	0	0	3
164	88	0	1.62844425	-0.000494168736	-0.000399554034	-0.000494168736	-0.000346935526	9.60766721e-05	0.000144283939	0	0	0	0	0	3
165	89	0	1.63837379	-0.000495310867	-0.000400041791	-0.000495310867	-0.000346935526	8.88340942e-05	0.000149708196	0	0	0	0	0	3
166	89	0	1.64830333	-0.000495420231	-0.000400645807	-0.000495420231	-0.000346935526	8.22526228e-05	0.000144515915	0	0	0	0	0	3
167	90	0	1.65823287	-0.000492916019	-0.000401315144	-0.000495420231	-0.000346935526	7.63055059e-05	0.00014458843	0	0	0	0	0	3
168	90	0	1.66816241	-0.000489911696	-0.000402062414	-0.000495420231	-0.000346935526	7.09787832e-05	0.000144578036	0	0	0	0	0	3
169	91	0	1.67809194	-0.000485634872	-0.000402880433	-0.000495420231	-0.000346935526	6.62685586e-05	0.00014456232	0	0	0	0	0	3
170	91	0	1.68802148	-0.000481407053	-0.00040376763	-0.000495420231	-0.000346935526	6.214009e-05	0.000144488774	0	0	0	0	0	3
171	92	0	1.69795102	-0.000475888716	-0.000404710386	-0.000495420231	-0.000346935526	5.85630348e-05	0.000144372053	0	0	0	0	0	3
172	92	0	1.70788056	-0.000468941747	-0.000405665375	-0.000495420231	-0.000346935526	5.5487874e-05	0.000144250574	0	0	0	0	0	3
173	92	0	1.7178101	-0.000462084876	-0.000406641962	-0.000495420231	-0.000346935526	5.28818188e-05	0.000144110649	0	0	0	0	0	3
174	93	0	1.72773964	-0.00045559323	-0.00040762832	-0.000495420231	-0.000346935526	5.06833237e-05	0.000143987285	0	0	0	0	0	3
175	93	0	1.73766917	-0.000448920932	-0.000408618983	-0.000495420231	-0.000346935526	4.88653662e-05	0.000143835349	0	0	0	0	0	3
176	94	0	1.74759871	-0.00044293336	-0.000409598624	-0.000495420231	-0.000346935526	4.73681093e-05	0.000143713003	0	0	0	0	0	3
177	94	0	1.75752825	-0.000438431669	-0.000410600566	-0.000495420231	-0.000346935526	4.61603965e-05	0.000143593007	0	0	0	0	0	3
178	95	0	1.76745779	-0.000433865498	-0.000411600221	-0.000495420231	-0.000346935526	4.51949384e-05	0.000143517302	0	0	0	0	0	3
179	95	0	1.77738733	-0.000430790881	-0.000412618859	-0.000495420231	-0.000346935526	4.44329227e-05	0.000143456941	0	0	0	0	0	3
180	96	0	1.78731686	-0.000428689216	-0.000413655007	-0.000495420231	-0.000346935526	4.38064857e-05	0.000143417645	0	0	0	0	0	3
181	96	0	1.7972464	-0.000428110789	-0.000414738834	-0.000495420231	-0.000346935526	4.32632261e-05	0.00014342338	0	0	0	0	0	3
182	97	0	1.80717594	-0.000428186426	-0.000415868716	-0.000495420231	-0.000346935526	4.27426743e-05	0.0001434065	0	0	0	0	0	3
183	97	0	1.81710548	-0.000428978118	-0.000417055773	-0.000495420231	-0.000346935526	4.22131838e-05	0.000148739522	0	0	0	0	0	3
184	98	0	1.82703502	-0.00043095781	-0.00041831503	-0.000495420231	-0.000346935526	4.16240723e-05	0.000143568639	0	0	0	0	0	3
185	98	0	1.83696455	-0.000431548624	-0.000419602437	-0.000495420231	-0.000346935526	4.09500659e-05	0.000143684924	0	0	0	0	0	3
186	99	0	1.84689409	-0.000433814121	-0.000420959592	-0.000495420231	-0.000346935526	4.01386059e-05	0.000143782582	0	0	0	0	0	3
187	99	0	1.85682363	-0.000435332352	-0.00042238014	-0.000495420231	-0.000346935526	3.91769703e-05	0.000143941627	0	0	0	0	0	3
188	99	0	1.86675317	-0.000437222569	-0.00042386698	-0.000495420231	-0.000346935526	3.80294466e-05	0.000144074699	0	0	0	0	0	3
189	100	0	1.87668271	-0.000438339282	-0.000425413207	-0.000495420231	-0.000346935526	3.66768505e-05	0.000155232403	0	0	0	0	0	3
190	100	0	1.88661225	-0.000439695002	-0.000427031979	-0.000495420231	-0.000346935526	3.51129749e-05	0.000144358149	0	0	0	0	0	3
191	101	0	1.89654178	-0.000439745707	-0.000428697819	-0.000495420231	-0.000346935526	3.33368483e-05	0.000144524097	0	0	0	0	0	3
192	101	0	1.90647132	-0.000440358542	-0.000430416	-0.000495420231	-0.000346935526	3.15576497e-05	0.000155726536	0	0	0	0	0	3
193	102	0	1.91640086	-0.000440194429	-0.000432184404	-0.000495420231	-0.000346935526	3.33260537e-05	0.000144781269	0	0	0	0	0	3
194	102	0	1.9263304	-0.000439613001	-0.000433978257	-0.000495420231	-0.000346935526	3.51199069e-05	0.000144893804	0	0	0	0	0	3
195	103	0	1.93625994	-0.000439067444	-0.000435773208	-0.000495420231	-0.000346935526	3.69148579e-05	0.000145017858	0	0	0	0	0	3
196	103	0	1.94618947	-0.000437966156	-0.000437558123	-0.000495420231	-0.000348052654	3.86997722e-05	0.000169107666	0	0	0	0	0	3
197	104	0	1.95611901	-0.000435881356	-0.000439280254	-0.000495420231	-0.000349780596	4.04219036e-05	0.000145157228	0	0	0	0	0	3
198	104	0	1.96604855	-0.000432824921	-0.000440908574	-0.000495420231	-0.000353013109	4.20502237e-05	0.000145213272	0	0	0	0	0	3
199	105	0	1.97597809	-0.000431718793	-0.000442451823	-0.000495420231	-0.00035820232	4.35934724e-05	0.000145201299	0	0	0	0	0	3
200	105	0	1.98590763	-0.000430241458	-0.000443864355	-0.000495420231	-0.000364393678	4.50060045e-05	0.000145167667	0	0	0	0	0	3
201	106	0	1.99583716	-0.000428444315	-0.00044512025	-0.000495420231	-0.000372313998	4.62618994e-05	0.000145105973	0	0	0	0	0	3
202	106	0	2.0057667	-0.000426469413	-0.000446182121	-0.000495420231	-0.000380984413	4.73237702e-05	0.000145044172	0	0	0	0	0	3
203	107	0	2.01569624	-0.000426053705	-0.000447065832	-0.000495420231	-0.000391033045	4.82074818e-05	0.000144901823	0	0	0	0	0	3
204	107	0	2.02562578	-0.000426357951	-0.000447758478	-0.000495420231	-0.00040202462	4.8900127e-05	0.000144760021	0	0	0	0	0	3
205	108	0	2.03555532	-0.0004263963	-0.000448236354	-0.000495420231	-0.000413331759	4.93780031e-05	0.000144623221	0	0	0	0	0	3
206	108	0	2.04548486	-0.000427088808	-0.0004485061	-0.000495420231	-0.000425750483	4.96477492e-05	0.000144475426	0	0	0	0	0	3
207	109	0	2.05541439	-0.00042887948	-0.000448567453	-0.000495420231	-0.000426053705	4.97091021e-05	0.000144314537	0	0	0	0	0	3
208	109	0	2.06534393	-0.000430309855	-0.000448441959	-0.000495420231	-0.000426053705	4.97091021e-05	0.000144165145	0	0	0	0	0	3
209	110	0	2.07527347	-0.00043194641	-0.000448117055	-0.000495420231	-0.000426053705	4.97091021e-05	0.000144082111	0	0	0	0	0	3
210	110	0	2.08520301	-0.000433907682	-0.0004476139	-0.000495420231	-0.000426053705	4.97091021e-05	0.000143890857	0	0	0	0	0	3
211	110	0	2.09513255	-0.000436692055	-0.000446977263	-0.000495420231	-0.000426053705	4.97091021e-05	0.000143751479	0	0	0	0	0	3
212	111	0	2.10506208	-0.000440369134	-0.000446249419	-0.000495420231	-0.000426053705	4.9626113e-05	0.00014361289	0	0	0	0	0	3
213	111	0	2.11499162	-0.000443714301	-0.000445444362	-0.000495420231	-0.000426053705	4.9397727e-05	0.000143504205	0	0	0	0	0	3
214	112	0	2.12492116	-0.000446888017	-0.000444592626	-0.000495420231	-0.000426053705	4.90134183e-05	0.000143414757	0	0	0	0	0	3
215	112	0	2.1348507	-0.000451180773	-0.000443749725	-0.000495420231	-0.000426053705	4.85256615e-05	0.00014332652	0	0	0	0	0	3
216	113	0	2.14478024	-0.000455258078	-0.000442964376	-0.000495420231	-0.000426053705	4.79216451e-05	0.000143285587	0	0	0	0	0	3
217	113	0	2.15470978	-0.000459650005	-0.000442262999	-0.000492916019	-0.000426053705	4.72523082e-05	0.000143204007	0	0	0	0	0	3
218	114	0	2.16463931	-0.00046426943	-0.000441701301	-0.000489911696	-0.000426053705	4.65050385e-05	0.000143165207	0	0	0	0	0	3
219	114	0	2.17456885	-0.000467777947	-0.000441267306	-0.000485634872	-0.000426053705	4.56870193e-05	0.000143164838	0	0	0	0	0	3
220	115	0	2.18449839	-0.000471389009	-0.000440987975	-0.000481407053	-0.000426053705	4.47998222e-05	0.000143185014	0	0	0	0	0	3
221	115	0	2.19442793	-0.000474386003	-0.000440850308	-0.000475888716	-0.000426053705	4.38570666e-05	0.000143232056	0	0	0	0	0	3
222	116	0	2.20435747	-0.000477677573	-0.000440885383	-0.000477677573	-0.000426053705	4.29020772e-05	0.000143289533	0	0	0	0	0	3
223	116	0	2.214287	-0.000479866821	-0.000441099601	-0.000479866821	-0.000426053705	4.19254901e-05	0.000143398623	0	0	0	0	0	3
224	117	0	2.22421654	-0.000481825508	-0.000441486672	-0.000481825508	-0.000426053705	4.09391325e-05	0.000143468837	0	0	0	0	0	3
225	117	0	2.23414608	-0.000482839296	-0.000442020908	-0.000482839296	-0.000426053705	3.99484692e-05	0.000143583527	0	0	0	0	0	3
226	118	0	2.24407562	-0.000483367554	-0.000442696332	-0.000483367554	-0.000426053705	3.89688288e-05	0.000143710685	0	0	0	0	0	3
227	118	0	2.25400516	-0.000482691242	-0.000443475899	-0.000483367554	-0.000426053705	3.79668863e-05	0.00014385509	0	0	0	0	0	3
228	119	0	2.26393469	-0.000481044698	-0.000444311448	-0.000483367554	-0.000426053705	3.69672313e-05	0.000144013895	0	0	0	0	0	3
229	119	0	2.27386423	-0.000478572517	-0.000445188056	-0.000483367554	-0.000426053705	3.59485934e-05	0.000144182883	0	0	0	0	0	3
230	120	0	2.28379377	-0.000475226328	-0.00044605934	-0.000483367554	-0.000426053705	3.49124452e-05	0.000144411427	0	0	0	0	0	3
231	120	0	2.29372331	-0.000471060134	-0.000446890142	-0.000483367554	-0.000426053705	3.38286184e-05	0.000144530685	0	0	0	0	0	3
232	121	0	2.30365285	-0.000466090685	-0.000447634846	-0.000483367554	-0.000426053705	3.26987367e-05	0.000144705149	0	0	0	0	0	3
233	121	0	2.31358239	-0.000460381868	-0.000448266129	-0.000483367554	-0.000426053705	3.15116794e-05	0.00014487409	0	0	0	0	0	3
234	122	0	2.32351192	-0.000453737405	-0.000448751605	-0.000483367554	-0.000426053705	3.04365751e-05	0.000150388044	0	0	0	0	0	3
235	122	0	2.33344146	-0.000446953348	-0.000449065243	-0.000483367554	-0.000426053705	2.94628065e-05	0.000150559162	0	0	0	0	0	3
236	122	0	2.343371	-0.000439428166	-0.000449219744	-0.000483367554	-0.000426053705	2.82601517e-05	0.000145376157	0	0	0	0	0	3
237	123	0	2.35330054	-0.000431579959	-0.000449175937	-0.000483367554	-0.000426053705	2.68396037e-05	0.000150916363	0	0	0	0	0	3
238	123	0	2.36323008	-0.000423619968	-0.000448946282	-0.000483367554	-0.000423619968	2.53527642e-05	0.000151033205	0	0	0	0	0	3
239	124	0	2.37315961	-0.000414967729	-0.000448509913	-0.000483367554	-0.000414967729	2.38065366e-05	0.000145805728	0	0	0	0	0	3
240	124	0	2.38308915	-0.000405914937	-0.000447874141	-0.000483367554	-0.000405914937	2.21877655e-05	0.000151309832	0	0	0	0	0	3
241	125	0	2.39301869	-0.000397891548	-0.000447054466	-0.000483367554	-0.000397891548	2.0521925e-05	0.000151415834	0	0	0	0	0	3
242	125	0	2.40294823	-0.000389568101	-0.000446070591	-0.000483367554	-0.000389568101	1.88037439e-05	0.000146121664	0	0	0	0	0	3
243	126	0	2.41287777	-0.00038149297	-0.000444916364	-0.000483367554	-0.00038149297	1.70353399e-05	0.000157365723	0	0	0	0	0	3
244	126	0	2.4228073	-0.000374192533	-0.00044362221	-0.000483367554	-0.000374192533	1.52414866e-05	0.000157451791	0	0	0	0	0	3
245	127	0	2.43273684	-0.000366325505	-0.0004421852	-0.000483367554	-0.000366325505	1.34465357e-05	0.000146275746	0	0	0	0	0	3
246	127	0	2.44266638	-0.000359344596	-0.000440622007	-0.000483367554	-0.000359344596	1.16616214e-05	0.00015166905	0	0	0	0	0	3
247	128	0	2.45259592	-0.000354459664	-0.000438984625	-0.000483367554	-0.000354459664	1.02351195e-05	0.000151631173	0	0	0	0	0	3
248	128	0	2.46252546	-0.000349901887	-0.000437298753	-0.000483367554	-0.000349901887	1.19209914e-05	0.000157372939	0	0	0	0	0	3
249	129	0	2.472455	-0.000345233989	-0.000435581283	-0.000483367554	-0.000345233989	1.36384607e-05	0.000157299411	0	0	0	0	0	3
250	129	0	2.48238453	-0.000340909252	-0.000433800704	-0.000483367554	-0.000340909252	1.54190399e-05	0.000163484964	0	0	0	0	0	3
251	130	0	2.49231407	-0.000337764362	-0.000431987428	-0.000483367554	-0.000337764362	1.72323163e-05	0.000151394813	0	0	0	0	0	3
252	130	0	2.50224361	-0.000336074057	-0.000430176246	-0.000483367554	-0.000336074057	1.90434979e-05	0.000151279952	0	0	0	0	0	3
253	130	0	2.51217315	-0.000335747611	-0.000428397387	-0.000483367554	-0.000335747611	2.08223567e-05	0.00015687556	0	0	0	0	0	3
254	131	0	2.52210269	-0.000336132786	-0.000426634232	-0.000483367554	-0.000335747611	2.2585512e-05	0.000169694338	0	0	0	0	0	3
255	131	0	2.53203222	-0.000336483454	-0.000424871987	-0.000483367554	-0.000335747611	2.4347757e-05	0.000156586882	0	0	0	0	0	3
256	132	0	2.54196176	-0.000337165429	-0.000423122362	-0.000483367554	-0.000335747611	2.6097382e-05	0.00015644525	0	0	0	0	0	3
257	132	0	2.5518913	-0.000340559077	-0.000421425701	-0.000483367554	-0.000335747611	2.77940434e-05	0.000162451222	0	0	0	0	0	3
258	133	0	2.56182084	-0.000344462445	-0.000419770465	-0.000483367554	-0.000335747611	2.94492793e-05	0.0001622789	0	0	0	0	0	3
259	133	0	2.57175038	-0.000346457688	-0.000418126305	-0.000483367554	-0.000335747611	3.10934395e-05	0.000162072913	0	0	0	0	0	3
260	134	0	2.58167991	-0.000351492892	-0.000416548785	-0.000483367554	-0.000335747611	3.26709594e-05	0.000155323561	0	0	0	0	0	3
261	134	0	2.59160945	-0.000354892968	-0.000414999476	-0.000483367554	-0.000335747611	3.42202676e-05	0.000155529015	0	0	0	0	0	3
262	135	0	2.60153899	-0.000361975285	-0.000413534442	-0.000483367554	-0.000335747611	3.56853023e-05	0.000149588146	0	0	0	0	0	3
263	135	0	2.61146853	-0.000367194293	-0.000412099641	-0.000483367554	-0.000335747611	3.71201031e-05	0.000149401956	0	0	0	0	0	3
264	136	0	2.62139807	-0.000374794213	-0.000410748267	-0.000483367554	-0.000335747611	3.84714773e-05	0.000149183414	0	0	0	0	0	3
265	136	0	2.63132761	-0.000381694822	-0.000409469969	-0.000483367554	-0.000335747611	3.97497753e-05	0.000143419118	0	0	0	0	0	3
266	136	0	2.64125714	-0.000388367653	-0.000408238339	-0.000483367554	-0.000335747611	4.09814051e-05	0.000143244998	0	0	0	0	0	3
267	137	0	2.65118668	-0.000396361793	-0.00040708351	-0.000483367554	-0.000335747611	4.21362342e-05	0.000143089982	0	0	0	0	0	3
268	137	0	2.66111622	-0.000404306756	-0.000405998348	-0.000483367554	-0.000335747611	4.3221396e-05	0.000142945929	0	0	0	0	0	3
269	138	0	2.67104576	-0.000412447207	-0.000404982226	-0.000483367554	-0.000335747611	4.4237518e-05	0.000142493999	0	0	0	0	0	3
270	138	0	2.6809753	-0.000420104767	-0.000404047458	-0.000483367554	-0.000335747611	4.51722862e-05	0.000142380119	0	0	0	0	0	3
271	139	0	2.69090483	-0.000427067351	-0.000403178406	-0.000483367554	-0.000335747611	4.60413383e-05	0.000142292573	0	0	0	0	0	3
272	139	0	2.70083437	-0.00043258122	-0.000402358704	-0.000483367554	-0.000335747611	4.68610399e-05	0.000142273319	0	0	0	0	0	3
273	140	0	2.71076391	-0.000437503613	-0.000401570979	-0.000483367554	-0.000335747611	4.76487646e-05	0.000142254184	0	0	0	0	0	3
274	140	0	2.72069345	-0.000442343555	-0.000400835229	-0.000483367554	-0.000335747611	4.83845149e-05	0.000142217435	0	0	0	0	0	3
275	141	0	2.73062299	-0.000446593547	-0.000400144406	-0.000483367554	-0.000335747611	4.90753377e-05	0.000142228075	0	0	0	0	0	3
276	141	0	2.74055252	-0.000450310446	-0.000399506586	-0.000483367554	-0.000335747611	4.97131583e-05	0.000142257814	0	0	0	0	0	3
277	142	0	2.75048206	-0.000452829836	-0.000398907807	-0.000482691242	-0.000335747611	5.03119371e-05	0.000142317416	0	0	0	0	0	3
278	142	0	2.7604116	-0.000455107806	-0.000398366955	-0.000481044698	-0.000335747611	5.08527888e-05	0.000142387899	0	0	0	0	0	3
279	142	0	2.77034114	-0.000456657926	-0.000397888783	-0.000478572517	-0.000335747611	5.13309608e-05	0.000142500079	0	0	0	0	0	3
280	143	0	2.78027068	-0.000457223856	-0.000397470182	-0.000475226328	-0.000335747611	5.1749562e-05	0.00014257353	0	0	0	0	0	3
281	143	0	2.79020022	-0.000457571984	-0.000397124018	-0.000471060134	-0.000335747611	5.20957256e-05	0.000142688562	0	0	0	0	0	3
282	144	0	2.80012975	-0.000457453013	-0.000396857212	-0.000466090685	-0.000335747611	5.23625319e-05	0.000142810739	0	0	0	0	0	3
283	144	0	2.81005929	-0.000455806109	-0.000396655554	-0.000460381868	-0.000335747611	5.25641902e-05	0.000142953181	0	0	0	0	0	3
284	145	0	2.81998883	-0.000453238812	-0.000396515494	-0.000457571984	-0.000335747611	5.27042502e-05	0.000143102908	0	0	0	0	0	3
285	145	0	2.82991837	-0.000450242002	-0.000396446957	-0.000457571984	-0.000335747611	5.27727875e-05	0.000143262062	0	0	0	0	0	3
286	146	0	2.83984791	-0.000446101818	-0.00039643026	-0.000457571984	-0.000335747611	5.27894841e-05	0.000143451539	0	0	0	0	0	3
287	146	0	2.84977744	-0.000441452975	-0.000396469962	-0.000457571984	-0.000335747611	5.2745677e-05	0.000143597174	0	0	0	0	0	3
288	147	0	2.85970698	-0.000435960501	-0.000396555855	-0.000457571984	-0.000335747611	5.25160225e-05	0.000143768735	0	0	0	0	0	3
289	147	0	2.86963652	-0.000429463846	-0.000396670441	-0.000457571984	-0.000335747611	5.20796531e-05	0.00014394573	0	0	0	0	0	3
290	148	0	2.87956606	-0.000422658364	-0.000396821238	-0.000457571984	-0.000335747611	5.14438816e-05	0.000144117621	0	0	0	0	0	3
291	148	0	2.8894956	-0.000415192322	-0.000397003147	-0.000457571984	-0.000335747611	5.0624206e-05	0.000144289582	0	0	0	0	0	3
292	149	0	2.89942514	-0.00040750529	-0.000397191652	-0.000457571984	-0.000335747611	4.96403314e-05	0.000144455799	0	0	0	0	0	3
293	149	0	2.90935467	-0.000399547363	-0.000397387324	-0.000457571984	-0.000335747611	4.84861045e-05	0.000144642862	0	0	0	0	0	3
294	149	0	2.91928421	-0.000391140688	-0.000397576495	-0.000457571984	-0.000335747611	4.71919496e-05	0.00014477358	0	0	0	0	0	3
295	150	0	2.92921375	-0.000382411992	-0.000397737661	-0.000457571984	-0.000335747611	4.57549399e-05	0.00015598937	0	0	0	0	0	3
296	150	0	2.93914329	-0.000373596211	-0.000397880223	-0.000457571984	-0.000335747611	4.41917468e-05	0.000145075042	0	0	0	0	0	3
297	151	0	2.94907283	-0.00036394638	-0.000397970454	-0.000457571984	-0.000335747611	4.25543646e-05	0.000145879785	0	0	0	0	0	3
298	151	0	2.95900236	-0.000354906201	-0.00039797921	-0.000457571984	-0.000335747611	4.08684927e-05	0.000157183817	0	0	0	0	0	3
299	152	0	2.9689319	-0.000346776625	-0.00039791793	-0.000457571984	-0.000335747611	3.91510234e-05	0.000145483225	0	0	0	0	0	3
300	152	0	2.97886144	-0.00033806509	-0.000397777364	-0.000457571984	-0.000335747611	3.73704442e-05	0.000146280189	0	0	0	0	0	3
301	153	0	2.98879098	-0.000330343522	-0.000397570193	-0.000457571984	-0.000330343522	3.55571678e-05	0.000157539985	0	0	0	0	0	3
302	153	0	2.99872052	-0.000323423274	-0.000397288995	-0.000457571984	-0.000323423274	3.37459863e-05	0.00014577229	0	0	0	0	0	3
303	154	0	3.00865005	-0.000316697897	-0.00039690907	-0.000457571984	-0.000316697897	3.19671274e-05	0.000146481388	0	0	0	0	0	3
304	154	0	3.01857959	-0.000310686923	-0.000396417684	-0.000457571984	-0.000310686923	3.0216548e-05	0.000163991589	0	0	0	0	0	3
305	155	0	3.02850913	-0.000305756425	-0.000395822069	-0.000457571984	-0.000305756425	2.90499179e-05	0.000145881992	0	0	0	0	0	3
306	155	0	3.03843867	-0.000298985024	-0.000395086806	-0.000457571984	-0.000298985024	2.80355563e-05	0.000145896721	0	0	0	0	0	3
307	156	0	3.04836821	-0.000297361949	-0.000394306345	-0.000457571984	-0.000297361949	2.71193553e-05	0.000156970871	0	0	0	0	0	3
308	156	0	3.05829775	-0.000296840723	-0.000393449123	-0.000457571984	-0.000296840723	2.6321342e-05	0.000163056661	0	0	0	0	0	3
309	157	0	3.06822728	-0.000297761134	-0.000392533411	-0.000457571984	-0.000296840723	2.55928938e-05	0.000145651739	0	0	0	0	0	3
310	157	0	3.07815682	-0.000297619846	-0.000391575806	-0.000457571984	-0.000296840723	2.49729786e-05	0.000146210026	0	0	0	0	0	3
311	157	0	3.08808636	-0.000299445408	-0.000390555267	-0.000457571984	-0.000296840723	2.44442094e-05	0.000170267397	0	0	0	0	0	3
312	158	0	3.0980159	-0.00030316328	-0.00038954096	-0.000457571984	-0.000296840723	2.39934823e-05	0.000145282007	0	0	0	0	0	3
313	158	0	3.10794544	-0.00030618911	-0.000388447113	-0.000457571984	-0.000296840723	2.3652528e-05	0.000145149736	0	0	0	0	0	3
314	159	0	3.11787497	-0.000312614626	-0.000387376923	-0.000457571984	-0.000296840723	2.33713433e-05	0.000144987037	0	0	0	0	0	3
315	159	0	3.12780451	-0.000318137831	-0.000386266014	-0.000457571984	-0.000296840723	2.32039548e-05	0.000201927738	0	0	0	0	0	3
316	160	0	3.13773405	-0.000323043685	-0.000385115992	-0.000457571984	-0.000296840723	2.31223473e-05	0.000149966498	0	0	0	0	0	3
317	160	0	3.14766359	-0.000326451159	-0.000383901943	-0.000457571984	-0.000296840723	2.31815671e-05	0.000149879295	0	0	0	0	0	3
318	161	0	3.15759313	-0.000337909548	-0.00038275582	-0.000457571984	-0.000296840723	2.32425278e-05	0.000149587568	0	0	0	0	0	3
319	161	0	3.16752266	-0.000345765364	-0.00038160795	-0.000457571984	-0.000296840723	2.33742762e-05	0.000175055483	0	0	0	0	0	3
320	162	0	3.1774522	-0.000355174433	-0.000380484954	-0.000457571984	-0.000296840723	2.35625035e-05	0.000154945199	0	0	0	0	0	3
321	162	0	3.18738174	-0.000358686095	-0.000379280667	-0.000457571984	-0.000296840723	2.38977391e-05	0.000154851649	0	0	0	0	0	3
322	163	0	3.19731128	-0.000371183839	-0.000378184912	-0.000457571984	-0.000296840723	2.41737926e-05	0.000154534891	0	0	0	0	0	3
323	163	0	3.20724082	-0.000381233207	-0.000377178088	-0.000457571984	-0.000296840723	2.43928917e-05	0.000154295667	0	0	0	0	0	3
324	164	0	3.21717036	-0.000391981175	-0.000376285491	-0.000457571984	-0.000296840723	2.45497382e-05	0.000154086359	0	0	0	0	0	3
325	164	0	3.22709989	-0.000399266579	-0.000375440844	-0.000457571984	-0.000296840723	2.4703562e-05	0.000148263358	0	0	0	0	0	3
326	164	0	3.23702943	-0.000407447886	-0.000374673282	-0.000457571984	-0.000296840723	2.48333034e-05	0.000148098132	0	0	0	0	0	3
327	165	0	3.24695897	-0.00041572894	-0.000373995214	-0.000457571984	-0.000296840723	2.49125934e-05	0.000147930638	0	0	0	0	0	3
328	165	0	3.25688851	-0.000425143106	-0.000373452337	-0.000457571984	-0.000296840723	2.49146187e-05	0.000142576737	0	0	0	0	0	3
329	166	0	3.26681805	-0.000431895089	-0.000372997185	-0.000457571984	-0.000296840723	2.49820248e-05	0.000142424668	0	0	0	0	0	3
330	166	0	3.27674758	-0.000439668936	-0.000372664068	-0.000457571984	-0.000296840723	2.53151423e-05	0.000142314403	0	0	0	0	0	3
331	167	0	3.28667712	-0.000444727189	-0.000372419035	-0.000457571984	-0.000296840723	2.5560175e-05	0.000142239486	0	0	0	0	0	3
332	167	0	3.29660666	-0.000448143861	-0.00037223417	-0.000457453013	-0.000296840723	2.57450401e-05	0.000142203015	0	0	0	0	0	3
333	168	0	3.3065362	-0.000452454067	-0.000372136151	-0.000455806109	-0.000296840723	2.58430587e-05	0.000142184648	0	0	0	0	0	3
334	168	0	3.31646574	-0.000453489268	-0.000372090723	-0.000453489268	-0.000296840723	2.58884869e-05	0.000142194072	0	0	0	0	0	3
335	169	0	3.32639527	-0.000455122222	-0.000372127653	-0.000455122222	-0.000296840723	2.58884869e-05	0.00014225015	0	0	0	0	0	3
336	169	0	3.33632481	-0.000454026211	-0.000372201853	-0.000455122222	-0.000296840723	2.58884869e-05	0.000142279959	0	0	0	0	0	3
337	169	0	3.34625435	-0.000452465403	-0.000372326629	-0.000455122222	-0.000296840723	2.58884869e-05	0.00014236566	0	0	0	0	0	3
338	170	0	3.35618389	-0.000448471996	-0.000372464257	-0.000455122222	-0.000296840723	2.58884869e-05	0.000142474517	0	0	0	0	0	3
339	170	0	3.36611343	-0.000444534677	-0.000372632378	-0.000455122222	-0.000296840723	2.58884869e-05	0.000142631759	0	0	0	0	0	3
340	171	0	3.37604297	-0.000438429501	-0.000372808175	-0.000455122222	-0.000296840723	2.58884869e-05	0.000142744413	0	0	0	0	0	3
341	171	0	3.3859725	-0.000432130246	-0.000372993898	-0.000455122222	-0.000296840723	2.58884869e-05	0.000142901577	0	0	0	0	0	3
342	172	0	3.39590204	-0.000423928147	-0.000373165189	-0.000455122222	-0.000296840723	2.58884869e-05	0.000143095461	0	0	0	0	0	3
343	172	0	3.40583158	-0.000415854114	-0.000373328891	-0.000455122222	-0.000296840723	2.58884869e-05	0.000143248388	0	0	0	0	0	3
344	173	0	3.41576112	-0.000406119277	-0.000373457753	-0.000455122222	-0.000296840723	2.58884869e-05	0.000143434962	0	0	0	0	0	3
345	173	0	3.42569066	-0.000396184768	-0.000373556656	-0.000455122222	-0.000296840723	2.58884869e-05	0.000143631783	0	0	0	0	0	3
346	174	0	3.43562019	-0.000384626109	-0.00037360007	-0.000455122222	-0.000296840723	2.58884869e-05	0.000143833033	0	0	0	0	0	3
347	174	0	3.44554973	-0.000373545706	-0.00037359908	-0.000455122222	-0.000296840723	2.58884869e-05	0.000144034362	0	0	0	0	0	3
348	175	0	3.45547927	-0.000360546876	-0.000373532423	-0.000455122222	-0.000296840723	2.58884869e-05	0.000144244928	0	0	0	0	0	3
349	175	0	3.46540881	-0.00034826355	-0.000373402175	-0.000455122222	-0.000296840723	2.58272073e-05	0.000144474938	0	0	0	0	0	3
350	176	0	3.47533835	-0.000334173164	-0.000373155048	-0.000455122222	-0.000296840723	2.56866406e-05	0.000144660909	0	0	0	0	0	3
351	176	0	3.48526788	-0.000320533387	-0.000372811289	-0.000455122222	-0.000296840723	2.54794695e-05	0.000144860711	0	0	0	0	0	3
352	176	0	3.49519742	-0.000305784553	-0.000372329741	-0.000455122222	-0.000296840723	2.51982717e-05	0.000145067423	0	0	0	0	0	3
353	177	0	3.50512696	-0.000291734248	-0.000371708387	-0.000455122222	-0.000291734248	2.52006827e-05	0.000145256936	0	0	0	0	0	3
354	177	0	3.5150565	-0.000277039134	-0.000370930765	-0.000455122222	-0.000277039134	2.54869194e-05	0.000145449552	0	0	0	0	0	3
355	178	0	3.52498604	-0.000262203853	-0.000369980116	-0.000455122222	-0.000262203853	2.58419529e-05	0.000145635153	0	0	0	0	0	3
356	178	0	3.53491558	-0.000247392068	-0.000368835717	-0.000455122222	-0.000247392068	2.62510887e-05	0.000145843342	0	0	0	0	0	3
357	179	0	3.54484511	-0.000232824633	-0.000367538455	-0.000455122222	-0.000232824633	2.67678909e-05	0.000151344049	0	0	0	0	0	3
358	179	0	3.55477465	-0.000219112101	-0.000366004144	-0.000455122222	-0.000219112101	2.7444979e-05	0.000151515304	0	0	0	0	0	3
359	180	0	3.56470419	-0.000205361827	-0.00036421044	-0.000455122222	-0.000205361827	2.83229708e-05	0.000146645786	0	0	0	0	0	3
360	180	0	3.57463373	-0.000192731974	-0.000362151045	-0.000455122222	-0.000192731974	2.94247614e-05	0.000152543116	0	0	0	0	0	3
361	181	0	3.58456327	-0.000181461629	-0.000359873433	-0.000455122222	-0.000181461629	3.06818346e-05	0.000152345311	0	0	0	0	0	3
362	181	0	3.5944928	-0.000171728653	-0.000357369182	-0.000455122222	-0.000171728653	3.21717771e-05	0.000147002136	0	0	0	0	0	3
363	181	0	3.60442234	-0.000162655627	-0.00035461413	-0.000455122222	-0.000162655627	3.38329826e-05	0.000152855717	0	0	0	0	0	3
364	182	0	3.61435188	-0.000155581289	-0.000351661036	-0.000455122222	-0.000155581289	3.57158875e-05	0.000152854682	0	0	0	0	0	3
365	182	0	3.62428142	-0.000149859947	-0.000348469768	-0.000455122222	-0.000149859947	3.77962463e-05	0.000147422044	0	0	0	0	0	3
366	183	0	3.63421096	-0.00014535414	-0.000345081852	-0.000455122222	-0.00014535414	4.00341395e-05	0.000158667811	0	0	0	0	0	3
367	183	0	3.6441405	-0.000142361118	-0.000341539057	-0.000455122222	-0.000142361118	4.23628861e-05	0.000158237398	0	0	0	0	0	3
368	184	0	3.65407003	-0.000140577352	-0.000337894472	-0.000455122222	-0.000140577352	4.4861348e-05	0.000146622928	0	0	0	0	0	3
369	184	0	3.66399957	-0.000139994529	-0.000334013786	-0.000455122222	-0.000139994529	4.75941643e-05	0.000146523325	0	0	0	0	0	3
370	185	0	3.67392911	-0.00014258409	-0.000330029839	-0.000455122222	-0.000139994529	5.04551153e-05	0.000157545616	0	0	0	0	0	3
371	185	0	3.68385865	-0.000147108146	-0.000325950108	-0.000455122222	-0.000139994529	5.33305587e-05	0.000157331449	0	0	0	0	0	3
372	186	0	3.69378819	-0.00015117402	-0.000321881244	-0.000455122222	-0.000139994529	5.63036678e-05	0.000146040216	0	0	0	0	0	3
373	186	0	3.70371772	-0.000157007445	-0.000317681707	-0.000455122222	-0.000139994529	5.94963811e-05	0.000151204844	0	0	0	0	0	3
374	187	0	3.71364726	-0.000165259816	-0.000313446934	-0.000455122222	-0.000139994529	6.28385567e-05	0.00015098872	0	0	0	0	0	3
375	187	0	3.7235768	-0.000174285284	-0.000309178387	-0.000455122222	-0.000139994529	6.6262457e-05	0.000145440811	0	0	0	0	0	3
376	188	0	3.73350634	-0.000183501395	-0.000304947697	-0.000455122222	-0.000139994529	6.97255849e-05	0.000156662754	0	0	0	0	0	3
377	188	0	3.74343588	-0.000194681285	-0.000300775803	-0.000455122222	-0.000139994529	7.32194103e-05	0.000156473905	0	0	0	0	0	3
378	189	0	3.75336541	-0.000204683029	-0.000296637648	-0.000455122222	-0.000139994529	7.69624219e-05	0.000145175839	0	0	0	0	0	3
379	189	0	3.76329495	-0.00021807672	-0.000292577523	-0.000455122222	-0.000139994529	8.10225471e-05	0.000144611011	0	0	0	0	0	3
380	190	0	3.77322449	-0.000233084668	-0.000288679279	-0.000455122222	-0.000139994529	8.49207907e-05	0.00016813297	0	0	0	0	0	3
381	190	0	3.78315403	-0.000245458967	-0.000284871241	-0.000455122222	-0.000139994529	8.87288293e-05	0.000175147757	0	0	0	0	0	3
382	191	0	3.79308357	-0.000254736693	-0.000281145937	-0.000455122222	-0.000139994529	9.24541331e-05	0.000144065789	0	0	0	0	0	3
383	191	0	3.80301311	-0.000269150481	-0.000277636263	-0.000455122222	-0.000139994529	9.59638072e-05	0.000143869998	0	0	0	0	0	3
384	191	0	3.81294264	-0.000287995005	-0.000274411575	-0.000455122222	-0.000139994529	9.91884947e-05	0.000143559573	0	0	0	0	0	3
385	192	0	3.82287218	-0.000303486652	-0.000271470348	-0.000455122222	-0.000139994529	0.000102129723	0.000143295807	0	0	0	0	0	3
386	192	0	3.83280172	-0.000316500028	-0.000268752265	-0.000454026211	-0.000139994529	0.000104847805	0.000148355167	0	0	0	0	0	3
387	193	0	3.84273126	-0.000329438658	-0.000266309372	-0.000452465403	-0.000139994529	0.000107290698	0.000142960809	0	0	0	0	0	3
388	193	0	3.8526608	-0.000339446257	-0.00026409331	-0.000448471996	-0.000139994529	0.00010950676	0.000142835645	0	0	0	0	0	3
389	194	0	3.86259033	-0.000355745183	-0.000262275138	-0.000444534677	-0.000139994529	0.000111324932	0.00014260344	0	0	0	0	0	3
390	194	0	3.87251987	-0.000369462894	-0.000260803142	-0.000438429501	-0.000139994529	0.000112796928	0.000142417094	0	0	0	0	0	3
391	195	0	3.88244941	-0.000381384504	-0.000259684613	-0.000432130246	-0.000139994529	0.000113915458	0.000142299086	0	0	0	0	0	3
392	195	0	3.89237895	-0.000390843501	-0.000258875069	-0.000423928147	-0.000139994529	0.000114725002	0.00014217672	0	0	0	0	0	3
393	196	0	3.90230849	-0.000399919034	-0.000258404302	-0.000415854114	-0.000139994529	0.000115195768	0.00014210082	0	0	0	0	0	3
394	196	0	3.91223802	-0.000407542334	-0.000258241326	-0.000407542334	-0.000139994529	0.000115358745	0.000142049023	0	0	0	0	0	3
395	197	0	3.92216756	-0.000414545971	-0.000258406555	-0.000414545971	-0.000139994529	0.000115358745	0.000142024915	0	0	0	0	0	3
396	197	0	3.9320971	-0.000418471402	-0.000258843548	-0.000418471402	-0.000139994529	0.000115358745	0.000142040106	0	0	0	0	0	3
397	197	0	3.94202664	-0.000422624248	-0.000259588609	-0.000422624248	-0.000139994529	0.000115357754	0.00014207286	0	0	0	0	0	3
398	198	0	3.95195618	-0.000423861829	-0.0002605752	-0.000423861829	-0.000139994529	0.000115291097	0.000142171924	0	0	0	0	0	3
399	198	0	3.96188572	-0.000424113383	-0.000261821602	-0.000424113383	-0.000139994529	0.000115160849	0.000142245648	0	0	0	0	0	3
400	199	0	3.97181525	-0.000422901063	-0.000263285083	-0.000424113383	-0.000139994529	0.000114913723	0.000142370212	0	0	0	0	0	3
401	199	0	3.98174479	-0.000421162537	-0.000264990757	-0.000424113383	-0.000139994529	0.000114569964	0.000142508399	0	0	0	0	0	3
402	200	0	3.99167433	-0.000417767883	-0.000266897315	-0.000424113383	-0.000139994529	0.000114088415	0.000142666513	0	0	0	0	0	3
403	200	0	4.00160387	-0.000413456681	-0.000269008534	-0.000424113383	-0.000139994529	0.000113467062	0.000142834732	0	0	0	0	0	3
404	201	0	4.01153341	-0.000407651851	-0.000271281428	-0.000424113383	-0.000139994529	0.000112689439	0.000143017944	0	0	0	0	0	3
405	201	0	4.02146294	-0.000401612207	-0.000273724037	-0.000424113383	-0.000139994529	0.000111738791	0.00014325698	0	0	0	0	0	3
406	202	0	4.03139248	-0.000394025147	-0.000276308768	-0.000424113383	-0.000139994529	0.000110594391	0.000143398363	0	0	0	0	0	3
407	202	0	4.04132202	-0.000385714883	-0.00027902098	-0.000424113383	-0.000139994529	0.000109297129	0.000143591781	0	0	0	0	0	3
408	203	0	4.05125156	-0.000377592932	-0.000281859574	-0.000424113383	-0.000139994529	0.000107762818	0.000146375911	0	0	0	0	0	3
409	203	0	4.0611811	-0.000367688419	-0.000284772836	-0.000424113383	-0.000139994529	0.000105969114	0.0001439965	0	0	0	0	0	3
410	204	0	4.07111063	-0.000358059841	-0.000287766914	-0.000424113383	-0.000139994529	0.000103909719	0.000144209795	0	0	0	0	0	3
411	204	0	4.08104017	-0.000346226692	-0.000290776615	-0.000424113383	-0.000139994529	0.000101632107	0.000147001873	0	0	0	0	0	3
412	205	0	4.09096971	-0.000335672405	-0.000293800355	-0.000424113383	-0.000139994529	9.91278568e-05	0.000144634969	0	0	0	0	0	3
413	205	0	4.10089925	-0.000322956788	-0.000296765613	-0.000424113383	-0.000139994529	9.63728048e-05	0.000144811613	0	0	0	0	0	3
414	206	0	4.11082879	-0.000311923778	-0.000299692439	-0.000424113383	-0.000139994529	9.34197103e-05	0.00014498888	0	0	0	0	0	3
415	206	0	4.12075833	-0.000298780744	-0.000302500272	-0.000424113383	-0.000139994529	9.02284421e-05	0.000145171316	0	0	0	0	0	3
416	206	0	4.13068786	-0.000287539521	-0.000305199871	-0.000424113383	-0.000139994529	8.68405266e-05	0.000145343061	0	0	0	0	0	3
417	207	0	4.1406174	-0.000274610294	-0.000307734306	-0.000424113383	-0.000139994529	8.32977311e-05	0.000145515363	0	0	0	0	0	3
418	207	0	4.15054694	-0.000263090902	-0.000310101556	-0.000424113383	-0.000139994529	7.96531467e-05	0.000151027259	0	0	0	0	0	3
419	208	0	4.16047648	-0.000250791206	-0.000312262612	-0.000424113383	-0.000139994529	7.577246e-05	0.000151230502	0	0	0	0	0	3
420	208	0	4.17040602	-0.000239526673	-0.000314214223	-0.000424113383	-0.00014258409	7.17885135e-05	0.000146346984	0	0	0	0	0	3
421	209	0	4.18033555	-0.00022774069	-0.00031588396	-0.000424113383	-0.000147108146	6.77087824e-05	0.000152240595	0	0	0	0	0	3
422	209	0	4.19026509	-0.000219113321	-0.000317295826	-0.000424113383	-0.00015117402	6.36399181e-05	0.000152009225	0	0	0	0	0	3
423	210	0	4.20019463	-0.000209955391	-0.000318448402	-0.000424113383	-0.000157007445	6.02070767e-05	0.000146725033	0	0	0	0	0	3
424	210	0	4.21012417	-0.000203599787	-0.000319361978	-0.000424113383	-0.000165259816	6.1120652e-05	0.000152545256	0	0	0	0	0	3
425	211	0	4.22005371	-0.000197241226	-0.000319989064	-0.000424113383	-0.000174285284	6.17477385e-05	0.000152600135	0	0	0	0	0	3
426	211	0	4.22998325	-0.000193600983	-0.000320367803	-0.000424113383	-0.000183501395	6.21264777e-05	0.000147219752	0	0	0	0	0	3
427	212	0	4.23991278	-0.000189213959	-0.000320479814	-0.000424113383	-0.000189213959	6.22384887e-05	0.000158494985	0	0	0	0	0	3
428	212	0	4.24984232	-0.000187873025	-0.000320346319	-0.000424113383	-0.000187873025	6.22384887e-05	0.000158052454	0	0	0	0	0	3
429	213	0	4.25977186	-0.000185689008	-0.000319973887	-0.000424113383	-0.000185689008	6.22384887e-05	0.000146815311	0	0	0	0	0	3
430	213	0	4.2697014	-0.00018768883	-0.000319378046	-0.000424113383	-0.000185689008	6.22384887e-05	0.000157923412	0	0	0	0	0	3
431	214	0	4.27963094	-0.000190567382	-0.000318544374	-0.000424113383	-0.000185689008	6.22384887e-05	0.000146279928	0	0	0	0	0	3
432	214	0	4.28956047	-0.000195401767	-0.00031756286	-0.000424113383	-0.000185689008	6.22384887e-05	0.000157256848	0	0	0	0	0	3
433	215	0	4.29949001	-0.000201264973	-0.000316514395	-0.000424113383	-0.000185689008	6.22384887e-05	0.000170068044	0	0	0	0	0	3
434	215	0	4.30941955	-0.000208857118	-0.000315332172	-0.000424113383	-0.000185689008	6.22384887e-05	0.000145817032	0	0	0	0	0	3
435	216	0	4.31934909	-0.000214956654	-0.000313900048	-0.000424113383	-0.000185689008	6.22384887e-05	0.000145990125	0	0	0	0	0	3
436	216	0	4.32927863	-0.000226838423	-0.000312397141	-0.000424113383	-0.000185689008	6.22384887e-05	0.000151097782	0	0	0	0	0	3
437	217	0	4.33920816	-0.000237777135	-0.000310853555	-0.000424113383	-0.000185689008	6.22384887e-05	0.000203134654	0	0	0	0	0	3
438	217	0	4.3491377	-0.000249292316	-0.000309282058	-0.000424113383	-0.000185689008	6.22384887e-05	0.000150366709	0	0	0	0	0	3
439	218	0	4.35906724	-0.000258137026	-0.00030768776	-0.000424113383	-0.000185689008	6.22384887e-05	0.000150564096	0	0	0	0	0	3
440	218	0	4.36899678	-0.000274737077	-0.000306099365	-0.000424113383	-0.000185689008	6.22384887e-05	0.000150300128	0	0	0	0	0	3
441	219	0	4.37892632	-0.000288747748	-0.000304516716	-0.000424113383	-0.000185689008	6.22384887e-05	0.000201986391	0	0	0	0	0	3
442	219	0	4.38885586	-0.000301752591	-0.000302955305	-0.000424113383	-0.000185689008	6.22384887e-05	0.00016138071	0	0	0	0	0	3
443	220	0	4.39878539	-0.000311570087	-0.000301400925	-0.000424113383	-0.000185689008	6.22384887e-05	0.000161251663	0	0	0	0	0	3
444	220	0	4.40871493	-0.000329552319	-0.000300021185	-0.000424113383	-0.000185689008	6.22384887e-05	0.000160916348	0	0	0	0	0	3
445	221	0	4.41864447	-0.00034487105	-0.000298792337	-0.000424113383	-0.000185689008	6.20732594e-05	0.000160633981	0	0	0	0	0	3
446	221	0	4.42857401	-0.000357599094	-0.000297675731	-0.000424113383	-0.000185689008	6.16362666e-05	0.000160402262	0	0	0	0	0	3
447	221	0	4.43850355	-0.000370282683	-0.000296730854	-0.000424113383	-0.000185689008	6.08912051e-05	0.000160224204	0	0	0	0	0	3
448	222	0	4.44843308	-0.000382644572	-0.000295946939	-0.000424113383	-0.000185689008	5.99046145e-05	0.000159982318	0	0	0	0	0	3
449	223	0	4.45836262	-0.000395096455	-0.000295382912	-0.000424113383	-0.000185689008	5.86582124e-05	0.000166387017	0	0	0	0	0	3
450	223	0	4.46829216	-0.000408899106	-0.000295084593	-0.000422901063	-0.000185689008	5.71947317e-05	0.000159565609	0	0	0	0	0	3
451	224	0	4.4782217	-0.000421860647	-0.000295064193	-0.000421860647	-0.000185689008	5.54890577e-05	0.000159372081	0	0	0	0	0	3
452	224	0	4.48815124	-0.000432866855	-0.000295293689	-0.000432866855	-0.000185689008	5.3582499e-05	0.000159205893	0	0	0	0	0	3
453	225	0	4.49808077	-0.000442180662	-0.000295772371	-0.000442180662	-0.000185689008	5.14712808e-05	0.000153025403	0	0	0	0	0	3
454	225	0	4.50801031	-0.000451708951	-0.000296522416	-0.000451708951	-0.000185689008	4.91983866e-05	0.0001473388	0	0	0	0	0	3
455	226	0	4.51793985	-0.000460591848	-0.000297560455	-0.000460591848	-0.000185689008	4.67557773e-05	0.00014722232	0	0	0	0	0	3
456	226	0	4.52786939	-0.000469294739	-0.000298887563	-0.000469294739	-0.000185689008	4.41710461e-05	0.000147132977	0	0	0	0	0	3
457	227	0	4.53779893	-0.000477253528	-0.000300519492	-0.000477253528	-0.000185689008	4.1458834e-05	0.000147056395	0	0	0	0	0	3
458	227	0	4.54772847	-0.00048329649	-0.000302432857	-0.00048329649	-0.000185689008	3.86202399e-05	0.000141819284	0	0	0	0	0	3
459	228	0	4.557658	-0.00048817011	-0.000304601037	-0.00048817011	-0.000185689008	3.57069788e-05	0.000141822541	0	0	0	0	0	3
460	228	0	4.56758754	-0.0004913223	-0.000307025231	-0.0004913223	-0.000185689008	3.27129001e-05	0.000141854589	0	0	0	0	0	3
461	229	0	4.57751708	-0.000492335709	-0.000309658091	-0.000492335709	-0.000185689008	2.97031997e-05	0.000141948707	0	0	0	0	0	3
462	229	0	4.58744662	-0.000491981541	-0.000312516029	-0.000492335709	-0.000185689008	2.6679459e-05	0.000142018144	0	0	0	0	0	3
463	230	0	4.59737616	-0.000490145408	-0.000315544912	-0.000492335709	-0.000185689008	2.54156217e-05	0.000142140947	0	0	0	0	0	3
464	230	0	4.60730569	-0.000487302891	-0.000318767384	-0.000492335709	-0.000185689008	2.54156217e-05	0.000142281113	0	0	0	0	0	3
465	231	0	4.61723523	-0.000483681072	-0.000322135174	-0.000492335709	-0.000185689008	2.70709816e-05	0.00014243598	0	0	0	0	0	3
466	231	0	4.62716477	-0.000478972139	-0.000325668339	-0.000492335709	-0.000185689008	3.06041462e-05	0.000142606612	0	0	0	0	0	3
467	232	0	4.63709431	-0.000473470451	-0.000329314043	-0.000492335709	-0.000185689008	3.42498507e-05	0.000142785396	0	0	0	0	0	3
468	232	0	4.64702385	-0.000468181598	-0.000333109559	-0.000492335709	-0.000185689008	3.80453665e-05	0.000142991966	0	0	0	0	0	3
469	233	0	4.65695338	-0.000461981011	-0.000337009365	-0.000492335709	-0.000185689008	4.19451725e-05	0.000143152103	0	0	0	0	0	3
470	233	0	4.66688292	-0.000454417504	-0.000341002038	-0.000492335709	-0.000185689008	4.5937845e-05	0.000143347127	0	0	0	0	0	3
471	234	0	4.67681246	-0.000447921497	-0.000345088211	-0.000492335709	-0.000185689008	5.00240181e-05	0.000143563655	0	0	0	0	0	3
472	234	0	4.686742	-0.000440039644	-0.000349250935	-0.000492335709	-0.000185689008	5.41867427e-05	0.000143730123	0	0	0	0	0	3
473	235	0	4.69667154	-0.000432270767	-0.000353430493	-0.000492335709	-0.000185689008	5.83663004e-05	0.000143913439	0	0	0	0	0	3
474	235	0	4.70660108	-0.00042290993	-0.000357606072	-0.000492335709	-0.000185689008	6.25418796e-05	0.000144104401	0	0	0	0	0	3
475	236	0	4.71653061	-0.000412760565	-0.000361707264	-0.000492335709	-0.000185689008	6.66430714e-05	0.000144319333	0	0	0	0	0	3
476	237	0	4.72646015	-0.000404222424	-0.000365765719	-0.000492335709	-0.000185689008	7.07015262e-05	0.000144460213	0	0	0	0	0	3
477	237	0	4.73638969	-0.000394260568	-0.000369700221	-0.000492335709	-0.000185689008	7.46360279e-05	0.000144632189	0	0	0	0	0	3
478	238	0	4.74631923	-0.000384510585	-0.000373529566	-0.000492335709	-0.000185689008	7.84653735e-05	0.000144789585	0	0	0	0	0	3
479	238	0	4.75624877	-0.000372296719	-0.000377145717	-0.000492335709	-0.000185689008	8.20815243e-05	0.00015026332	0	0	0	0	0	3
480	238	0	4.7661783	-0.000363512802	-0.000380632458	-0.000492335709	-0.00018768883	8.55682654e-05	0.000150412039	0	0	0	0	0	3
481	239	0	4.77610784	-0.000356589862	-0.000383944243	-0.000492335709	-0.000190567382	8.88800503e-05	0.000145563387	0	0	0	0	0	3
482	240	0	4.78603738	-0.000347543229	-0.000387022201	-0.000492335709	-0.000195401767	9.19580081e-05	0.000151090592	0	0	0	0	0	3
483	240	0	4.79596692	-0.00033830271	-0.00038982418	-0.000492335709	-0.000201264973	9.47599874e-05	0.000150844023	0	0	0	0	0	3
484	241	0	4.80589646	-0.000329885875	-0.000392346159	-0.000492335709	-0.000208857118	9.72819659e-05	0.000145946619	0	0	0	0	0	3
485	241	0	4.81582599	-0.00032147582	-0.000394554368	-0.000492335709	-0.000214956654	9.94901757e-05	0.000146052235	0	0	0	0	0	3
486	242	0	4.82575553	-0.000314393929	-0.000396504119	-0.000492335709	-0.000226838423	0.000101439926	0.000157662828	0	0	0	0	0	3
487	242	0	4.83568507	-0.000304680304	-0.00039803043	-0.000492335709	-0.000237777135	0.000102966238	0.000145885875	0	0	0	0	0	3
488	242	0	4.84561461	-0.000296646032	-0.000399184722	-0.000492335709	-0.000249292316	0.00010412053	0.000146280086	0	0	0	0	0	3
489	243	0	4.85554415	-0.000292213729	-0.000400026319	-0.000492335709	-0.000258137026	0.000104962126	0.000170517932	0	0	0	0	0	3
490	243	0	4.86547369	-0.000289599469	-0.000400643229	-0.000492335709	-0.000274737077	0.000105579037	0.000146004472	0	0	0	0	0	3
491	244	0	4.87540322	-0.000284159947	-0.000400827991	-0.000492335709	-0.000284159947	0.000105763799	0.000146353785	0	0	0	0	0	3
492	244	0	4.88533276	-0.00028452619	-0.000400745216	-0.000492335709	-0.000284159947	0.000105763799	0.000157463032	0	0	0	0	0	3
493	245	0	4.8952623	-0.00028249502	-0.000400367616	-0.000492335709	-0.00028249502	0.000105763799	0.00015704514	0	0	0	0	0	3
494	245	0	4.90519184	-0.000279822105	-0.000399745107	-0.000492335709	-0.000279822105	0.000105763799	0.0001458165	0	0	0	0	0	3
495	246	0	4.91512138	-0.000281485889	-0.000398802628	-0.000492335709	-0.000279822105	0.000105763799	0.000156789486	0	0	0	0	0	3
496	246	0	4.92505091	-0.000285474054	-0.000397637981	-0.000492335709	-0.000279822105	0.000105763799	0.000156689242	0	0	0	0	0	3
497	247	0	4.93498045	-0.00028835854	-0.000396280323	-0.000492335709	-0.000279822105	0.000105763799	0.000145446935	0	0	0	0	0	3
498	247	0	4.94490999	-0.000289886175	-0.000394703921	-0.000492335709	-0.000279822105	0.000105763799	0.000145627824	0	0	0	0	0	3
499	248	0	4.95483953	-0.000294526842	-0.000392976122	-0.000492335709	-0.000279822105	0.000105763799	0.000150429564	0	0	0	0	0	3
500	248	0	4.96476907	-0.000298762098	-0.000391087213	-0.000492335709	-0.000279822105	0.000105763799	0.000155967508	0	0	0	0	0	3
501	249	0	4.97469861	-0.000298825286	-0.000388928903	-0.000492335709	-0.000279822105	0.000105763799	0.000144802428	0	0	0	0	0	3
502	250	0	4.98462814	-0.000300596238	-0.00038655117	-0.000492335709	-0.000279822105	0.000105534302	0.000144655106	0	0	0	0	0	3
503	250	0	4.99455768	-0.000308361551	-0.000384109889	-0.000492335709	-0.000279822105	0.00010505562	0.000149758592	0	0	0	0	0	3
504	251	0	5.00448722	-0.000316961303	-0.000381654608	-0.000492335709	-0.000279822105	0.000104305576	0.000144238854	0	0	0	0	0	3
505	251	0	5.01441676	-0.00032131482	-0.00037909786	-0.000492335709	-0.000279822105	0.000103267537	0.000155055322	0	0	0	0	0	3
506	252	0	5.0243463	-0.000328135766	-0.000376500682	-0.000492335709	-0.000279822105	0.000101940428	0.000143936927	0	0	0	0	0	3
507	252	0	5.03427583	-0.000329224598	-0.000373754208	-0.000492335709	-0.000279822105	0.000100308499	0.000143813749	0	0	0	0	0	3
508	253	0	5.04420537	-0.000333068798	-0.000370927057	-0.000492335709	-0.000279822105	9.83951344e-05	0.000143636828	0	0	0	0	0	3
509	253	0	5.05413491	-0.000334888035	-0.000368017087	-0.000492335709	-0.000279822105	9.62269545e-05	0.000143468837	0	0	0	0	0	3
510	254	0	5.06406445	-0.000340653843	-0.000365124611	-0.000492335709	-0.000279822105	9.38027607e-05	0.000143340798	0	0	0	0	0	3
511	254	0	5.07399399	-0.000342453372	-0.000362205613	-0.000492335709	-0.000279822105	9.11699006e-05	0.000143198949	0	0	0	0	0	3
512	255	0	5.08392352	-0.000341902779	-0.000359255948	-0.000491981541	-0.000279822105	8.83119623e-05	0.000143106335	0	0	0	0	0	3
513	255	0	5.09385306	-0.000339526561	-0.000356266634	-0.000490145408	-0.000279822105	8.52830799e-05	0.000143019758	0	0	0	0	0	3
514	256	0	5.1037826	-0.000341910398	-0.000353360065	-0.000487302891	-0.000279822105	8.20606073e-05	0.00014292805	0	0	0	0	0	3
515	256	0	5.11371214	-0.000340716164	-0.000350485816	-0.000483681072	-0.000279822105	7.86928172e-05	0.00014290023	0	0	0	0	0	3
516	257	0	5.12364168	-0.00033929431	-0.000347654703	-0.000478972139	-0.000279822105	7.51596527e-05	0.000142825383	0	0	0	0	0	3
517	257	0	5.13357122	-0.000334432216	-0.000344820587	-0.000473470451	-0.000279822105	7.15139481e-05	0.000142836857	0	0	0	0	0	3
518	258	0	5.14350075	-0.000333677692	-0.000342079552	-0.000468181598	-0.000279822105	6.77184324e-05	0.000142804134	0	0	0	0	0	3
519	258	0	5.15343029	-0.000329536917	-0.000339361029	-0.000461981011	-0.000279822105	6.38186263e-05	0.000142836061	0	0	0	0	0	3
520	259	0	5.16335983	-0.000324351177	-0.000336662405	-0.000454417504	-0.000279822105	6.41655866e-05	0.000142886866	0	0	0	0	0	3
521	259	0	5.17328937	-0.00031786338	-0.000333984873	-0.000447921497	-0.000279822105	6.68431185e-05	0.000142956774	0	0	0	0	0	3
522	260	0	5.18321891	-0.000310933865	-0.000331298841	-0.000440039644	-0.000279822105	6.95291505e-05	0.000143045799	0	0	0	0	0	3
523	260	0	5.19314844	-0.000303200526	-0.000328615721	-0.000432270767	-0.000279822105	7.22122704e-05	0.000143152081	0	0	0	0	0	3
524	261	0	5.20307798	-0.000294058539	-0.000325905677	-0.00042290993	-0.000279822105	7.49223141e-05	0.000143306415	0	0	0	0	0	3
525	261	0	5.21300752	-0.000284727389	-0.000323196216	-0.000412760565	-0.000279822105	7.76317757e-05	0.000143418225	0	0	0	0	0	3
526	262	0	5.22293706	-0.000274310992	-0.000320481518	-0.000404222424	-0.000274310992	8.03464732e-05	0.000143574568	0	0	0	0	0	3
527	262	0	5.2328666	-0.000263386815	-0.000317720036	-0.000394260568	-0.000263386815	8.31079557e-05	0.00014374578	0	0	0	0	0	3
528	263	0	5.24279613	-0.000252166124	-0.00031493387	-0.000384510585	-0.000252166124	8.58941213e-05	0.000143919602	0	0	0	0	0	3
529	263	0	5.25272567	-0.00023997912	-0.00031209992	-0.000372296719	-0.00023997912	8.87280716e-05	0.000144107633	0	0	0	0	0	3
530	264	0	5.26265521	-0.000227193753	-0.000309254764	-0.000363512802	-0.000227193753	9.15732278e-05	0.000144305045	0	0	0	0	0	3
531	264	0	5.27258475	-0.000212804475	-0.000306299698	-0.000356589862	-0.000212804475	9.4528293e-05	0.000144547326	0	0	0	0	0	3
532	265	0	5.28251429	-0.000198033894	-0.000303190758	-0.000347543229	-0.000198033894	9.76372336e-05	0.00014473915	0	0	0	0	0	3
533	265	0	5.29244383	-0.000182723395	-0.000299958996	-0.000342453372	-0.000182723395	0.000100868995	0.000144960862	0	0	0	0	0	3
534	266	0	5.30237336	-0.00016762563	-0.000296612387	-0.000342453372	-0.00016762563	0.000104215604	0.000147787845	0	0	0	0	0	3
535	266	0	5.3123029	-0.000153177503	-0.000293147517	-0.000342453372	-0.000153177503	0.000107680474	0.000145390435	0	0	0	0	0	3
536	266	0	5.32223244	-0.000138544285	-0.000289560624	-0.000342453372	-0.000138544285	0.000111267367	0.000145600662	0	0	0	0	0	3
537	267	0	5.33216198	-0.000123759135	-0.000285822687	-0.000342453372	-0.000123759135	0.000115005304	0.000145821875	0	0	0	0	0	3
538	267	0	5.34209152	-0.00010921912	-0.000281990115	-0.000342453372	-0.00010921912	0.000118837877	0.000146000911	0	0	0	0	0	3
539	268	0	5.35202105	-9.49003469e-05	-0.000278034317	-0.000342453372	-9.49003469e-05	0.000122793674	0.000151513518	0	0	0	0	0	3
540	268	0	5.36195059	-8.0988918e-05	-0.000273892654	-0.000342453372	-8.0988918e-05	0.000126935337	0.000146333339	0	0	0	0	0	3
541	269	0	5.37188013	-6.6875163e-05	-0.000269525511	-0.000342453372	-6.6875163e-05	0.000131302481	0.000151889092	0	0	0	0	0	3
542	269	0	5.38180967	-5.38558077e-05	-0.000265009743	-0.000342453372	-5.38558077e-05	0.000135735472	0.000152049607	0	0	0	0	0	3
543	270	0	5.39173921	-4.19249819e-05	-0.000260252857	-0.000342453372	-4.19249819e-05	0.000140114759	0.000146815835	0	0	0	0	0	3
544	270	0	5.40166874	-3.03185424e-05	-0.00025530822	-0.000342453372	-3.03185424e-05	0.000144436887	0.000147270666	0	0	0	0	0	3
545	271	0	5.41159828	-2.01022959e-05	-0.000250215675	-0.000342453372	-2.01022959e-05	0.000148586953	0.000152814524	0	0	0	0	0	3
546	271	0	5.42152782	-1.22652966e-05	-0.00024493684	-0.000342453372	-1.22652966e-05	0.000152701141	0.000152851421	0	0	0	0	0	3
547	272	0	5.43145736	-5.60520005e-06	-0.000239449215	-0.000342453372	-5.60520005e-06	0.000156831108	0.000147146848	0	0	0	0	0	3
548	272	0	5.4413869	-8.6278205e-07	-0.000233812043	-0.000342453372	-8.6278205e-07	0.000160891877	0.000147478771	0	0	0	0	0	3
549	273	0	5.45131644	2.58067596e-06	-0.000228077399	-0.000342453372	2.58067596e-06	0.000164898723	0.000152870515	0	0	0	0	0	3
550	273	0	5.46124597	4.18079769e-06	-0.000222220387	-0.000342453372	4.18079769e-06	0.000168866827	0.000158638577	0	0	0	0	0	3
551	274	0	5.47117551	5.1784218e-06	-0.000216260769	-0.000342453372	5.1784218e-06	0.000172668134	0.000146997459	0	0	0	0	0	3
552	274	0	5.48110505	6.41064315e-06	-0.000210275751	-0.000342453372	6.41064315e-06	0.000176275419	0.00015233663	0	0	0	0	0	3
553	275	0	5.49103459	5.17076681e-06	-0.000204280319	-0.000342453372	6.41064315e-06	0.00017982957	0.000146794807	0	0	0	0	0	3
554	275	0	5.50096413	4.40756365e-06	-0.000198147591	-0.000342453372	6.41064315e-06	0.000183507016	0.000146668197	0	0	0	0	0	3
555	276	0	5.51089366	3.54497597e-07	-0.000191925713	-0.000342453372	6.41064315e-06	0.000187172147	0.000146491812	0	0	0	0	0	3
556	276	0	5.5208232	-3.91414674e-06	-0.00018570217	-0.000342453372	6.41064315e-06	0.000190798512	0.000151673695	0	0	0	0	0	3
557	277	0	5.53075274	-9.93319294e-06	-0.000179462904	-0.000342453372	6.41064315e-06	0.000194291304	0.000151476405	0	0	0	0	0	3
558	277	0	5.54068228	-1.51436776e-05	-0.000173304455	-0.000342453372	6.41064315e-06	0.000197622602	0.000145943966	0	0	0	0	0	3
559	278	0	5.55061182	-2.13548773e-05	-0.000167192417	-0.000342453372	6.41064315e-06	0.00020082467	0.000145798687	0	0	0	0	0	3
560	278	0	5.56054135	-2.88167104e-05	-0.000161191019	-0.000342453372	6.41064315e-06	0.000203933593	0.00015085689	0	0	0	0	0	3
561	278	0	5.57047089	-3.70956039e-05	-0.000155238896	-0.000342453372	6.41064315e-06	0.000206966717	0.000150643691	0	0	0	0	0	3
562	279	0	5.58040043	-4.39587197e-05	-0.00014938606	-0.000341910398	6.41064315e-06	0.000209869888	0.000145134013	0	0	0	0	0	3
563	279	0	5.59032997	-5.18494583e-05	-0.00014369874	-0.000341910398	6.41064315e-06	0.000212567894	0.000144920117	0	0	0	0	0	3
564	280	0	5.60025951	-6.23761067e-05	-0.000138264417	-0.000341910398	6.41064315e-06	0.000215095648	0.000144988456	0	0	0	0	0	3
565	280	0	5.61018905	-7.16091999e-05	-0.000132964394	-0.000340716164	6.41064315e-06	0.000217521422	0.00015008808	0	0	0	0	0	3
566	281	0	5.62011858	-8.16788759e-05	-0.000127885231	-0.00033929431	6.41064315e-06	0.000219769472	0.000144595586	0	0	0	0	0	3
567	281	0	5.63004812	-8.86338541e-05	-0.00012297032	-0.000334432216	6.41064315e-06	0.000221850266	0.000144722521	0	0	0	0	0	3
568	282	0	5.63997766	-0.000100108292	-0.000118375734	-0.000333677692	6.41064315e-06	0.000223703819	0.000144478574	0	0	0	0	0	3
569	282	0	5.6499072	-0.000109976735	-0.00011398944	-0.000329536917	6.41064315e-06	0.000225371589	0.000144264652	0	0	0	0	0	3
570	283	0	5.65983674	-0.000118245325	-0.000109846468	-0.000324351177	6.41064315e-06	0.000226815937	0.000144090335	0	0	0	0	0	3
571	283	0	5.66976627	-0.00012601924	-0.000105957606	-0.00031786338	6.41064315e-06	0.000228027267	0.000143942227	0	0	0	0	0	3
572	284	0	5.67969581	-0.000133962686	-0.00010235171	-0.000310933865	6.41064315e-06	0.000228947131	0.000143801374	0	0	0	0	0	3
573	284	0	5.68962535	-0.000140934149	-9.90183826e-05	-0.000303200526	6.41064315e-06	0.000229597338	0.000143703953	0	0	0	0	0	3
574	285	0	5.69955489	-0.000147979547	-9.5974834e-05	-0.000294058539	6.41064315e-06	0.000229930843	0.000143561988	0	0	0	0	0	3
575	285	0	5.70948443	-0.000153821868	-9.32250954e-05	-0.000284727389	6.41064315e-06	0.00022997112	0.000143466761	0	0	0	0	0	3
576	286	0	5.71941397	-0.000157949655	-9.07392574e-05	-0.000274310992	6.41064315e-06	0.000229742261	0.000143403187	0	0	0	0	0	3
577	287	0	5.7293435	-0.000160603401	-8.85096968e-05	-0.000263386815	6.41064315e-06	0.000229210339	0.000143380287	0	0	0	0	0	3
578	287	0	5.73927304	-0.000161531147	-8.65125269e-05	-0.000252166124	6.41064315e-06	0.000228421343	0.000143383949	0	0	0	0	0	3
579	288	0	5.74920258	-0.00016248914	-8.47541546e-05	-0.00023997912	6.41064315e-06	0.000227345765	0.000143393833	0	0	0	0	0	3
580	288	0	5.75913212	-0.000163453422	-8.32536507e-05	-0.000227193753	6.41064315e-06	0.000226001113	0.000143440418	0	0	0	0	0	3
581	289	0	5.76906166	-0.000164606773	-8.20264551e-05	-0.000212804475	6.41064315e-06	0.000219215118	0.000143470641	0	0	0	0	0	3
582	289	0	5.77899119	-0.000165292544	-8.10948486e-05	-0.000198033894	6.41064315e-06	0.000204444537	0.000143486624	0	0	0	0	0	3
583	290	0	5.78892073	-0.000164289772	-8.04331991e-05	-0.000182723395	6.41064315e-06	0.000189134038	0.000143552574	0	0	0	0	0	3
584	290	0	5.79885027	-0.000161856425	-8.00240428e-05	-0.00016762563	6.41064315e-06	0.000174036273	0.000143646524	0	0	0	0	0	3
585	291	0	5.80877981	-0.000158486423	-7.98448427e-05	-0.000165292544	6.41064315e-06	0.000171703188	0.000143765032	0	0	0	0	0	3
586	291	0	5.81870935	-0.000154244583	-7.98657658e-05	-0.000165292544	6.41064315e-06	0.000171703188	0.000143581874	0	0	0	0	0	3
587	292	0	5.82863888	-0.000149386303	-8.00783544e-05	-0.000165292544	6.41064315e-06	0.000171703188	0.000143756207	0	0	0	0	0	3
588	292	0	5.83856842	-0.000142561317	-8.04470246e-05	-0.000165292544	6.41064315e-06	0.000171703188	0.000143584623	0	0	0	0	0	3
589	293	0	5.84849796	-0.000134167096	-8.09362006e-05	-0.000165292544	6.41064315e-06	0.000171703188	0.000143778809	0	0	0	0	0	3
590	293	0	5.8584275	-0.000124685975	-8.15202326e-05	-0.000165292544	6.41064315e-06	0.000171703188	0.000143988214	0	0	0	0	0	3
591	294	0	5.86835704	-0.000114713485	-8.21814986e-05	-0.000165292544	6.41064315e-06	0.000171703188	0.000144202294	0	0	0	0	0	3
592	294	0	5.87828658	-0.00010406647	-8.29107399e-05	-0.000165292544	6.41064315e-06	0.000171703188	0.000144421738	0	0	0	0	0	3
593	295	0	5.88821611	-9.27229325e-05	-8.36728404e-05	-0.000165292544	6.41064315e-06	0.000171703188	0.000144643151	0	0	0	0	0	3
594	295	0	5.89814565	-8.10640662e-05	-8.44402734e-05	-0.000165292544	6.41064315e-06	0.000171703188	0.000144887624	0	0	0	0	0	3
595	296	0	5.90807519	-6.8058078e-05	-8.51802643e-05	-0.000165292544	6.41064315e-06	0.000170370832	0.000145085998	0	0	0	0	0	3
596	296	0	5.91800473	-5.47566135e-05	-8.58597607e-05	-0.000165292544	6.41064315e-06	0.000165091997	0.000145304058	0	0	0	0	0	3
597	296	0	5.92793427	-4.1584218e-05	-8.64346415e-05	-0.000165292544	6.41064315e-06	0.000159604372	0.000145506528	0	0	0	0	0	3
598	297	0	5.9378638	-2.92448455e-05	-8.6898164e-05	-0.000165292544	6.41064315e-06	0.000153967201	0.000156772015	0	0	0	0	0	3
599	297	0	5.94779334	-1.72908156e-05	-8.72202823e-05	-0.000165292544	6.41064315e-06	0.000148232557	0.000145852264	0	0	0	0	0	3
600	298	0	5.95772288	-4.33505014e-06	-8.73558848e-05	-0.000165292544	6.41064315e-06	0.000142375544	0.000151367827	0	0	0	0	0	3
601	299	0	5.96765242	7.80056824e-06	-8.72849089e-05	-0.000165292544	7.80056824e-06	0.000136415926	0.000151547644	0	0	0	0	0	3
602	299	0	5.97758196	1.92227028e-05	-8.70095308e-05	-0.000165292544	1.92227028e-05	0.000130430908	0.000151675864	0	0	0	0	0	3
603	300	0	5.98751149	2.99639376e-05	-8.65477015e-05	-0.000165292544	2.99639376e-05	0.000124435476	0.000157530236	0	0	0	0	0	3
604	300	0	5.99744103	3.87424038e-05	-8.58894341e-05	-0.000165292544	3.87424038e-05	0.000118302749	0.000157614276	0	0	0	0	0	3
605	301	0	6.00737057	4.6003864e-05	-8.50738204e-05	-0.000165292544	4.6003864e-05	0.00011208087	0.000157691421	0	0	0	0	0	3
