Iteration	CPUTime	PhysTime	Travels
1	14	0	0.00992953813
2	15	0	0.0198590763
3	15	0	0.0297886144
4	16	0	0.0397181525
5	17	0	0.0496476907
6	17	0	0.0595772288
7	17	0	0.0695067669
8	18	0	0.0794363051
9	18	0	0.0893658432
10	19	0	0.0992953813
11	19	0	0.109224919
12	20	0	0.119154458
13	20	0	0.129083996
14	21	0	0.139013534
15	21	0	0.148943072
16	21	0	0.15887261
17	22	0	0.168802148
18	22	0	0.178731686
19	23	0	0.188661225
20	23	0	0.198590763
21	24	0	0.208520301
22	24	0	0.218449839
23	24	0	0.228379377
24	25	0	0.238308915
25	25	0	0.248238453
26	26	0	0.258167991
27	26	0	0.26809753
28	26	0	0.278027068
29	27	0	0.287956606
30	27	0	0.297886144
31	28	0	0.307815682
32	28	0	0.31774522
33	29	0	0.327674758
34	29	0	0.337604297
35	29	0	0.347533835
36	30	0	0.357463373
37	30	0	0.367392911
38	31	0	0.377322449
39	31	0	0.387251987
40	31	0	0.397181525
41	32	0	0.407111063
42	32	0	0.417040602
43	33	0	0.42697014
44	33	0	0.436899678
45	33	0	0.446829216
46	34	0	0.456758754
47	34	0	0.466688292
48	35	0	0.47661783
49	35	0	0.486547369
50	36	0	0.496476907
51	36	0	0.506406445
52	36	0	0.516335983
53	37	0	0.526265521
54	37	0	0.536195059
55	38	0	0.546124597
56	38	0	0.556054135
57	38	0	0.565983674
58	39	0	0.575913212
59	39	0	0.58584275
60	40	0	0.595772288
61	40	0	0.605701826
62	41	0	0.615631364
63	41	0	0.625560902
64	41	0	0.635490441
65	42	0	0.645419979
66	42	0	0.655349517
67	43	0	0.665279055
68	43	0	0.675208593
69	43	0	0.685138131
70	44	0	0.695067669
71	44	0	0.704997208
72	45	0	0.714926746
73	45	0	0.724856284
74	46	0	0.734785822
75	46	0	0.74471536
76	46	0	0.754644898
77	47	0	0.764574436
78	47	0	0.774503974
79	48	0	0.784433513
80	48	0	0.794363051
81	49	0	0.804292589
82	49	0	0.814222127
83	49	0	0.824151665
84	50	0	0.834081203
85	50	0	0.844010741
86	51	0	0.85394028
87	51	0	0.863869818
88	51	0	0.873799356
89	52	0	0.883728894
90	52	0	0.893658432
91	53	0	0.90358797
92	53	0	0.913517508
93	54	0	0.923447046
94	54	0	0.933376585
95	54	0	0.943306123
96	55	0	0.953235661
97	55	0	0.963165199
98	56	0	0.973094737
99	56	0	0.983024275
100	56	0	0.992953813
101	57	0	1.00288335
102	57	0	1.01281289
103	58	0	1.02274243
104	58	0	1.03267197
105	59	0	1.0426015
106	59	0	1.05253104
107	60	0	1.06246058
108	60	0	1.07239012
109	61	0	1.08231966
110	61	0	1.09224919
111	62	0	1.10217873
112	62	0	1.11210827
113	63	0	1.12203781
114	63	0	1.13196735
115	63	0	1.14189689
116	64	0	1.15182642
117	64	0	1.16175596
118	65	0	1.1716855
119	65	0	1.18161504
120	66	0	1.19154458
121	66	0	1.20147411
122	67	0	1.21140365
123	67	0	1.22133319
124	68	0	1.23126273
125	68	0	1.24119227
126	69	0	1.2511218
127	69	0	1.26105134
128	70	0	1.27098088
129	70	0	1.28091042
130	70	0	1.29083996
131	71	0	1.3007695
132	71	0	1.31069903
133	72	0	1.32062857
134	72	0	1.33055811
135	73	0	1.34048765
136	73	0	1.35041719
137	74	0	1.36034672
138	74	0	1.37027626
139	75	0	1.3802058
140	75	0	1.39013534
141	76	0	1.40006488
142	76	0	1.40999442
143	76	0	1.41992395
144	77	0	1.42985349
145	77	0	1.43978303
146	78	0	1.44971257
147	78	0	1.45964211
148	79	0	1.46957164
149	79	0	1.47950118
150	80	0	1.48943072
151	80	0	1.49936026
152	81	0	1.5092898
153	81	0	1.51921933
154	82	0	1.52914887
155	82	0	1.53907841
156	83	0	1.54900795
157	83	0	1.55893749
158	84	0	1.56886703
159	84	0	1.57879656
160	85	0	1.5887261
161	85	0	1.59865564
162	86	0	1.60858518
163	86	0	1.61851472
164	87	0	1.62844425
165	87	0	1.63837379
166	87	0	1.64830333
167	88	0	1.65823287
168	88	0	1.66816241
169	89	0	1.67809194
170	89	0	1.68802148
171	90	0	1.69795102
172	90	0	1.70788056
173	91	0	1.7178101
174	91	0	1.72773964
175	92	0	1.73766917
176	92	0	1.74759871
177	93	0	1.75752825
178	93	0	1.76745779
179	94	0	1.77738733
180	94	0	1.78731686
181	94	0	1.7972464
182	95	0	1.80717594
183	95	0	1.81710548
184	96	0	1.82703502
185	96	0	1.83696455
186	97	0	1.84689409
187	97	0	1.85682363
188	98	0	1.86675317
189	98	0	1.87668271
190	99	0	1.88661225
191	99	0	1.89654178
192	100	0	1.90647132
193	100	0	1.91640086
194	100	0	1.9263304
195	101	0	1.93625994
196	101	0	1.94618947
197	102	0	1.95611901
198	102	0	1.96604855
199	103	0	1.97597809
200	103	0	1.98590763
201	104	0	1.99583716
202	104	0	2.0057667
203	105	0	2.01569624
204	105	0	2.02562578
205	106	0	2.03555532
206	106	0	2.04548486
207	107	0	2.05541439
208	107	0	2.06534393
209	108	0	2.07527347
210	108	0	2.08520301
211	108	0	2.09513255
212	109	0	2.10506208
213	109	0	2.11499162
214	110	0	2.12492116
215	110	0	2.1348507
216	111	0	2.14478024
217	111	0	2.15470978
218	112	0	2.16463931
219	112	0	2.17456885
220	113	0	2.18449839
221	113	0	2.19442793
222	113	0	2.20435747
223	114	0	2.214287
224	114	0	2.22421654
225	115	0	2.23414608
226	115	0	2.24407562
227	116	0	2.25400516
228	116	0	2.26393469
229	117	0	2.27386423
230	117	0	2.28379377
231	118	0	2.29372331
232	118	0	2.30365285
233	119	0	2.31358239
234	119	0	2.32351192
235	119	0	2.33344146
236	120	0	2.343371
237	120	0	2.35330054
238	121	0	2.36323008
239	121	0	2.37315961
240	122	0	2.38308915
241	122	0	2.39301869
242	123	0	2.40294823
243	123	0	2.41287777
244	124	0	2.4228073
245	124	0	2.43273684
246	124	0	2.44266638
247	125	0	2.45259592
248	125	0	2.46252546
249	126	0	2.472455
250	126	0	2.48238453
251	127	0	2.49231407
252	127	0	2.50224361
253	128	0	2.51217315
254	128	0	2.52210269
255	129	0	2.53203222
256	129	0	2.54196176
257	130	0	2.5518913
258	130	0	2.56182084
259	131	0	2.57175038
260	131	0	2.58167991
261	132	0	2.59160945
262	132	0	2.60153899
263	132	0	2.61146853
264	133	0	2.62139807
265	133	0	2.63132761
266	134	0	2.64125714
267	134	0	2.65118668
268	135	0	2.66111622
269	135	0	2.67104576
270	136	0	2.6809753
271	136	0	2.69090483
272	137	0	2.70083437
273	137	0	2.71076391
274	138	0	2.72069345
275	138	0	2.73062299
276	139	0	2.74055252
277	139	0	2.75048206
278	140	0	2.7604116
279	140	0	2.77034114
280	140	0	2.78027068
281	141	0	2.79020022
282	141	0	2.80012975
283	142	0	2.81005929
284	142	0	2.81998883
285	143	0	2.82991837
286	143	0	2.83984791
287	144	0	2.84977744
288	144	0	2.85970698
289	145	0	2.86963652
290	145	0	2.87956606
291	145	0	2.8894956
292	146	0	2.89942514
293	146	0	2.90935467
294	147	0	2.91928421
295	147	0	2.92921375
296	148	0	2.93914329
297	148	0	2.94907283
298	149	0	2.95900236
299	149	0	2.9689319
300	150	0	2.97886144
301	150	0	2.98879098
302	151	0	2.99872052
303	152	0	3.00865005
