Iteration	CPUTime	PhysTime	Travels	Value	AvValue	MinValue	MaxValue	Delta	Criteria	Progress	dGMaxMin	CriteriaType	CriteriaVarType	CriteriaPercentage
1	14	0	0.00992953813	111457.5	111457.5	111457.5	111457.5	0	0	0	0	666369	0	0	3
2	15	0	0.0198590763	121431.119	116444.309	111457.5	121431.119	4986.80938	0	0	0	671942	0	0	3
3	15	0	0.0297886144	132323.721	121737.447	111457.5	132323.721	10279.9465	0	0	0	677235	0	0	3
4	16	0	0.0397181525	144776.464	127497.201	111457.5	144776.464	16039.7008	0	0	0	682264	0	0	3
5	17	0	0.0496476907	158406.657	133679.092	111457.5	158406.657	22221.592	0	0	0	677305	0	0	3
6	17	0	0.0595772288	174247.323	140440.464	111457.5	174247.323	28982.9638	0	0	0	667253	0	0	3
7	17	0	0.0695067669	191672.055	147759.262	111457.5	191672.055	36301.7625	0	0	0	656196	0	0	3
8	18	0	0.0794363051	197037.559	153919.05	111457.5	197037.559	42461.5495	0	0	0	644033	0	0	3
9	18	0	0.0893658432	199072.573	158936.108	111457.5	199072.573	47478.6077	0	0	0	630653	0	0	3
10	19	0	0.0992953813	201608.231	163203.32	111457.5	201608.231	51745.82	0	0	0	615936	0	0	3
11	19	0	0.109224919	204151.866	166925.915	111457.5	204151.866	55468.4151	0	0	0	599747	0	0	3
12	20	0	0.119154458	205548.424	170144.458	111457.5	205548.424	58686.9576	0	0	0	585371	0	0	3
13	20	0	0.129083996	206792.912	172963.569	111457.5	206792.912	61506.0694	0	0	0	579096	0	0	3
14	21	0	0.139013534	207671.03	175442.674	111457.5	207671.03	63985.1737	0	0	0	578646	0	0	3
15	21	0	0.148943072	208587.385	177652.321	111457.5	208587.385	66194.8212	0	0	0	578346	0	0	3
16	21	0	0.15887261	208804.821	179599.352	111457.5	208804.821	68141.8524	0	0	0	578956	0	0	3
17	22	0	0.168802148	209657.336	181367.469	111457.5	209657.336	69909.9691	0	0	0	579498	0	0	3
18	22	0	0.178731686	210872.153	183006.618	111457.5	210872.153	71549.1182	0	0	0	579681	0	0	3
19	23	0	0.188661225	212291.996	184547.954	111457.5	212291.996	73090.4539	0	0	0	580001	0	0	3
20	23	0	0.198590763	213646.2	186002.866	111457.5	213646.2	74545.3662	0	0	0	580107	0	0	3
21	24	0	0.208520301	214395.726	187354.907	111457.5	214395.726	75897.4072	0	0	0	580127	0	0	3
22	24	0	0.218449839	214874.68	188605.806	111457.5	214874.68	77148.3059	0	0	0	579577	0	0	3
23	24	0	0.228379377	215085.285	189757.088	111457.5	215085.285	78299.5876	0	0	0	585746	0	0	3
24	25	0	0.238308915	215150.662	190815.153	111457.5	215150.662	79357.6532	0	0	0	588404	0	0	3
25	25	0	0.248238453	215139.466	191788.126	111457.5	215150.662	80330.6257	0	0	0	587791	0	0	3
26	26	0	0.258167991	214942.643	192678.684	111457.5	215150.662	81221.1841	0	0	0	585999	0	0	3
27	26	0	0.26809753	214817.493	193498.64	111457.5	215150.662	82041.14	0	0	0	583884	0	0	3
28	26	0	0.278027068	214704.597	194255.996	111457.5	215150.662	82798.4956	0	0	0	582088	0	0	3
29	27	0	0.287956606	214574.043	194956.618	111457.5	215150.662	83499.1179	0	0	0	580645	0	0	3
30	27	0	0.297886144	214407.62	195604.985	111457.5	215150.662	84147.4847	0	0	0	580391	0	0	3
31	28	0	0.307815682	213978.703	196197.685	111457.5	215150.662	84740.1853	0	0	0	580080	0	0	3
32	28	0	0.31774522	213561.401	196740.301	111457.5	215150.662	85282.8014	0	0	0	579804	0	0	3
33	29	0	0.327674758	213105.156	197236.206	111457.5	215150.662	85778.7061	0	0	0	579605	0	0	3
34	29	0	0.337604297	212660.355	197689.858	111457.5	215150.662	86232.3575	0	0	0	579500	0	0	3
35	29	0	0.347533835	212262.2	198106.21	111457.5	215150.662	86648.7102	0	0	0	582710	0	0	3
36	30	0	0.357463373	211668.224	198482.933	111457.5	215150.662	87025.4328	0	0	0	586386	0	0	3
37	30	0	0.367392911	211175.366	198825.972	111457.5	215150.662	87368.4715	0	0	0	589090	0	0	3
38	31	0	0.377322449	210749.793	199139.756	111457.5	215150.662	87682.2563	0	0	0	591199	0	0	3
39	31	0	0.387251987	210274.669	199425.267	111457.5	215150.662	87967.7669	0	0	0	592777	0	0	3
40	31	0	0.397181525	209833.955	199685.484	111457.5	215150.662	88227.9841	0	0	0	593999	0	0	3
41	32	0	0.407111063	209300.958	199920.008	111457.5	215150.662	88462.5079	0	0	0	595020	0	0	3
42	32	0	0.417040602	208825.264	200132.038	111457.5	215150.662	88674.5378	0	0	0	595734	0	0	3
43	33	0	0.42697014	208455.654	200325.61	111457.5	215150.662	88868.1103	0	0	0	596275	0	0	3
44	33	0	0.436899678	208120.415	200502.765	111457.5	215150.662	89045.2649	0	0	0	596591	0	0	3
45	33	0	0.446829216	207811.848	200665.189	111457.5	215150.662	89207.689	0	0	0	596800	0	0	3
46	34	0	0.456758754	207565.034	200815.186	111457.5	215150.662	89357.6856	0	0	0	596930	0	0	3
47	34	0	0.466688292	207365.626	200954.557	111457.5	215150.662	89497.0567	0	0	0	596999	0	0	3
48	35	0	0.47661783	207205.151	201084.777	111457.5	215150.662	89627.2774	0	0	0	597046	0	0	3
49	35	0	0.486547369	207075.634	201207.04	111457.5	215150.662	89749.5398	0	0	0	597101	0	0	3
50	36	0	0.496476907	206944.226	201321.784	111457.5	215150.662	89864.2835	0	0	0	597187	0	0	3
51	36	0	0.506406445	206861.546	201430.406	111457.5	215150.662	89972.9063	0	0	0	597317	0	0	3
52	36	0	0.516335983	206818.126	203300.223	121431.119	215150.662	86855.9131	0	0	0	597566	0	0	3
53	37	0	0.526265521	206733.286	204972.814	132323.721	215150.662	82826.9411	0	0	0	597954	0	0	3
54	37	0	0.536195059	206675.595	206430.694	144776.464	215150.662	70374.1984	0	0	0	598536	0	0	3
55	38	0	0.546124597	206623.814	207643.387	158406.657	215150.662	56744.0052	0	0	0	599301	0	0	3
56	38	0	0.556054135	206573.05	208587.826	174247.323	215150.662	40903.3395	0	0	0	600182	0	0	3
57	38	0	0.565983674	206520.018	209220.624	191672.055	215150.662	23478.6072	0	0	0	601130	0	0	3
58	39	0	0.575913212	206466.675	209510.715	197037.559	215150.662	18113.103	0	0	0	602111	0	0	3
59	39	0	0.58584275	206417.469	209694.634	199072.573	215150.662	16078.0891	0	0	0	603099	0	0	3
60	40	0	0.595772288	206369.047	209837.703	201608.231	215150.662	13542.431	0	0	0	604265	0	0	3
61	40	0	0.605701826	206321.508	209930.12	204151.866	215150.662	10998.7956	0	0	0	605632	0	0	3
62	41	0	0.615631364	206269.012	209971.632	205548.424	215150.662	9602.23801	0	0	0	606995	0	0	3
63	41	0	0.625560902	206218.227	209984.766	206218.227	215150.662	8932.43536	0	0	0	608292	0	0	3
64	41	0	0.635490441	206161.674	209972.389	206161.674	215150.662	8988.98769	0	0	0	609525	0	0	3
65	42	0	0.645419979	206103.561	209941.654	206103.561	215150.662	9047.101	0	0	0	610701	0	0	3
66	42	0	0.655349517	206056.216	209892.023	206056.216	215150.662	9094.44639	0	0	0	611827	0	0	3
67	43	0	0.665279055	206012.308	209837.268	206012.308	215150.662	9138.35386	0	0	0	612916	0	0	3
68	43	0	0.675208593	205972.861	209765.023	205972.861	215150.662	9177.80145	0	0	0	613978	0	0	3
69	43	0	0.685138131	205933.68	209668.191	205933.68	215150.662	9216.9819	0	0	0	615025	0	0	3
70	44	0	0.695067669	205897.923	209542.817	205897.923	215150.662	9252.73882	0	0	0	616069	0	0	3
71	44	0	0.704997208	205866.966	209390.283	205866.966	215150.662	9283.69642	0	0	0	617122	0	0	3
72	45	0	0.714926746	205831.916	209222.365	205831.916	215150.662	9318.74595	0	0	0	618192	0	0	3
73	45	0	0.724856284	205799.738	209044.425	205799.738	215150.662	9350.92431	0	0	0	619280	0	0	3
74	46	0	0.734785822	205769.467	208861.762	205769.467	215150.662	9381.19456	0	0	0	620384	0	0	3
75	46	0	0.74471536	205743.264	208677.303	205743.264	215139.466	9396.20241	0	0	0	621502	0	0	3
76	46	0	0.754644898	205716.079	208492.531	205716.079	214942.643	9226.56384	0	0	0	622626	0	0	3
77	47	0	0.764574436	205692.311	208311.151	205692.311	214817.493	9125.18143	0	0	0	623723	0	0	3
78	47	0	0.774503974	205670.238	208131.794	205670.238	214704.597	9034.35943	0	0	0	624748	0	0	3
79	48	0	0.784433513	205650.373	207954.26	205650.373	214574.043	8923.67031	0	0	0	625763	0	0	3
80	48	0	0.794363051	205633.848	207778.962	205633.848	214407.62	8773.77178	0	0	0	626759	0	0	3
81	49	0	0.804292589	205621.429	207606.684	205621.429	213978.703	8357.27396	0	0	0	627729	0	0	3
82	49	0	0.814222127	205603.281	207442.46	205603.281	213561.401	7958.12026	0	0	0	628676	0	0	3
83	49	0	0.824151665	205594.408	207286.244	205594.408	213105.156	7510.74796	0	0	0	629587	0	0	3
84	50	0	0.834081203	205569.231	207138.481	205569.231	212660.355	7091.12395	0	0	0	630456	0	0	3
85	50	0	0.844010741	205553.176	206999.124	205553.176	212262.2	6709.02451	0	0	0	631278	0	0	3
86	51	0	0.85394028	205531.53	206867.15	205531.53	211668.224	6136.69354	0	0	0	632044	0	0	3
87	51	0	0.863869818	205508.992	206746.381	205508.992	211175.366	5666.37454	0	0	0	632750	0	0	3
88	51	0	0.873799356	205476.367	206634.636	205476.367	210749.793	5273.42542	0	0	0	633403	0	0	3
89	52	0	0.883728894	205445.956	206530.639	205445.956	210274.669	4828.71318	0	0	0	634059	0	0	3
90	52	0	0.893658432	205416.356	206435.378	205416.356	209833.955	4417.59962	0	0	0	634537	0	0	3
91	53	0	0.90358797	205386.384	206348.171	205386.384	209300.958	3914.57401	0	0	0	635005	0	0	3
92	53	0	0.913517508	205350.838	206270.718	205350.838	208825.264	3474.42658	0	0	0	635420	0	0	3
93	54	0	0.923447046	205322.706	206202.04	205322.706	208455.654	3132.94828	0	0	0	635771	0	0	3
94	54	0	0.933376585	205296.204	206140.09	205296.204	208120.415	2824.21167	0	0	0	636065	0	0	3
95	54	0	0.943306123	205272.273	206084.244	205272.273	207811.848	2539.57503	0	0	0	636308	0	0	3
96	55	0	0.953235661	205251.385	206034.039	205251.385	207565.034	2313.64972	0	0	0	636500	0	0	3
97	55	0	0.963165199	205233.539	205988.323	205233.539	207365.626	2132.08727	0	0	0	636642	0	0	3
98	56	0	0.973094737	205219.533	205946.243	205219.533	207205.151	1985.61772	0	0	0	636738	0	0	3
99	56	0	0.983024275	205202.753	205906.98	205202.753	207075.634	1872.88176	0	0	0	636794	0	0	3
100	56	0	0.992953813	205187.937	205869.967	205187.937	206944.226	1756.28956	0	0	0	636799	0	0	3
101	57	0	1.00288335	205169.943	205835.177	205169.943	206861.546	1691.60261	2484.80823	0	0	636770	0	0	3
102	57	0	1.01281289	205151.406	205801.645	205151.406	206818.126	1666.72001	2484.80823	0	0	636721	0	0	3
103	58	0	1.02274243	205131.241	205768.568	205131.241	206733.286	1602.04511	2484.80823	0	0	636632	0	0	3
104	58	0	1.03267197	205109.314	205736.726	205109.314	206675.595	1566.28047	2484.80823	0	0	636516	0	0	3
105	59	0	1.0426015	205088.169	205705.6	205088.169	206623.814	1535.64469	2484.80823	0	0	636374	0	0	3
106	59	0	1.05253104	205065.016	205675.035	205065.016	206573.05	1508.03386	2484.80823	0	0	636207	0	0	3
107	60	0	1.06246058	205041.164	205644.998	205041.164	206520.018	1478.85381	2484.80823	0	0	636018	0	0	3
108	60	0	1.07239012	205016.369	205615.515	205016.369	206466.675	1450.3059	2484.80823	0	0	635812	0	0	3
109	61	0	1.08231966	204991.637	205586.593	204991.637	206417.469	1425.83158	2484.80823	0	0	636731	0	0	3
110	61	0	1.09224919	204966.685	205558.146	204966.685	206369.047	1402.36234	2484.80823	0	0	637559	0	0	3
111	62	0	1.10217873	204945.073	205530.225	204945.073	206321.508	1376.43469	2484.80823	0	0	638303	0	0	3
112	62	0	1.11210827	204920.517	205502.754	204920.517	206269.012	1348.49556	2484.80823	0	0	638963	0	0	3
113	63	0	1.12203781	204906.475	205476.038	204906.475	206218.227	1311.75197	2484.80823	0	0	639602	0	0	3
114	63	0	1.13196735	204886.667	205449.929	204886.667	206161.674	1275.00768	2484.80823	0	0	640130	0	0	3
115	63	0	1.14189689	204868.326	205424.569	204868.326	206103.561	1235.23509	2484.80823	0	0	640570	0	0	3
116	64	0	1.15182642	204856.606	205400.119	204856.606	206056.216	1199.60976	2484.80823	0	0	640945	0	0	3
117	64	0	1.16175596	204850.325	205376.474	204850.325	206012.308	1161.98361	2484.80823	0	0	641299	0	0	3
118	65	0	1.1716855	204840.599	205353.499	204840.599	205972.861	1132.26147	2484.80823	0	0	641556	0	0	3
119	65	0	1.18161504	204839.552	205331.278	204839.552	205933.68	1094.12824	2484.80823	0	0	641893	0	0	3
120	66	0	1.19154458	204835.451	205309.744	204835.451	205897.923	1062.47181	2484.80823	0	0	642287	0	0	3
121	66	0	1.20147411	204834.345	205288.889	204834.345	205866.966	1032.62048	2484.80823	0	0	642860	0	0	3
122	67	0	1.21140365	204828.283	205268.523	204828.283	205831.916	1003.63312	2484.80823	0	0	643460	0	0	3
123	67	0	1.22133319	204826.574	205248.81	204826.574	205799.738	973.16329	2484.80823	0	0	643994	0	0	3
124	68	0	1.23126273	204815.321	205229.508	204815.321	205769.467	954.146063	2484.80823	0	0	644544	0	0	3
125	68	0	1.24119227	204807.459	205210.645	204807.459	205743.264	935.804892	2484.80823	0	0	645128	0	0	3
126	69	0	1.2511218	204795.542	205192.063	204795.542	205716.079	920.536708	2484.80823	0	0	646032	0	0	3
127	69	0	1.26105134	204782.017	205173.748	204782.017	205692.311	910.294897	2484.80823	0	0	647043	0	0	3
128	70	0	1.27098088	204765.875	205155.582	204765.875	205670.238	904.3623	2484.80823	0	0	648628	0	0	3
129	70	0	1.28091042	204746.956	205137.479	204746.956	205650.373	903.417126	2484.80823	0	0	649938	0	0	3
130	70	0	1.29083996	204726.053	205119.355	204726.053	205633.848	907.795807	2484.80823	0	0	651015	0	0	3
131	71	0	1.3007695	204704.599	205101.134	204704.599	205621.429	916.830438	2484.80823	0	0	651988	0	0	3
132	71	0	1.31069903	204682.73	205082.728	204682.73	205603.281	920.550775	2484.80823	0	0	652759	0	0	3
133	72	0	1.32062857	204663.297	205064.297	204663.297	205594.408	931.111633	2484.80823	0	0	653349	0	0	3
134	72	0	1.33055811	204682.623	205046.419	204663.297	205569.231	905.934737	2484.80823	0	0	653856	0	0	3
135	73	0	1.34048765	204638.149	205028.162	204638.149	205553.176	915.026611	2484.80823	0	0	655238	0	0	3
136	73	0	1.35041719	204629.545	205010.052	204629.545	205531.53	901.985501	2484.80823	0	0	656893	0	0	3
137	74	0	1.36034672	204633.022	204992.434	204629.545	205508.992	879.446879	2484.80823	0	0	658320	0	0	3
138	74	0	1.37027626	204624.206	204975.086	204624.206	205476.367	852.161389	2484.80823	0	0	659483	0	0	3
139	75	0	1.3802058	204626.183	204958.415	204624.206	205445.956	821.750434	2484.80823	0	0	660396	0	0	3
140	75	0	1.39013534	204626.824	204942.354	204624.206	205416.356	792.150012	2484.80823	0	0	661076	0	0	3
141	76	0	1.40006488	204639.614	204927.124	204624.206	205386.384	762.178708	2484.80823	0	0	661539	0	0	3
142	76	0	1.40999442	204651.233	204912.709	204624.206	205350.838	726.631979	2484.80823	0	0	661786	0	0	3
143	76	0	1.41992395	204657.963	204899.123	204624.206	205322.706	698.500477	2484.80823	0	0	661890	0	0	3
144	77	0	1.42985349	204664.138	204886.21	204624.206	205296.204	671.997812	2484.80823	0	0	662351	0	0	3
145	77	0	1.43978303	204673.414	204873.998	204624.206	205272.273	648.067101	2484.80823	0	0	663393	0	0	3
146	78	0	1.44971257	204677.021	204862.327	204624.206	205251.385	627.179056	2484.80823	0	0	664694	0	0	3
147	78	0	1.45964211	204678.716	204851.098	204624.206	205233.539	609.333003	2484.80823	0	0	665278	0	0	3
148	79	0	1.46957164	204673.924	204840.125	204624.206	205219.533	595.327215	2484.80823	0	0	666462	0	0	3
149	79	0	1.47950118	204666.362	204829.279	204624.206	205202.753	578.546817	2484.80823	0	0	667045	0	0	3
150	80	0	1.48943072	204652.427	204818.488	204624.206	205187.937	563.731217	2484.80823	0	0	667964	0	0	3
151	80	0	1.49936026	204635.156	204807.649	204624.206	205169.943	545.737548	2484.80823	0	0	668378	0	0	3
152	81	0	1.5092898	204617.683	204796.821	204617.683	205151.406	533.723411	2484.80823	0	0	668948	0	0	3
153	81	0	1.51921933	204592.24	204785.856	204592.24	205131.241	539.001232	2484.80823	0	0	669071	0	0	3
154	82	0	1.52914887	204568.818	204774.829	204568.818	205109.314	540.49603	2484.80823	0	0	669298	0	0	3
155	82	0	1.53907841	204583.335	204764.515	204568.818	205088.169	519.3508	2484.80823	0	0	668834	0	0	3
156	83	0	1.54900795	204519.614	204753.367	204519.614	205065.016	545.40233	2484.80823	0	0	669611	0	0	3
157	83	0	1.55893749	204489.975	204742.092	204489.975	205041.164	551.188874	2484.80823	0	0	671063	0	0	3
158	84	0	1.56886703	204469.365	204730.88	204469.365	205016.369	547.004589	2484.80823	0	0	671699	0	0	3
159	84	0	1.57879656	204455.912	204719.891	204455.912	204991.637	535.724933	2484.80823	0	0	672441	0	0	3
160	85	0	1.5887261	204438.285	204709.041	204438.285	204966.685	528.39923	2484.80823	0	0	673004	0	0	3
161	85	0	1.59865564	204421.215	204698.345	204421.215	204945.073	523.858547	2484.80823	0	0	673246	0	0	3
162	86	0	1.60858518	204417.081	204687.992	204417.081	204920.517	503.435805	2484.80823	0	0	673610	0	0	3
163	86	0	1.61851472	204403.686	204677.858	204403.686	204906.475	502.788609	2484.80823	0	0	673912	0	0	3
164	87	0	1.62844425	204402.083	204667.968	204402.083	204886.667	484.583392	2484.80823	0	0	673817	0	0	3
165	87	0	1.63837379	204401.35	204658.452	204401.35	204868.326	466.975735	2484.80823	0	0	673420	0	0	3
166	87	0	1.64830333	204401.491	204649.299	204401.35	204856.606	455.255674	2484.80823	0	0	673263	0	0	3
167	88	0	1.65823287	204399.389	204640.334	204399.389	204850.325	450.93557	2484.80823	0	0	673357	0	0	3
168	88	0	1.66816241	204404.094	204631.584	204399.389	204840.599	441.210124	2484.80823	0	0	674358	0	0	3
169	89	0	1.67809194	204394.38	204622.835	204394.38	204839.552	445.171711	2484.80823	0	0	675735	0	0	3
170	89	0	1.68802148	204386.854	204613.958	204386.854	204835.451	448.597204	2484.80823	0	0	676257	0	0	3
171	90	0	1.69795102	204382.868	204605.084	204382.868	204834.345	451.47728	2484.80823	0	0	677314	0	0	3
172	90	0	1.70788056	204375.864	204596.094	204375.864	204828.283	452.419205	2484.80823	0	0	677441	0	0	3
173	91	0	1.7178101	204362.372	204586.959	204362.372	204826.574	464.202888	2484.80823	0	0	678269	0	0	3
174	91	0	1.72773964	204350.707	204577.628	204350.707	204815.321	464.614065	2484.80823	0	0	678119	0	0	3
175	92	0	1.73766917	204335.41	204568.218	204335.41	204807.459	472.048729	2484.80823	0	0	678589	0	0	3
176	92	0	1.74759871	204314.604	204558.554	204314.604	204795.542	480.93806	2484.80823	0	0	678187	0	0	3
177	93	0	1.75752825	204292.972	204548.7	204292.972	204782.017	489.044895	2484.80823	0	0	678445	0	0	3
178	93	0	1.76745779	204275.202	204538.762	204275.202	204765.875	490.673081	2484.80823	0	0	677874	0	0	3
179	94	0	1.77738733	204251.11	204528.669	204251.11	204746.956	495.8455	2484.80823	0	0	678834	0	0	3
180	94	0	1.78731686	204225.467	204518.444	204225.467	204726.053	500.585871	2484.80823	0	0	679537	0	0	3
181	94	0	1.7972464	204199.328	204508.116	204199.328	204704.599	505.270682	2484.80823	0	0	680428	0	0	3
182	95	0	1.80717594	204174.273	204497.717	204174.273	204682.73	508.457348	2484.80823	0	0	680521	0	0	3
183	95	0	1.81710548	204181.935	204487.898	204174.273	204682.623	508.349814	2484.80823	0	0	681151	0	0	3
184	96	0	1.82703502	204157.934	204477.989	204157.934	204682.623	524.688825	2484.80823	0	0	680947	0	0	3
185	96	0	1.83696455	204110.89	204466.778	204110.89	204678.716	561.384361	2484.80823	0	0	680757	0	0	3
186	97	0	1.84689409	204099.095	204456.208	204099.095	204678.716	553.843648	2484.80823	0	0	681109	0	0	3
187	97	0	1.85682363	204088.467	204445.599	204088.467	204678.716	546.83521	2484.80823	0	0	680891	0	0	3
188	98	0	1.86675317	204079.62	204434.748	204079.62	204678.716	540.337498	2484.80823	0	0	680425	0	0	3
189	98	0	1.87668271	204091.247	204424.298	204079.62	204678.716	534.117391	2484.80823	0	0	680803	0	0	3
190	99	0	1.88661225	204065.707	204413.308	204065.707	204678.716	529.045688	2484.80823	0	0	681942	0	0	3
191	99	0	1.89654178	204063.695	204402.266	204063.695	204678.716	524.857191	2484.80823	0	0	682761	0	0	3
192	100	0	1.90647132	204075.595	204391.207	204063.695	204678.716	521.501661	2484.80823	0	0	683303	0	0	3
193	100	0	1.91640086	204065.476	204379.722	204063.695	204678.716	519.401324	2484.80823	0	0	683477	0	0	3
194	100	0	1.9263304	204069.008	204368.174	204063.695	204678.716	518.036366	2484.80823	0	0	683367	0	0	3
195	101	0	1.93625994	204075.954	204356.641	204063.695	204678.716	517.357833	2484.80823	0	0	682847	0	0	3
196	101	0	1.94618947	204107.793	204345.55	204063.695	204678.716	516.776825	2484.80823	0	0	682134	0	0	3
197	102	0	1.95611901	204114.99	204334.53	204063.695	204678.716	516.568248	2484.80823	0	0	681504	0	0	3
198	102	0	1.96604855	204104.7	204323.275	204063.695	204673.924	516.850636	2484.80823	0	0	680979	0	0	3
199	103	0	1.97597809	204115.206	204312.319	204063.695	204666.362	516.959397	2484.80823	0	0	681454	0	0	3
200	103	0	1.98590763	204127.24	204301.748	204063.695	204652.427	516.739707	2484.80823	0	0	682754	0	0	3
201	104	0	1.99583716	204136.366	204291.629	204063.695	204635.156	516.01971	2484.80823	0	0	683586	0	0	3
202	104	0	2.0057667	204132.075	204281.765	204063.695	204617.683	515.055403	2484.80823	0	0	683817	0	0	3
203	105	0	2.01569624	204127.798	204272.16	204063.695	204592.24	513.696937	2484.80823	0	0	683512	0	0	3
204	105	0	2.02562578	204129.424	204263.085	204063.695	204583.335	511.743862	2484.80823	0	0	683448	0	0	3
205	106	0	2.03555532	204128.146	204254.444	204063.695	204583.335	510.071162	2484.80823	0	0	683598	0	0	3
206	106	0	2.04548486	204124.7	204245.451	204063.695	204519.614	455.918684	2484.80823	0	0	683263	0	0	3
207	107	0	2.05541439	204118.526	204237.587	204063.695	204489.975	426.280104	2484.80823	0	0	682736	0	0	3
208	107	0	2.06534393	204119.701	204230.327	204063.695	204469.365	405.669752	2484.80823	0	0	681978	0	0	3
209	108	0	2.07527347	204159.095	204224.243	204063.695	204455.912	392.217354	2484.80823	0	0	682318	0	0	3
210	108	0	2.08520301	204101.692	204217.297	204063.695	204438.285	374.590377	2484.80823	0	0	683102	0	0	3
211	108	0	2.09513255	204081.283	204210.297	204063.695	204421.215	357.519542	2484.80823	0	0	684136	0	0	3
212	109	0	2.10506208	204068.686	204203.385	204063.695	204417.081	353.386005	2484.80823	0	0	684474	0	0	3
213	109	0	2.11499162	204050.205	204196.191	204050.205	204404.094	353.88911	2484.80823	0	0	684595	0	0	3
214	110	0	2.12492116	204024.589	204188.758	204024.589	204404.094	379.505306	2484.80823	0	0	684384	0	0	3
215	110	0	2.1348507	203994.09	204180.758	203994.09	204404.094	410.00439	2484.80823	0	0	683905	0	0	3
216	111	0	2.14478024	203962.145	204172.146	203962.145	204404.094	441.949409	2484.80823	0	0	683262	0	0	3
217	111	0	2.15470978	203930.441	204162.91	203930.441	204404.094	473.653147	2484.80823	0	0	682356	0	0	3
218	112	0	2.16463931	203902.964	204153.176	203902.964	204404.094	478.407954	2484.80823	0	0	682071	0	0	3
219	112	0	2.17456885	203874.528	204142.793	203874.528	204394.38	480.042223	2484.80823	0	0	683008	0	0	3
220	113	0	2.18449839	203846.468	204132.049	203846.468	204386.854	481.909168	2484.80823	0	0	684107	0	0	3
221	113	0	2.19442793	203814.091	204120.818	203814.091	204382.868	484.265641	2484.80823	0	0	684756	0	0	3
222	113	0	2.20435747	203784.398	204109.084	203784.398	204375.864	487.010505	2484.80823	0	0	684885	0	0	3
223	114	0	2.214287	203754.444	204096.899	203754.444	204362.372	490.059692	2484.80823	0	0	684580	0	0	3
224	114	0	2.22421654	203725.168	204084.405	203725.168	204350.707	493.223154	2484.80823	0	0	683919	0	0	3
225	115	0	2.23414608	203697.363	204071.594	203697.363	204335.41	496.623809	2484.80823	0	0	683082	0	0	3
226	115	0	2.24407562	203672.957	204058.605	203672.957	204314.604	499.949272	2484.80823	0	0	683167	0	0	3
227	116	0	2.25400516	203650.052	204045.574	203650.052	204292.972	503.125376	2484.80823	0	0	682820	0	0	3
228	116	0	2.26393469	203627.158	204032.519	203627.158	204275.202	506.243017	2484.80823	0	0	682534	0	0	3
229	117	0	2.27386423	203607.341	204019.424	203607.341	204251.11	509.24489	2484.80823	0	0	683594	0	0	3
230	117	0	2.28379377	203590.522	204006.471	203590.522	204225.467	511.972323	2484.80823	0	0	684136	0	0	3
231	118	0	2.29372331	203576.021	203993.737	203576.021	204199.328	514.378617	2484.80823	0	0	684063	0	0	3
232	118	0	2.30365285	203562.914	203981.258	203562.914	204181.935	516.458777	2484.80823	0	0	684178	0	0	3
233	119	0	2.31358239	203552.682	203969.07	203552.682	204181.935	518.827301	2484.80823	0	0	684283	0	0	3
234	119	0	2.32351192	203546.43	203956.609	203546.43	204159.095	521.379094	2484.80823	0	0	684259	0	0	3
235	119	0	2.33344146	203574.501	203945.17	203546.43	204159.095	521.608511	2484.80823	0	0	684116	0	0	3
236	120	0	2.343371	203541.216	203934	203541.216	204159.095	522.208887	2484.80823	0	0	683723	0	0	3
237	120	0	2.35330054	203541.699	203923.07	203541.216	204159.095	522.528849	2484.80823	0	0	683270	0	0	3
238	121	0	2.36323008	203571.639	203912.936	203541.216	204159.095	521.811698	2484.80823	0	0	684072	0	0	3
239	121	0	2.37315961	203554.755	203902.645	203541.216	204159.095	521.652992	2484.80823	0	0	684443	0	0	3
240	122	0	2.38308915	203566.504	203892.356	203541.216	204159.095	520.952356	2484.80823	0	0	684972	0	0	3
241	122	0	2.39301869	203598.442	203883.194	203541.216	204159.095	519.072678	2484.80823	0	0	684921	0	0	3
242	123	0	2.40294823	203594.283	203873.99	203541.216	204159.095	517.217629	2484.80823	0	0	684693	0	0	3
243	123	0	2.41287777	203612.331	203864.906	203541.216	204159.095	514.815798	2484.80823	0	0	684357	0	0	3
244	124	0	2.4228073	203705.66	203857.851	203541.216	204159.095	510.32288	2484.80823	0	0	683959	0	0	3
245	124	0	2.43273684	203649.653	203849.628	203541.216	204159.095	507.012512	2484.80823	0	0	683275	0	0	3
246	124	0	2.44266638	203661.221	203841.496	203541.216	204159.095	504.05393	2484.80823	0	0	683928	0	0	3
247	125	0	2.45259592	203682.07	203833.149	203541.216	204159.095	501.381229	2484.80823	0	0	685016	0	0	3
248	125	0	2.46252546	203707.701	203825.162	203541.216	204159.095	498.112053	2484.80823	0	0	685540	0	0	3
249	126	0	2.472455	203721.691	203817.653	203541.216	204159.095	494.666767	2484.80823	0	0	685660	0	0	3
250	126	0	2.48238453	203735.827	203810.214	203541.216	204159.095	491.534553	2484.80823	0	0	685358	0	0	3
251	127	0	2.49231407	203788.968	203803.581	203541.216	204159.095	488.048498	2484.80823	0	0	684802	0	0	3
252	127	0	2.50224361	203797.937	203796.945	203541.216	204159.095	484.820025	2484.80823	0	0	683880	0	0	3
253	128	0	2.51217315	203769.106	203789.828	203541.216	204159.095	482.331493	2484.80823	0	0	683038	0	0	3
254	128	0	2.52210269	203780.576	203783.02	203541.216	204159.095	480.06494	2484.80823	0	0	683248	0	0	3
255	129	0	2.53203222	203871.322	203777.959	203541.216	204159.095	476.485143	2484.80823	0	0	684273	0	0	3
256	129	0	2.54196176	203875.512	203773.005	203541.216	204159.095	472.445926	2484.80823	0	0	684870	0	0	3
257	130	0	2.5518913	203810.365	203766.842	203541.216	204159.095	470.744908	2484.80823	0	0	685229	0	0	3
258	130	0	2.56182084	203809.436	203760.781	203541.216	204159.095	469.545233	2484.80823	0	0	684973	0	0	3
259	131	0	2.57175038	203822.044	203754.945	203541.216	204159.095	469.297932	2484.80823	0	0	684464	0	0	3
260	131	0	2.58167991	203998.337	203751.793	203541.216	204101.692	465.504551	2484.80823	0	0	683970	0	0	3
261	132	0	2.59160945	203835.315	203746.57	203541.216	204081.283	463.727588	2484.80823	0	0	683219	0	0	3
262	132	0	2.60153899	203809.101	203741.233	203541.216	204068.686	462.152161	2484.80823	0	0	683326	0	0	3
263	132	0	2.61146853	203800.227	203735.969	203541.216	204050.205	460.222415	2484.80823	0	0	684105	0	0	3
264	133	0	2.62139807	203790.61	203730.879	203541.216	204024.589	457.879252	2484.80823	0	0	685138	0	0	3
265	133	0	2.63132761	203778.747	203726.058	203541.216	203998.337	454.699817	2484.80823	0	0	685524	0	0	3
266	134	0	2.64125714	203759.931	203721.467	203541.216	203998.337	450.679305	2484.80823	0	0	685784	0	0	3
267	134	0	2.65118668	203735.382	203717.021	203541.216	203998.337	445.889355	2484.80823	0	0	685679	0	0	3
268	135	0	2.66111622	203707.813	203712.655	203541.216	203998.337	440.520798	2484.80823	0	0	685292	0	0	3
269	135	0	2.67104576	203679.303	203708.27	203541.216	203998.337	434.522643	2484.80823	0	0	684605	0	0	3
270	136	0	2.6809753	203650.055	203703.868	203541.216	203998.337	428.18071	2484.80823	0	0	683674	0	0	3
271	136	0	2.69090483	203624.59	203699.518	203541.216	203998.337	421.300612	2484.80823	0	0	684358	0	0	3
272	137	0	2.70083437	203599.628	203695.313	203541.216	203998.337	413.771063	2484.80823	0	0	684820	0	0	3
273	137	0	2.71076391	203570.967	203691.128	203541.216	203998.337	405.771277	2484.80823	0	0	685476	0	0	3
274	138	0	2.72069345	203538.003	203686.884	203538.003	203998.337	397.521031	2484.80823	0	0	685541	0	0	3
275	138	0	2.73062299	203503.5	203682.537	203503.5	203998.337	389.056785	2484.80823	0	0	685326	0	0	3
276	139	0	2.74055252	203469.821	203678.076	203469.821	203998.337	380.529118	2484.80823	0	0	684917	0	0	3
277	139	0	2.75048206	203435.056	203673.411	203435.056	203998.337	372.16342	2484.80823	0	0	684384	0	0	3
278	140	0	2.7604116	203400.654	203668.521	203400.654	203998.337	363.998405	2484.80823	0	0	683785	0	0	3
279	140	0	2.77034114	203366.016	203663.4	203366.016	203998.337	356.023528	2484.80823	0	0	683644	0	0	3
280	140	0	2.78027068	203329.315	203657.949	203329.315	203998.337	348.522329	2484.80823	0	0	684304	0	0	3
281	141	0	2.79020022	203293.552	203652.126	203293.552	203998.337	341.611046	2484.80823	0	0	684932	0	0	3
282	141	0	2.80012975	203259.079	203645.911	203259.079	203998.337	335.346884	2484.80823	0	0	685498	0	0	3
283	142	0	2.81005929	203228.969	203639.364	203228.969	203998.337	329.706781	2484.80823	0	0	685612	0	0	3
284	142	0	2.81998883	203199.963	203632.447	203199.963	203998.337	324.161975	2484.80823	0	0	685416	0	0	3
285	143	0	2.82991837	203176.561	203625.195	203176.561	203998.337	319.974443	2484.80823	0	0	685041	0	0	3
286	143	0	2.83984791	203153.113	203616.933	203153.113	203998.337	317.066872	2484.80823	0	0	684220	0	0	3
287	144	0	2.84977744	203133.635	203608.941	203133.635	203998.337	314.12933	2484.80823	0	0	683624	0	0	3
288	144	0	2.85970698	203117.242	203600.618	203117.242	203998.337	312.318136	2484.80823	0	0	684044	0	0	3
289	145	0	2.86963652	203104.077	203591.45	203104.077	203998.337	311.194563	2484.80823	0	0	684563	0	0	3
290	145	0	2.87956606	203094.695	203582.43	203094.695	203998.337	309.926257	2484.80823	0	0	685413	0	0	3
291	145	0	2.8894956	203088.911	203573.065	203088.911	203998.337	310.12876	2484.80823	0	0	685733	0	0	3
292	146	0	2.89942514	203086.927	203563.035	203086.927	203998.337	310.954322	2484.80823	0	0	685638	0	0	3
293	146	0	2.90935467	203088.543	203553.119	203086.927	203998.337	311.787189	2484.80823	0	0	685440	0	0	3
294	147	0	2.91928421	203093.092	203542.938	203086.927	203998.337	314.913117	2484.80823	0	0	684676	0	0	3
295	147	0	2.92921375	203101.361	203531.089	203086.927	203998.337	318.539452	2484.80823	0	0	684037	0	0	3
296	148	0	2.93914329	203151.956	203521.33	203086.927	203998.337	320.166199	2484.80823	0	0	684199	0	0	3
297	148	0	2.94907283	203126.098	203510.837	203086.927	203998.337	322.311287	2484.80823	0	0	685096	0	0	3
298	149	0	2.95900236	203141.164	203500.231	203086.927	203998.337	324.931233	2484.80823	0	0	685913	0	0	3
299	149	0	2.9689319	203190.689	203490.094	203086.927	203998.337	327.558755	2484.80823	0	0	686248	0	0	3
300	150	0	2.97886144	203182.244	203479.516	203086.927	203998.337	330.697355	2484.80823	0	0	686131	0	0	3
301	150	0	2.98879098	203200.797	203469.026	203086.927	203998.337	334.555364	2484.80823	0	0	685640	0	0	3
302	151	0	2.99872052	203241.486	203458.291	203086.927	203998.337	338.654451	2484.80823	0	0	685012	0	0	3
303	152	0	3.00865005	203248.811	203447.523	203086.927	203998.337	342.30458	2484.80823	0	0	684473	0	0	3
