Iteration	CPUTime	PhysTime	Travels	Value	AvValue	MinValue	MaxValue	Delta	Criteria	Progress	dGMaxMin	CriteriaType	CriteriaVarType	CriteriaPercentage
1	14	0	0.00992953813	0.000304209517	0.000304209517	0.000304209517	0.000304209517	0	0	0	0	0	0	0	3
2	15	0	0.0198590763	0.000911305326	0.000607757422	0.000304209517	0.000911305326	0.000303547905	0	0	0	0	0	0	3
3	15	0	0.0297886144	-0.000939236823	9.20926736e-05	-0.000939236823	0.000911305326	0.000515664748	0	0	0	0	0	0	3
4	16	0	0.0397181525	-9.10784596e-05	4.62998903e-05	-0.000939236823	0.000911305326	0.000561457532	0	0	0	0	0	0	3
5	17	0	0.0496476907	0.000452228409	0.000127485594	-0.000939236823	0.000911305326	0.000561457532	0	0	0	0	0	0	3
6	17	0	0.0595772288	0.000446038685	0.000180577776	-0.000939236823	0.000911305326	0.000561457532	0	0	0	0	0	0	3
7	17	0	0.0695067669	9.68734322e-05	0.000168620012	-0.000939236823	0.000911305326	0.000561457532	0	0	0	0	0	0	3
8	18	0	0.0794363051	1.13540064e-05	0.000148961762	-0.000939236823	0.000911305326	0.000561457532	0	0	0	0	0	0	3
9	18	0	0.0893658432	2.34675091e-06	0.000132671205	-0.000939236823	0.000911305326	0.000561457532	0	0	0	0	0	0	3
10	19	0	0.0992953813	2.19138615e-06	0.000119623223	-0.000939236823	0.000911305326	0.000561457532	0	0	0	0	0	0	3
11	19	0	0.109224919	-3.70073237e-05	0.000105384082	-0.000939236823	0.000911305326	0.000561457532	0	0	0	0	0	0	3
12	20	0	0.119154458	1.58617991e-05	9.79238922e-05	-0.000939236823	0.000911305326	0.000561457532	0	0	0	0	0	0	3
13	20	0	0.129083996	6.84982942e-06	9.0918195e-05	-0.000939236823	0.000911305326	0.000561457532	0	0	0	0	0	0	3
14	21	0	0.139013534	6.18520178e-06	8.48658384e-05	-0.000939236823	0.000911305326	0.000561457532	0	0	0	0	0	0	3
15	21	0	0.148943072	2.96647193e-06	7.94058806e-05	-0.000939236823	0.000911305326	0.000561457532	0	0	0	0	0	0	3
16	21	0	0.15887261	1.34949996e-06	7.45273568e-05	-0.000939236823	0.000911305326	0.000561457532	0	0	0	0	0	0	3
17	22	0	0.168802148	1.27863307e-06	7.02186084e-05	-0.000939236823	0.000911305326	0.000561457532	0	0	0	0	0	0	3
18	22	0	0.178731686	2.45243366e-06	6.64538209e-05	-0.000939236823	0.000911305326	0.000561457532	0	0	0	0	0	0	3
19	23	0	0.188661225	4.8768606e-06	6.32129282e-05	-0.000939236823	0.000911305326	0.000561457532	0	0	0	0	0	0	3
20	23	0	0.198590763	9.09339659e-06	6.05069516e-05	-0.000939236823	0.000911305326	0.000561457532	0	0	0	0	0	0	3
21	24	0	0.208520301	7.93684101e-06	5.8003613e-05	-0.000939236823	0.000911305326	0.000561457532	0	0	0	0	0	0	3
22	24	0	0.218449839	9.92881991e-06	5.58183952e-05	-0.000939236823	0.000911305326	0.000561457532	0	0	0	0	0	0	3
23	24	0	0.228379377	1.33689265e-05	5.39727661e-05	-0.000939236823	0.000911305326	0.000561457532	0	0	0	0	0	0	3
24	25	0	0.238308915	1.2684163e-05	5.22524076e-05	-0.000939236823	0.000911305326	0.000561457532	0	0	0	0	0	0	3
25	25	0	0.248238453	3.95163489e-06	5.03203767e-05	-0.000939236823	0.000911305326	0.000561457532	0	0	0	0	0	0	3
26	26	0	0.258167991	-1.10219724e-05	4.79610556e-05	-0.000939236823	0.000911305326	0.000561457532	0	0	0	0	0	0	3
27	26	0	0.26809753	-4.54005486e-05	4.45032184e-05	-0.000939236823	0.000911305326	0.000563254203	0	0	0	0	0	0	3
28	26	0	0.278027068	-9.64086048e-05	3.94706533e-05	-0.000939236823	0.000911305326	0.000568286769	0	0	0	0	0	0	3
29	27	0	0.287956606	-0.000157541487	3.26771312e-05	-0.000939236823	0.000911305326	0.000575080291	0	0	0	0	0	0	3
30	27	0	0.297886144	-0.000225394806	2.40747333e-05	-0.000939236823	0.000911305326	0.000583682688	0	0	0	0	0	0	3
31	28	0	0.307815682	-0.000264655836	1.4760844e-05	-0.000939236823	0.000911305326	0.000592996578	0	0	0	0	0	0	3
32	28	0	0.31774522	-0.000348021261	3.42390322e-06	-0.000939236823	0.000911305326	0.000604333519	0	0	0	0	0	0	3
33	29	0	0.327674758	-0.000431182899	-9.74599987e-06	-0.000939236823	0.000911305326	0.000617503422	0	0	0	0	0	0	3
34	29	0	0.337604297	-0.000512852953	-2.45432632e-05	-0.000939236823	0.000911305326	0.000632300685	0	0	0	0	0	0	3
35	29	0	0.347533835	-0.000593254969	-4.07921691e-05	-0.000939236823	0.000911305326	0.000648549591	0	0	0	0	0	0	3
36	30	0	0.357463373	-0.000625363406	-5.7030259e-05	-0.000939236823	0.000911305326	0.000664787681	0	0	0	0	0	0	3
37	30	0	0.367392911	-0.000689627301	-7.41274763e-05	-0.000939236823	0.000911305326	0.000681884898	0	0	0	0	0	0	3
38	31	0	0.377322449	-0.00074450124	-9.17688912e-05	-0.000939236823	0.000911305326	0.000699526313	0	0	0	0	0	0	3
39	31	0	0.387251987	-0.000797639512	-0.000109868138	-0.000939236823	0.000911305326	0.00071762556	0	0	0	0	0	0	3
40	31	0	0.397181525	-0.000843390982	-0.000128206209	-0.000939236823	0.000911305326	0.000735963631	0	0	0	0	0	0	3
41	32	0	0.407111063	-0.000857420307	-0.000145991919	-0.000939236823	0.000911305326	0.000753749341	0	0	0	0	0	0	3
42	32	0	0.417040602	-0.000893938633	-0.000163800174	-0.000939236823	0.000911305326	0.000771557596	0	0	0	0	0	0	3
43	33	0	0.42697014	-0.000923275905	-0.0001814624	-0.000939236823	0.000911305326	0.000789219822	0	0	0	0	0	0	3
44	33	0	0.436899678	-0.00095651495	-0.000199077231	-0.00095651495	0.000911305326	0.000806834653	0	0	0	0	0	0	3
45	33	0	0.446829216	-0.000990214893	-0.000216658068	-0.000990214893	0.000911305326	0.00082441549	0	0	0	0	0	0	3
46	34	0	0.456758754	-0.0010195262	-0.000234111723	-0.0010195262	0.000911305326	0.000841869145	0	0	0	0	0	0	3
47	34	0	0.466688292	-0.00104341607	-0.000251330964	-0.00104341607	0.000911305326	0.000859088386	0	0	0	0	0	0	3
48	35	0	0.47661783	-0.00106204706	-0.000268220883	-0.00106204706	0.000911305326	0.000875978305	0	0	0	0	0	0	3
49	35	0	0.486547369	-0.00108038344	-0.000284795629	-0.00108038344	0.000911305326	0.000892553051	0	0	0	0	0	0	3
50	36	0	0.496476907	-0.00109277858	-0.000300955288	-0.00109277858	0.000911305326	0.00090871271	0	0	0	0	0	0	3
51	36	0	0.506406445	-0.0011038681	-0.000316698676	-0.0011038681	0.000911305326	0.000924456098	0	0	0	0	0	0	3
52	36	0	0.516335983	-0.00110782766	-0.00034438568	-0.00110782766	0.000911305326	0.000952143102	0	0	0	0	0	0	3
53	37	0	0.526265521	-0.00111075681	-0.000384033957	-0.00111075681	0.000452228409	0.000564611733	0	0	0	0	0	0	3
54	37	0	0.536195059	-0.00110355022	-0.000387255788	-0.00111075681	0.000452228409	0.000567833564	0	0	0	0	0	0	3
55	38	0	0.546124597	-0.00109516733	-0.000406943805	-0.00111075681	0.000452228409	0.000587521581	0	0	0	0	0	0	3
56	38	0	0.556054135	-0.00107968478	-0.000436981319	-0.00111075681	0.000446038685	0.000617559095	0	0	0	0	0	0	3
57	38	0	0.565983674	-0.00106093696	-0.000466529861	-0.00111075681	9.68734322e-05	0.000635149873	0	0	0	0	0	0	3
58	39	0	0.575913212	-0.00103737485	-0.000488770023	-0.00111075681	1.58617991e-05	0.000637731785	0	0	0	0	0	0	3
59	39	0	0.58584275	-0.00101000278	-0.000508796627	-0.00111075681	1.58617991e-05	0.000641467832	0	0	0	0	0	0	3
60	40	0	0.595772288	-0.000978689114	-0.000528032624	-0.00111075681	1.58617991e-05	0.000647655847	0	0	0	0	0	0	3
61	40	0	0.605701826	-0.000946358407	-0.00054663164	-0.00111075681	1.58617991e-05	0.000652015722	0	0	0	0	0	0	3
62	41	0	0.615631364	-0.000912523044	-0.000563798615	-0.00111075681	1.58617991e-05	0.000661722507	0	0	0	0	0	0	3
63	41	0	0.625560902	-0.000874073897	-0.000581248334	-0.00111075681	1.33689265e-05	0.000672166529	0	0	0	0	0	0	3
64	41	0	0.635490441	-0.000833759039	-0.000597730861	-0.00111075681	1.33689265e-05	0.0006825967	0	0	0	0	0	0	3
65	42	0	0.645419979	-0.000793929912	-0.000613419393	-0.00111075681	1.33689265e-05	0.000692825273	0	0	0	0	0	0	3
66	42	0	0.655349517	-0.00075443087	-0.000628270321	-0.00111075681	1.33689265e-05	0.000702797678	0	0	0	0	0	0	3
67	43	0	0.665279055	-0.000714677445	-0.000642310065	-0.00111075681	1.33689265e-05	0.000712528673	0	0	0	0	0	0	3
68	43	0	0.675208593	-0.000675540443	-0.000655581027	-0.00111075681	1.33689265e-05	0.000722034848	0	0	0	0	0	0	3
69	43	0	0.685138131	-0.000637692229	-0.000668132884	-0.00111075681	1.33689265e-05	0.000731345812	0	0	0	0	0	0	3
70	44	0	0.695067669	-0.000602327274	-0.000680038847	-0.00111075681	1.33689265e-05	0.000740545799	0	0	0	0	0	0	3
71	44	0	0.704997208	-0.000569089459	-0.000691375766	-0.00111075681	1.33689265e-05	0.000749379379	0	0	0	0	0	0	3
72	45	0	0.714926746	-0.000538585024	-0.000702091881	-0.00111075681	1.33689265e-05	0.000757910276	0	0	0	0	0	0	3
73	45	0	0.724856284	-0.000511297482	-0.000712312004	-0.00111075681	1.33689265e-05	0.00076628477	0	0	0	0	0	0	3
74	46	0	0.734785822	-0.000486856224	-0.000722120341	-0.00111075681	1.2684163e-05	0.000774372748	0	0	0	0	0	0	3
75	46	0	0.74471536	-0.000465487078	-0.000731496247	-0.00111075681	3.95163489e-06	0.000781816624	0	0	0	0	0	0	3
76	46	0	0.754644898	-0.00044684076	-0.000740335314	-0.00111075681	-1.10219724e-05	0.000788296369	0	0	0	0	0	0	3
77	47	0	0.764574436	-0.000430928295	-0.000748568771	-0.00111075681	-4.54005486e-05	0.000793071989	0	0	0	0	0	0	3
78	47	0	0.774503974	-0.000417814904	-0.000755871013	-0.00111075681	-9.64086048e-05	0.000795341667	0	0	0	0	0	0	3
79	48	0	0.784433513	-0.000407923114	-0.000761979141	-0.00111075681	-0.000157541487	0.000794656272	0	0	0	0	0	0	3
80	48	0	0.794363051	-0.000400842867	-0.000766749756	-0.00111075681	-0.000225394806	0.00079082449	0	0	0	0	0	0	3
81	49	0	0.804292589	-0.000396965737	-0.000770113892	-0.00111075681	-0.000264655836	0.000784874736	0	0	0	0	0	0	3
82	49	0	0.814222127	-0.000394892613	-0.000772667554	-0.00111075681	-0.000348021261	0.000762735548	0	0	0	0	0	0	3
83	49	0	0.824151665	-0.000396490681	-0.000773617935	-0.00111075681	-0.000394892613	0.000715864195	0	0	0	0	0	0	3
84	50	0	0.834081203	-0.000399191363	-0.00077299065	-0.00111075681	-0.000394892613	0.000715864195	0	0	0	0	0	0	3
85	50	0	0.844010741	-0.00040348399	-0.000770846161	-0.00111075681	-0.000394892613	0.000715864195	0	0	0	0	0	0	3
86	51	0	0.85394028	-0.000409128361	-0.000767235835	-0.00111075681	-0.000394892613	0.000715864195	0	0	0	0	0	0	3
87	51	0	0.863869818	-0.000416417743	-0.000763138861	-0.00111075681	-0.000394892613	0.000699490459	0	0	0	0	0	0	3
88	51	0	0.873799356	-0.000424700388	-0.000757944216	-0.00111075681	-0.000394892613	0.000681849044	0	0	0	0	0	0	3
89	52	0	0.883728894	-0.000433369593	-0.000751843595	-0.00111075681	-0.000394892613	0.000663749797	0	0	0	0	0	0	3
90	52	0	0.893658432	-0.000441569234	-0.000744861825	-0.00111075681	-0.000394892613	0.000645411726	0	0	0	0	0	0	3
91	53	0	0.90358797	-0.000448652732	-0.00073712186	-0.00111075681	-0.000394892613	0.000627626017	0	0	0	0	0	0	3
92	53	0	0.913517508	-0.000455244421	-0.000729236058	-0.00111075681	-0.000394892613	0.000609817761	0	0	0	0	0	0	3
93	54	0	0.923447046	-0.000460513894	-0.000720737534	-0.00111075681	-0.000394892613	0.000592155535	0	0	0	0	0	0	3
94	54	0	0.933376585	-0.000464015754	-0.000711732433	-0.00111075681	-0.000394892613	0.000574540704	0	0	0	0	0	0	3
95	54	0	0.943306123	-0.000466126754	-0.000702116978	-0.00111075681	-0.000394892613	0.000556959868	0	0	0	0	0	0	3
96	55	0	0.953235661	-0.000468529141	-0.000691887845	-0.00111075681	-0.000394892613	0.000539506213	0	0	0	0	0	0	3
97	55	0	0.963165199	-0.000471013857	-0.000681132702	-0.00111075681	-0.000394892613	0.000522286971	0	0	0	0	0	0	3
98	56	0	0.973094737	-0.000473419923	-0.000669956307	-0.00111075681	-0.000394892613	0.000505397053	0	0	0	0	0	0	3
99	56	0	0.983024275	-0.000475617762	-0.000658457693	-0.00111075681	-0.000394892613	0.000488822306	0	0	0	0	0	0	3
100	56	0	0.992953813	-0.000477445191	-0.000646635374	-0.00111075681	-0.000394892613	0.000472662647	0	0	0	0	0	0	3
101	57	0	1.00288335	-0.000479130341	-0.000634603056	-0.00111075681	-0.000394892613	0.000456919259	0.000154825063	0	0	0	0	0	3
102	57	0	1.01281289	-0.000480615855	-0.000622382424	-0.00111075681	-0.000394892613	0.000429232256	0.000154736239	0	0	0	0	0	3
103	58	0	1.02274243	-0.000481600199	-0.000610103454	-0.00111075681	-0.000394892613	0.000389583978	0.000154639894	0	0	0	0	0	3
104	58	0	1.03267197	-0.000481912253	-0.000597773168	-0.00110355022	-0.000394892613	0.000386362147	0.000154552737	0	0	0	0	0	3
105	59	0	1.0426015	-0.000482209669	-0.00058559002	-0.00109516733	-0.000394892613	0.00036667413	0.000154474972	0	0	0	0	0	3
106	59	0	1.05253104	-0.000482018047	-0.000573567485	-0.00107968478	-0.000394892613	0.000336636616	0.000143433669	0	0	0	0	0	3
107	60	0	1.06246058	-0.000481928591	-0.000561846776	-0.00106093696	-0.000394892613	0.000307088074	0.00014340988	0	0	0	0	0	3
108	60	0	1.07239012	-0.000481563011	-0.000550486502	-0.00103737485	-0.000394892613	0.000284847912	0.000143413591	0	0	0	0	0	3
109	61	0	1.08231966	-0.000481086722	-0.000539578892	-0.00101000278	-0.000394892613	0.000264821308	0.00014346825	0	0	0	0	0	3
110	61	0	1.09224919	-0.000480618027	-0.000529198799	-0.000978689114	-0.000394892613	0.000245585311	0.000143507045	0	0	0	0	0	3
111	62	0	1.10217873	-0.000479104251	-0.000519403017	-0.000946358407	-0.000394892613	0.000254214918	0.000143604691	0	0	0	0	0	3
112	62	0	1.11210827	-0.000477916209	-0.000510217876	-0.000912523044	-0.000394892613	0.000263400059	0.000143712985	0	0	0	0	0	3
113	63	0	1.12203781	-0.00047490955	-0.000501637219	-0.000874073897	-0.000394892613	0.000271980716	0.00014915005	0	0	0	0	0	3
114	63	0	1.13196735	-0.000471091881	-0.000493735611	-0.000833759039	-0.000394892613	0.000279882324	0.000149295229	0	0	0	0	0	3
115	63	0	1.14189689	-0.000466100232	-0.000486526615	-0.000793929912	-0.000394892613	0.000287091321	0.000149453613	0	0	0	0	0	3
116	64	0	1.15182642	-0.000460805232	-0.000479994758	-0.00075443087	-0.000394892613	0.000293623177	0.0001442924	0	0	0	0	0	3
117	64	0	1.16175596	-0.000453763657	-0.000474099323	-0.000714677445	-0.000394892613	0.000299518613	0.000155489208	0	0	0	0	0	3
118	65	0	1.1716855	-0.000446409127	-0.00046883916	-0.000675540443	-0.000394892613	0.00028064783	0.000155570383	0	0	0	0	0	3
119	65	0	1.18161504	-0.000439102855	-0.000464203128	-0.000637692229	-0.000394892613	0.000242799616	0.0001556513	0	0	0	0	0	3
120	66	0	1.19154458	-0.000431055683	-0.000460151432	-0.000602327274	-0.000394892613	0.000207434661	0.00015566605	0	0	0	0	0	3
121	66	0	1.20147411	-0.00042340206	-0.000456643094	-0.000569089459	-0.000394892613	0.000174196846	0.000155632992	0	0	0	0	0	3
122	67	0	1.21140365	-0.000415518891	-0.000453631906	-0.000538585024	-0.000394892613	0.000143692411	0.000155553984	0	0	0	0	0	3
123	67	0	1.22133319	-0.000408019661	-0.000451071801	-0.000511297482	-0.000394892613	0.000116404869	0.000155448758	0	0	0	0	0	3
124	68	0	1.23126273	-0.000400885113	-0.000448906853	-0.000486856224	-0.000394892613	9.19636114e-05	0.000144277725	0	0	0	0	0	3
125	68	0	1.24119227	-0.000393914413	-0.000447084464	-0.000482209669	-0.000393914413	8.82952557e-05	0.000144188607	0	0	0	0	0	3
126	69	0	1.2511218	-0.000387776275	-0.000445560723	-0.000482209669	-0.000387776275	9.4433394e-05	0.000144041712	0	0	0	0	0	3
127	69	0	1.26105134	-0.000382350329	-0.000444296205	-0.000482209669	-0.000382350329	9.98593402e-05	0.000143930327	0	0	0	0	0	3
128	70	0	1.27098088	-0.000377331317	-0.000443245284	-0.000482209669	-0.000377331317	0.000104878352	0.000143839588	0	0	0	0	0	3
129	70	0	1.28091042	-0.000373182107	-0.000442370131	-0.000482209669	-0.000373182107	0.000109027562	0.000143769815	0	0	0	0	0	3
130	70	0	1.29083996	-0.000369291946	-0.000441612657	-0.000482209669	-0.000369291946	0.000112917723	0.000143732786	0	0	0	0	0	3
131	71	0	1.3007695	-0.000366345151	-0.000440936231	-0.000482209669	-0.000366345151	0.000115864518	0.000143723752	0	0	0	0	0	3
132	71	0	1.31069903	-0.000363554428	-0.000440281107	-0.000482209669	-0.000363554428	0.000118655241	0.000143779038	0	0	0	0	0	3
133	72	0	1.32062857	-0.000361659209	-0.000439629472	-0.000482209669	-0.000361659209	0.00012055046	0.000143809459	0	0	0	0	0	3
134	72	0	1.33055811	-0.000360027125	-0.0004389145	-0.000482209669	-0.000360027125	0.000122182544	0.000149198106	0	0	0	0	0	3
135	73	0	1.34048765	-0.000360082321	-0.000438147656	-0.000482209669	-0.000360027125	0.000122182544	0.000144045234	0	0	0	0	0	3
136	73	0	1.35041719	-0.000357971545	-0.000437255256	-0.000482209669	-0.000357971545	0.000124238124	0.000144173911	0	0	0	0	0	3
137	74	0	1.36034672	-0.000357469976	-0.000436242346	-0.000482209669	-0.000357469976	0.000124739693	0.000155331037	0	0	0	0	0	3
138	74	0	1.37027626	-0.000356023238	-0.00043505814	-0.000482209669	-0.000356023238	0.000126186431	0.000144431842	0	0	0	0	0	3
139	75	0	1.3802058	-0.000354801776	-0.000433687579	-0.000482209669	-0.000354801776	0.000127407893	0.000155642828	0	0	0	0	0	3
140	75	0	1.39013534	-0.000353609234	-0.00043212365	-0.000482209669	-0.000353609234	0.000128600435	0.000144662797	0	0	0	0	0	3
141	76	0	1.40006488	-0.000352618579	-0.00043037952	-0.000482209669	-0.000352618579	0.00012959109	0.000144743832	0	0	0	0	0	3
142	76	0	1.40999442	-0.000351027905	-0.000428465308	-0.000482209669	-0.000351027905	0.000131181765	0.000144803796	0	0	0	0	0	3
143	76	0	1.41992395	-0.000349804618	-0.000426397861	-0.000482209669	-0.000349804618	0.000132405052	0.000144808535	0	0	0	0	0	3
144	77	0	1.42985349	-0.000350122942	-0.000424233332	-0.000482209669	-0.000349804618	0.000132405052	0.00015585533	0	0	0	0	0	3
145	77	0	1.43978303	-0.000350537818	-0.000422008274	-0.000482209669	-0.000349804618	0.000132405052	0.000155717586	0	0	0	0	0	3
146	78	0	1.44971257	-0.000352103248	-0.000419772519	-0.000482209669	-0.000349804618	0.000132405052	0.000144535735	0	0	0	0	0	3
147	78	0	1.45964211	-0.000354400562	-0.000417534704	-0.000482209669	-0.000349804618	0.000132405052	0.000144333724	0	0	0	0	0	3
148	79	0	1.46957164	-0.000358137834	-0.000415321449	-0.000482209669	-0.000349804618	0.000132405052	0.000144132024	0	0	0	0	0	3
149	79	0	1.47950118	-0.00036335819	-0.000413163376	-0.000482209669	-0.000349804618	0.000132405052	0.000143916784	0	0	0	0	0	3
150	80	0	1.48943072	-0.000369876785	-0.000411090023	-0.000482209669	-0.000349804618	0.000132405052	0.000143712832	0	0	0	0	0	3
151	80	0	1.49936026	-0.000377248664	-0.000409125385	-0.000482209669	-0.000349804618	0.000132405052	0.000143534684	0	0	0	0	0	3
152	81	0	1.5092898	-0.000386152818	-0.000407302297	-0.000482209669	-0.000349804618	0.000132405052	0.000143376336	0	0	0	0	0	3
153	81	0	1.51921933	-0.000395816005	-0.000405639555	-0.000482209669	-0.000349804618	0.000132405052	0.000143296656	0	0	0	0	0	3
154	82	0	1.52914887	-0.000406663171	-0.000404170201	-0.000482209669	-0.000349804618	0.000132405052	0.000143191506	0	0	0	0	0	3
155	82	0	1.53907841	-0.00041777154	-0.00040291254	-0.000482209669	-0.000349804618	0.000132405052	0.000148448516	0	0	0	0	0	3
156	83	0	1.54900795	-0.000429528766	-0.000401879581	-0.000482018047	-0.000349804618	0.00013221343	0.00014324232	0	0	0	0	0	3
157	83	0	1.55893749	-0.000439796276	-0.000401051703	-0.000481928591	-0.000349804618	0.000132123974	0.000143309232	0	0	0	0	0	3
158	84	0	1.56886703	-0.000450999457	-0.00040044525	-0.000481563011	-0.000349804618	0.000131758393	0.000143379171	0	0	0	0	0	3
159	84	0	1.57879656	-0.000461114989	-0.000400044308	-0.000481086722	-0.000349804618	0.000131282104	0.000148778037	0	0	0	0	0	3
160	85	0	1.5887261	-0.000469985854	-0.000399826644	-0.000480618027	-0.000349804618	0.000129372155	0.000148964021	0	0	0	0	0	3
161	85	0	1.59865564	-0.000477535642	-0.000399766205	-0.000479104251	-0.000349804618	0.000119636812	0.000143813618	0	0	0	0	0	3
162	86	0	1.60858518	-0.000484191401	-0.000399865953	-0.000484191401	-0.000349804618	0.000110451671	0.000154994365	0	0	0	0	0	3
163	86	0	1.61851472	-0.000488821395	-0.00040007978	-0.000488821395	-0.000349804618	0.000101871014	0.000144142875	0	0	0	0	0	3
164	87	0	1.62844425	-0.000491717958	-0.000400409357	-0.000491717958	-0.000349804618	9.3969406e-05	0.000144286836	0	0	0	0	0	3
165	87	0	1.63837379	-0.000492294562	-0.000400825096	-0.000492294562	-0.000349804618	8.67604097e-05	0.00014439559	0	0	0	0	0	3
166	87	0	1.64830333	-0.000491209745	-0.000401317439	-0.000492294562	-0.000349804618	8.02285533e-05	0.000144531933	0	0	0	0	0	3
167	88	0	1.65823287	-0.000488141601	-0.000401853446	-0.000492294562	-0.000349804618	7.43331177e-05	0.000144606686	0	0	0	0	0	3
168	88	0	1.66816241	-0.000484431124	-0.000402454769	-0.000492294562	-0.000349804618	6.90729546e-05	0.000144617965	0	0	0	0	0	3
169	89	0	1.67809194	-0.000478391633	-0.000403081877	-0.000492294562	-0.000349804618	6.44369235e-05	0.000144610849	0	0	0	0	0	3
170	89	0	1.68802148	-0.000473381463	-0.000403754007	-0.000492294562	-0.000349804618	6.03852265e-05	0.000144561657	0	0	0	0	0	3
171	90	0	1.69795102	-0.000467192982	-0.000404462581	-0.000492294562	-0.000349804618	5.6876889e-05	0.000144456594	0	0	0	0	0	3
172	90	0	1.70788056	-0.00046005459	-0.000405181258	-0.000492294562	-0.000349804618	5.38657014e-05	0.00014432976	0	0	0	0	0	3
173	91	0	1.7178101	-0.00045259703	-0.000405908281	-0.000492294562	-0.000349804618	5.13055962e-05	0.000144197964	0	0	0	0	0	3
174	91	0	1.72773964	-0.000445851055	-0.000406650073	-0.000492294562	-0.000349804618	4.91406478e-05	0.000144074929	0	0	0	0	0	3
175	92	0	1.73766917	-0.000439351269	-0.000407404311	-0.000492294562	-0.000349804618	4.73182594e-05	0.000143909792	0	0	0	0	0	3
176	92	0	1.74759871	-0.000433072291	-0.000408172113	-0.000492294562	-0.000349804618	4.57945181e-05	0.000143785388	0	0	0	0	0	3
177	93	0	1.75752825	-0.000428405501	-0.000408968764	-0.000492294562	-0.000349804618	4.45299999e-05	0.000143659914	0	0	0	0	0	3
178	93	0	1.76745779	-0.000424210772	-0.000409789557	-0.000492294562	-0.000349804618	4.34790788e-05	0.000143563661	0	0	0	0	0	3
179	94	0	1.77738733	-0.000421007501	-0.000410645953	-0.000492294562	-0.000349804618	4.26039259e-05	0.000143497341	0	0	0	0	0	3
180	94	0	1.78731686	-0.000418696471	-0.000411538391	-0.000492294562	-0.000349804618	4.1846452e-05	0.00014345277	0	0	0	0	0	3
181	94	0	1.7972464	-0.00041800355	-0.000412493521	-0.000492294562	-0.000349804618	4.11700262e-05	0.000143450474	0	0	0	0	0	3
182	95	0	1.80717594	-0.000418016474	-0.000413506684	-0.000492294562	-0.000349804618	4.05149025e-05	0.000143424816	0	0	0	0	0	3
183	95	0	1.81710548	-0.000419105969	-0.00041459593	-0.000492294562	-0.000349804618	3.98632671e-05	0.000146048652	0	0	0	0	0	3
184	96	0	1.82703502	-0.000420942136	-0.00041575834	-0.000492294562	-0.000349804618	3.91482954e-05	0.000146139859	0	0	0	0	0	3
185	96	0	1.83696455	-0.000422778974	-0.000416988769	-0.000492294562	-0.000349804618	3.83814515e-05	0.000143660443	0	0	0	0	0	3
186	97	0	1.84689409	-0.000424877802	-0.000418259268	-0.000492294562	-0.000349804618	3.74890506e-05	0.000143766347	0	0	0	0	0	3
187	97	0	1.85682363	-0.000427563329	-0.000419623813	-0.000492294562	-0.000349804618	3.64761411e-05	0.000143912868	0	0	0	0	0	3
188	98	0	1.86675317	-0.000430318564	-0.000421052217	-0.000492294562	-0.000349804618	3.52919351e-05	0.000144040251	0	0	0	0	0	3
189	98	0	1.87668271	-0.000432385226	-0.000422549511	-0.000492294562	-0.000349804618	3.39213741e-05	0.00015518719	0	0	0	0	0	3
190	99	0	1.88661225	-0.000434417541	-0.000424110604	-0.000492294562	-0.000349804618	3.23574454e-05	0.000144311951	0	0	0	0	0	3
191	99	0	1.89654178	-0.000435361437	-0.000425713588	-0.000492294562	-0.000349804618	3.0613315e-05	0.000144477497	0	0	0	0	0	3
192	100	0	1.90647132	-0.000436764562	-0.00042736351	-0.000492294562	-0.000349804618	2.86991027e-05	0.000155676523	0	0	0	0	0	3
193	100	0	1.91640086	-0.00043765708	-0.000429062121	-0.000492294562	-0.000349804618	2.9295916e-05	0.000144744884	0	0	0	0	0	3
194	100	0	1.9263304	-0.000437423384	-0.000430780136	-0.000492294562	-0.000350122942	3.1013931e-05	0.000144854549	0	0	0	0	0	3
195	101	0	1.93625994	-0.000436888542	-0.000432481422	-0.000492294562	-0.000350537818	3.27152173e-05	0.000144971556	0	0	0	0	0	3
196	101	0	1.94618947	-0.000435865549	-0.000434154515	-0.000492294562	-0.000352103248	3.438831e-05	0.000150384569	0	0	0	0	0	3
197	102	0	1.95611901	-0.000433869585	-0.000435757777	-0.000492294562	-0.000354400562	3.59915715e-05	0.000150471297	0	0	0	0	0	3
198	102	0	1.96604855	-0.000432516931	-0.00043728947	-0.000492294562	-0.000358137834	3.75232651e-05	0.000145178441	0	0	0	0	0	3
199	103	0	1.97597809	-0.000431128243	-0.000438720655	-0.000492294562	-0.00036335819	3.89544496e-05	0.00014518974	0	0	0	0	0	3
200	103	0	1.98590763	-0.000430949859	-0.000440045981	-0.000492294562	-0.000369876785	4.02797764e-05	0.00014514877	0	0	0	0	0	3
201	104	0	1.99583716	-0.000429794969	-0.000441220848	-0.000492294562	-0.000377248664	4.14546427e-05	0.000145096253	0	0	0	0	0	3
202	104	0	2.0057667	-0.000428798488	-0.000442231629	-0.000492294562	-0.000386152818	4.24654236e-05	0.000145036056	0	0	0	0	0	3
203	105	0	2.01569624	-0.000429068144	-0.000443073106	-0.000492294562	-0.000395816005	4.33069006e-05	0.000144891733	0	0	0	0	0	3
204	105	0	2.02562578	-0.000429697736	-0.000443737453	-0.000492294562	-0.000406663171	4.39712483e-05	0.000144752252	0	0	0	0	0	3
205	106	0	2.03555532	-0.000429996628	-0.000444194972	-0.000492294562	-0.00041777154	4.4428767e-05	0.000144617499	0	0	0	0	0	3
206	106	0	2.04548486	-0.000431141937	-0.000444457137	-0.000492294562	-0.00041800355	4.46909317e-05	0.000144470233	0	0	0	0	0	3
207	107	0	2.05541439	-0.000433077627	-0.000444526722	-0.000492294562	-0.00041800355	4.47605172e-05	0.000144312392	0	0	0	0	0	3
208	107	0	2.06534393	-0.000435232495	-0.000444437236	-0.000492294562	-0.00041800355	4.47605172e-05	0.000144157316	0	0	0	0	0	3
209	108	0	2.07527347	-0.000437688817	-0.000444176243	-0.000492294562	-0.00041800355	4.47605172e-05	0.000149377845	0	0	0	0	0	3
210	108	0	2.08520301	-0.000440892043	-0.000443779715	-0.000492294562	-0.00041800355	4.47605172e-05	0.000143883266	0	0	0	0	0	3
211	108	0	2.09513255	-0.000443820041	-0.00044326666	-0.000492294562	-0.00041800355	4.47605172e-05	0.000143751626	0	0	0	0	0	3
212	109	0	2.10506208	-0.000448509562	-0.000442697521	-0.000492294562	-0.00041800355	4.46607692e-05	0.000143598657	0	0	0	0	0	3
213	109	0	2.11499162	-0.000452682386	-0.000442079697	-0.000492294562	-0.00041800355	4.4446942e-05	0.000143478563	0	0	0	0	0	3
214	110	0	2.12492116	-0.0004565958	-0.000441447823	-0.000492294562	-0.00041800355	4.41173654e-05	0.000143379546	0	0	0	0	0	3
215	110	0	2.1348507	-0.000461628298	-0.000440857829	-0.000492294562	-0.00041800355	4.37016265e-05	0.000143280334	0	0	0	0	0	3
216	111	0	2.14478024	-0.000466437931	-0.000440350837	-0.000491209745	-0.00041800355	4.32092831e-05	0.00014322627	0	0	0	0	0	3
217	111	0	2.15470978	-0.000471829469	-0.000439970831	-0.000488141601	-0.00041800355	4.26732759e-05	0.000143130204	0	0	0	0	0	3
218	112	0	2.16463931	-0.000476651327	-0.000439745532	-0.000484431124	-0.00041800355	4.2071953e-05	0.00014308869	0	0	0	0	0	3
219	112	0	2.17456885	-0.000480769289	-0.000439673731	-0.000480769289	-0.00041800355	4.1444845e-05	0.000143079657	0	0	0	0	0	3
220	113	0	2.18449839	-0.000484331928	-0.000439790207	-0.000484331928	-0.00041800355	4.07727155e-05	0.000143101448	0	0	0	0	0	3
221	113	0	2.19442793	-0.000487549103	-0.000440068004	-0.000487549103	-0.00041800355	4.0064141e-05	0.000143148215	0	0	0	0	0	3
222	113	0	2.20435747	-0.000490249499	-0.000440520093	-0.000490249499	-0.00041800355	3.93454639e-05	0.000143212083	0	0	0	0	0	3
223	114	0	2.214287	-0.000492301745	-0.00044115239	-0.000492301745	-0.00041800355	3.86184416e-05	0.000143323009	0	0	0	0	0	3
224	114	0	2.22421654	-0.000493762221	-0.000441959551	-0.000493762221	-0.00041800355	3.78766495e-05	0.000143397589	0	0	0	0	0	3
225	115	0	2.23414608	-0.000494307786	-0.000442909683	-0.000494307786	-0.00041800355	3.71224112e-05	0.000143517035	0	0	0	0	0	3
226	115	0	2.24407562	-0.000493992015	-0.00044398107	-0.000494307786	-0.00041800355	3.63546097e-05	0.000143650701	0	0	0	0	0	3
227	116	0	2.25400516	-0.000492699012	-0.000445150221	-0.000494307786	-0.00041800355	3.61814572e-05	0.000143799668	0	0	0	0	0	3
228	116	0	2.26393469	-0.000490192433	-0.00044636173	-0.000494307786	-0.00041800355	3.65721727e-05	0.000143963921	0	0	0	0	0	3
229	117	0	2.27386423	-0.000486757704	-0.00044758814	-0.000494307786	-0.00041800355	3.69421873e-05	0.000144136706	0	0	0	0	0	3
230	117	0	2.28379377	-0.000482457979	-0.000448793051	-0.000494307786	-0.00041800355	3.72546602e-05	0.000144371734	0	0	0	0	0	3
231	118	0	2.29372331	-0.000477444412	-0.000449944972	-0.000494307786	-0.00041800355	3.74514511e-05	0.000144495184	0	0	0	0	0	3
232	118	0	2.30365285	-0.000471662848	-0.000450997115	-0.000494307786	-0.000418016474	3.7490431e-05	0.000144673921	0	0	0	0	0	3
233	119	0	2.31358239	-0.000465222494	-0.000451922723	-0.000494307786	-0.000419105969	3.73267933e-05	0.000144846875	0	0	0	0	0	3
234	119	0	2.32351192	-0.000457914172	-0.000452683668	-0.000494307786	-0.000420942136	3.69253281e-05	0.000145018268	0	0	0	0	0	3
235	119	0	2.33344146	-0.000450184909	-0.000453257056	-0.000494307786	-0.000422778974	3.62682874e-05	0.000156287758	0	0	0	0	0	3
236	120	0	2.343371	-0.000442082264	-0.000453635552	-0.000494307786	-0.000424877802	3.53762837e-05	0.000145348973	0	0	0	0	0	3
237	120	0	2.35330054	-0.000432825237	-0.000453791384	-0.000494307786	-0.000427563329	3.4167571e-05	0.000145543619	0	0	0	0	0	3
238	121	0	2.36323008	-0.000423649577	-0.000453714644	-0.000494307786	-0.000423649577	3.27391673e-05	0.00015680649	0	0	0	0	0	3
239	121	0	2.37315961	-0.000414614022	-0.000453406712	-0.000494307786	-0.000414614022	3.12418734e-05	0.000145800041	0	0	0	0	0	3
240	122	0	2.38308915	-0.000404507817	-0.000452860096	-0.000494307786	-0.000404507817	2.96807799e-05	0.000145941151	0	0	0	0	0	3
241	122	0	2.39301869	-0.000395733843	-0.000452101592	-0.000494307786	-0.000395733843	2.80777956e-05	0.000157222636	0	0	0	0	0	3
242	123	0	2.40294823	-0.00038699885	-0.000451153306	-0.000494307786	-0.00038699885	2.64278743e-05	0.000146140956	0	0	0	0	0	3
243	123	0	2.41287777	-0.000378220827	-0.000450005389	-0.000494307786	-0.000378220827	2.4729263e-05	0.00014621375	0	0	0	0	0	3
244	124	0	2.4228073	-0.000370357414	-0.000448685788	-0.000494307786	-0.000370357414	2.3011248e-05	0.000163743937	0	0	0	0	0	3
245	124	0	2.43273684	-0.000363107212	-0.000447228608	-0.000494307786	-0.000363107212	2.13099617e-05	0.000146300076	0	0	0	0	0	3
246	124	0	2.44266638	-0.000354123673	-0.000445605768	-0.000494307786	-0.000354123673	1.9636869e-05	0.000146339949	0	0	0	0	0	3
247	125	0	2.45259592	-0.000348978005	-0.00044390209	-0.000494307786	-0.000348978005	1.80336075e-05	0.000146310123	0	0	0	0	0	3
248	125	0	2.46252546	-0.00034423851	-0.000442144618	-0.000494307786	-0.00034423851	1.65019139e-05	0.000157450889	0	0	0	0	0	3
249	126	0	2.472455	-0.000340694799	-0.000440344184	-0.000494307786	-0.000340694799	1.50707295e-05	0.000146189335	0	0	0	0	0	3
250	126	0	2.48238453	-0.000336192676	-0.000438482703	-0.000494307786	-0.000336192676	1.53086814e-05	0.000146118398	0	0	0	0	0	3
251	127	0	2.49231407	-0.000333556011	-0.000436573019	-0.000494307786	-0.000333556011	1.72183647e-05	0.000151430591	0	0	0	0	0	3
252	127	0	2.50224361	-0.000331953566	-0.00043465456	-0.000494307786	-0.000331953566	1.91368235e-05	0.00015132292	0	0	0	0	0	3
253	128	0	2.51217315	-0.000330339449	-0.000432723991	-0.000494307786	-0.000330339449	2.10673929e-05	0.000145811439	0	0	0	0	0	3
254	128	0	2.52210269	-0.000330554604	-0.000430792353	-0.000494307786	-0.000330339449	2.2999031e-05	0.000145669392	0	0	0	0	0	3
255	129	0	2.53203222	-0.000331445598	-0.00042886584	-0.000494307786	-0.000330339449	2.49255435e-05	0.000156646781	0	0	0	0	0	3
256	129	0	2.54196176	-0.000332734196	-0.000426958734	-0.000494307786	-0.000330339449	2.683265e-05	0.000162727892	0	0	0	0	0	3
257	130	0	2.5518913	-0.000333306558	-0.000425040393	-0.000494307786	-0.000330339449	2.87509908e-05	0.000145270154	0	0	0	0	0	3
258	130	0	2.56182084	-0.000336719837	-0.000423151025	-0.000494307786	-0.000330339449	3.06403592e-05	0.000145122261	0	0	0	0	0	3
259	131	0	2.57175038	-0.000342728774	-0.000421337226	-0.000494307786	-0.000330339449	3.24541577e-05	0.000144881145	0	0	0	0	0	3
260	131	0	2.58167991	-0.000347730766	-0.000419573343	-0.000494307786	-0.000330339449	3.4218041e-05	0.000161955092	0	0	0	0	0	3
261	132	0	2.59160945	-0.000352276239	-0.000417835778	-0.000494307786	-0.000330339449	3.59556058e-05	0.000144572193	0	0	0	0	0	3
262	132	0	2.60153899	-0.000353867502	-0.000416072003	-0.000494307786	-0.000330339449	3.77193811e-05	0.000144459358	0	0	0	0	0	3
263	132	0	2.61146853	-0.000363975095	-0.000414414464	-0.000494307786	-0.000330339449	3.93769197e-05	0.000144208583	0	0	0	0	0	3
264	133	0	2.62139807	-0.000372373045	-0.000412839771	-0.000494307786	-0.000330339449	4.09516126e-05	0.000143995858	0	0	0	0	0	3
265	133	0	2.63132761	-0.00038041535	-0.000411346037	-0.000494307786	-0.000330339449	4.24453469e-05	0.000143831662	0	0	0	0	0	3
266	134	0	2.64125714	-0.000387544175	-0.000409893407	-0.000494307786	-0.000330339449	4.38979768e-05	0.000143645599	0	0	0	0	0	3
267	134	0	2.65118668	-0.000395429218	-0.000408501079	-0.000494307786	-0.000330339449	4.52903045e-05	0.000143487306	0	0	0	0	0	3
268	135	0	2.66111622	-0.000403340208	-0.000407158153	-0.000494307786	-0.000330339449	4.66332312e-05	0.00014334087	0	0	0	0	0	3
269	135	0	2.67104576	-0.000411437883	-0.000405879458	-0.000494307786	-0.000330339449	4.79119262e-05	0.000142567801	0	0	0	0	0	3
270	136	0	2.6809753	-0.000419310582	-0.000404674385	-0.000494307786	-0.000330339449	4.91169989e-05	0.000142448969	0	0	0	0	0	3
271	136	0	2.69090483	-0.000426733194	-0.000403544998	-0.000494307786	-0.000330339449	5.02463858e-05	0.000142350942	0	0	0	0	0	3
272	137	0	2.70083437	-0.00043331414	-0.000402481568	-0.000494307786	-0.000330339449	5.13098165e-05	0.000142309511	0	0	0	0	0	3
273	137	0	2.71076391	-0.00043879006	-0.000401472559	-0.000494307786	-0.000330339449	5.23188251e-05	0.000142249172	0	0	0	0	0	3
274	138	0	2.72069345	-0.000444234889	-0.000400530072	-0.000494307786	-0.000330339449	5.32613125e-05	0.000142255349	0	0	0	0	0	3
275	138	0	2.73062299	-0.000449152732	-0.000399655376	-0.000494307786	-0.000330339449	5.41360083e-05	0.000142221665	0	0	0	0	0	3
276	139	0	2.74055252	-0.000453699974	-0.000398859144	-0.000493992015	-0.000330339449	5.49322399e-05	0.000142229984	0	0	0	0	0	3
277	139	0	2.75048206	-0.000457035109	-0.000398134499	-0.000492699012	-0.000330339449	5.56568852e-05	0.000142265449	0	0	0	0	0	3
278	140	0	2.7604116	-0.000458973093	-0.000397473206	-0.000490192433	-0.000330339449	5.63181777e-05	0.000142322233	0	0	0	0	0	3
279	140	0	2.77034114	-0.000461265388	-0.000396906009	-0.000486757704	-0.000330339449	5.68853746e-05	0.00014242034	0	0	0	0	0	3
280	140	0	2.78027068	-0.000462580363	-0.000396431944	-0.000482457979	-0.000330339449	5.73594401e-05	0.000142480046	0	0	0	0	0	3
281	141	0	2.79020022	-0.000462561765	-0.000396041822	-0.000477444412	-0.000330339449	5.7749562e-05	0.000142586897	0	0	0	0	0	3
282	141	0	2.80012975	-0.000462009498	-0.000395739177	-0.000471662848	-0.000330339449	5.80522074e-05	0.000142703628	0	0	0	0	0	3
283	142	0	2.81005929	-0.000460120965	-0.000395512865	-0.000465222494	-0.000330339449	5.82785188e-05	0.000142838831	0	0	0	0	0	3
284	142	0	2.81998883	-0.000457600434	-0.000395363413	-0.000462580363	-0.000330339449	5.8427971e-05	0.000142982305	0	0	0	0	0	3
285	143	0	2.82991837	-0.000453542017	-0.000395277685	-0.000462580363	-0.000330339449	5.85136995e-05	0.000143139348	0	0	0	0	0	3
286	143	0	2.83984791	-0.00044983434	-0.000395270811	-0.000462580363	-0.000330339449	5.85205734e-05	0.000143326458	0	0	0	0	0	3
287	144	0	2.84977744	-0.000444369885	-0.000395315666	-0.000462580363	-0.000330339449	5.85205734e-05	0.000143473231	0	0	0	0	0	3
288	144	0	2.85970698	-0.000438934737	-0.00039543546	-0.000462580363	-0.000330339449	5.84438332e-05	0.000143646629	0	0	0	0	0	3
289	145	0	2.86963652	-0.000432264838	-0.000395604387	-0.000462580363	-0.000330339449	5.8135901e-05	0.000143826792	0	0	0	0	0	3
290	145	0	2.87956606	-0.000425152638	-0.000395811026	-0.000462580363	-0.000330339449	5.75892851e-05	0.00014400474	0	0	0	0	0	3
291	145	0	2.8894956	-0.000417327648	-0.000396062395	-0.000462580363	-0.000330339449	5.68307812e-05	0.000144183732	0	0	0	0	0	3
292	146	0	2.89942514	-0.000409349514	-0.000396329369	-0.000462580363	-0.000330339449	5.58824952e-05	0.00014435637	0	0	0	0	0	3
293	146	0	2.90935467	-0.000401165254	-0.000396607142	-0.000462580363	-0.000330339449	5.47345788e-05	0.000144549203	0	0	0	0	0	3
294	147	0	2.91928421	-0.000392632519	-0.000396889724	-0.000462580363	-0.000330339449	5.34149775e-05	0.000144685645	0	0	0	0	0	3
295	147	0	2.92921375	-0.000384118401	-0.000397159548	-0.000462580363	-0.000330339449	5.19577976e-05	0.00014483877	0	0	0	0	0	3
296	148	0	2.93914329	-0.000375101506	-0.00039739473	-0.000462580363	-0.000330339449	5.03349571e-05	0.000156061933	0	0	0	0	0	3
297	148	0	2.94907283	-0.000366709492	-0.000397641511	-0.000462580363	-0.000330339449	4.86312797e-05	0.000145134486	0	0	0	0	0	3
298	149	0	2.95900236	-0.000357134931	-0.00039780145	-0.000462580363	-0.000330339449	4.68738077e-05	0.000145937503	0	0	0	0	0	3
299	149	0	2.9689319	-0.000348679409	-0.000397888527	-0.000462580363	-0.000330339449	4.50733737e-05	0.000157236963	0	0	0	0	0	3
300	150	0	2.97886144	-0.000340813043	-0.000397890845	-0.000462580363	-0.000330339449	4.3211892e-05	0.000145554071	0	0	0	0	0	3
301	150	0	2.98879098	-0.000333001498	-0.000397828273	-0.000462580363	-0.000330339449	4.13022087e-05	0.000146284174	0	0	0	0	0	3
302	151	0	2.99872052	-0.000325818776	-0.000397676563	-0.000462580363	-0.000325818776	3.93837499e-05	0.000157567661	0	0	0	0	0	3
303	152	0	3.00865005	-0.000319661274	-0.000397435537	-0.000462580363	-0.000319661274	3.74531805e-05	0.000145781617	0	0	0	0	0	3
