Iteration	CPUTime	PhysTime	Travels	Value	AvValue	MinValue	MaxValue	Delta	Criteria	Progress	dGMaxMin	CriteriaType	CriteriaVarType	CriteriaPercentage
1	22	0	0.00860273793	0	0	0	0	0	0	0	0	0	0	0	3
2	23	0	0.0172054759	0	0	0	0	0	0	0	0	0	0	0	3
3	23	0	0.0258082138	0	0	0	0	0	0	0	0	0	0	0	3
4	24	0	0.0344109517	0	0	0	0	0	0	0	0	0	0	0	3
5	25	0	0.0430136897	0	0	0	0	0	0	0	0	0	0	0	3
6	26	0	0.0516164276	0	0	0	0	0	0	0	0	0	0	0	3
7	26	0	0.0602191655	0	0	0	0	0	0	0	0	0	0	0	3
8	27	0	0.0688219035	0	0	0	0	0	0	0	0	0	0	0	3
9	28	0	0.0774246414	0	0	0	0	0	0	0	0	0	0	0	3
10	28	0	0.0860273793	0	0	0	0	0	0	0	0	0	0	0	3
11	29	0	0.0946301173	0	0	0	0	0	0	0	0	0	0	0	3
12	30	0	0.103232855	0	0	0	0	0	0	0	0	0	0	0	3
13	30	0	0.111835593	0	0	0	0	0	0	0	0	0	0	0	3
14	31	0	0.120438331	0	0	0	0	0	0	0	0	0	0	0	3
15	31	0	0.129041069	0	0	0	0	0	0	0	0	0	0	0	3
16	32	0	0.137643807	0	0	0	0	0	0	0	0	0	0	0	3
17	33	0	0.146246545	0	0	0	0	0	0	0	0	0	0	0	3
18	33	0	0.154849283	0	0	0	0	0	0	0	0	0	0	0	3
19	34	0	0.163452021	0	0	0	0	0	0	0	0	0	0	0	3
20	34	0	0.172054759	0	0	0	0	0	0	0	0	0	0	0	3
21	35	0	0.180657497	0	0	0	0	0	0	0	0	0	0	0	3
22	36	0	0.189260235	0	0	0	0	0	0	0	0	0	0	0	3
23	36	0	0.197862972	0	0	0	0	0	0	0	0	0	0	0	3
24	37	0	0.20646571	0	0	0	0	0	0	0	0	0	0	0	3
25	38	0	0.215068448	0	0	0	0	0	0	0	0	0	0	0	3
26	38	0	0.223671186	0	0	0	0	0	0	0	0	0	0	0	3
27	39	0	0.232273924	0	0	0	0	0	0	0	0	0	0	0	3
28	40	0	0.240876662	0	0	0	0	0	0	0	0	0	0	0	3
29	40	0	0.2494794	0	0	0	0	0	0	0	0	0	0	0	3
30	41	0	0.258082138	0	0	0	0	0	0	0	0	0	0	0	3
31	42	0	0.266684876	0	0	0	0	0	0	0	0	0	0	0	3
32	42	0	0.275287614	0	0	0	0	0	0	0	0	0	0	0	3
33	43	0	0.283890352	0	0	0	0	0	0	0	0	0	0	0	3
34	44	0	0.29249309	0	0	0	0	0	0	0	0	0	0	0	3
35	44	0	0.301095828	0	0	0	0	0	0	0	0	0	0	0	3
36	45	0	0.309698566	0	0	0	0	0	0	0	0	0	0	0	3
37	46	0	0.318301304	0	0	0	0	0	0	0	0	0	0	0	3
38	46	0	0.326904042	0	0	0	0	0	0	0	0	0	0	0	3
39	47	0	0.335506779	0	0	0	0	0	0	0	0	0	0	0	3
40	48	0	0.344109517	0	0	0	0	0	0	0	0	0	0	0	3
41	48	0	0.352712255	0	0	0	0	0	0	0	0	0	0	0	3
42	49	0	0.361314993	0	0	0	0	0	0	0	0	0	0	0	3
43	50	0	0.369917731	0	0	0	0	0	0	0	0	0	0	0	3
44	51	0	0.378520469	0	0	0	0	0	0	0	0	0	0	0	3
45	51	0	0.387123207	0	0	0	0	0	0	0	0	0	0	0	3
46	52	0	0.395725945	0	0	0	0	0	0	0	0	0	0	0	3
47	53	0	0.404328683	0	0	0	0	0	0	0	0	0	0	0	3
48	54	0	0.412931421	0	0	0	0	0	0	0	0	0	0	0	3
49	54	0	0.421534159	0	0	0	0	0	0	0	0	0	0	0	3
50	55	0	0.430136897	0	0	0	0	0	0	0	0	0	0	0	3
51	56	0	0.438739635	0	0	0	0	0	0	0	0	0	0	0	3
52	57	0	0.447342373	0	0	0	0	0	0	0	0	0	0	0	3
53	57	0	0.455945111	0	0	0	0	0	0	0	0	0	0	0	3
54	58	0	0.464547848	0	0	0	0	0	0	0	0	0	0	0	3
55	59	0	0.473150586	0	0	0	0	0	0	0	0	0	0	0	3
56	60	0	0.481753324	0	0	0	0	0	0	0	0	0	0	0	3
57	60	0	0.490356062	0	0	0	0	0	0	0	0	0	0	0	3
58	61	0	0.4989588	0	0	0	0	0	0	0	0	0	0	0	3
59	61	0	0.507561538	0	0	0	0	0	0	0	0	0	0	0	3
60	62	0	0.516164276	0	0	0	0	0	0	0	0	0	0	0	3
61	63	0	0.524767014	0	0	0	0	0	0	0	0	0	0	0	3
62	64	0	0.533369752	0	0	0	0	0	0	0	0	0	0	0	3
63	64	0	0.54197249	0	0	0	0	0	0	0	0	0	0	0	3
64	65	0	0.550575228	0	0	0	0	0	0	0	0	0	0	0	3
65	65	0	0.559177966	0	0	0	0	0	0	0	0	0	0	0	3
66	66	0	0.567780704	0	0	0	0	0	0	0	0	0	0	0	3
67	67	0	0.576383442	0	0	0	0	0	0	0	0	0	0	0	3
68	68	0	0.58498618	0	0	0	0	0	0	0	0	0	0	0	3
69	68	0	0.593588917	0	0	0	0	0	0	0	0	0	0	0	3
70	69	0	0.602191655	0	0	0	0	0	0	0	0	0	0	0	3
71	70	0	0.610794393	0	0	0	0	0	0	0	0	0	0	0	3
72	70	0	0.619397131	0	0	0	0	0	0	0	0	0	0	0	3
73	71	0	0.627999869	0	0	0	0	0	0	0	0	0	0	0	3
74	72	0	0.636602607	0	0	0	0	0	0	0	0	0	0	0	3
75	72	0	0.645205345	0	0	0	0	0	0	0	0	0	0	0	3
76	73	0	0.653808083	0	0	0	0	0	0	0	0	0	0	0	3
77	74	0	0.662410821	0	0	0	0	0	0	0	0	0	0	0	3
78	74	0	0.671013559	0	0	0	0	0	0	0	0	0	0	0	3
79	75	0	0.679616297	0	0	0	0	0	0	0	0	0	0	0	3
80	76	0	0.688219035	0	0	0	0	0	0	0	0	0	0	0	3
81	76	0	0.696821773	0	0	0	0	0	0	0	0	0	0	0	3
82	77	0	0.705424511	0	0	0	0	0	0	0	0	0	0	0	3
83	77	0	0.714027249	0	0	0	0	0	0	0	0	0	0	0	3
84	78	0	0.722629987	0	0	0	0	0	0	0	0	0	0	0	3
85	79	0	0.731232724	0	0	0	0	0	0	0	0	0	0	0	3
86	79	0	0.739835462	0	0	0	0	0	0	0	0	0	0	0	3
87	80	0	0.7484382	0	0	0	0	0	0	0	0	0	0	0	3
88	81	0	0.757040938	0	0	0	0	0	0	0	0	0	0	0	3
89	81	0	0.765643676	0	0	0	0	0	0	0	0	0	0	0	3
90	82	0	0.774246414	0	0	0	0	0	0	0	0	0	0	0	3
91	83	0	0.782849152	0	0	0	0	0	0	0	0	0	0	0	3
92	83	0	0.79145189	0	0	0	0	0	0	0	0	0	0	0	3
93	84	0	0.800054628	0	0	0	0	0	0	0	0	0	0	0	3
94	85	0	0.808657366	0	0	0	0	0	0	0	0	0	0	0	3
95	85	0	0.817260104	0	0	0	0	0	0	0	0	0	0	0	3
96	86	0	0.825862842	0	0	0	0	0	0	0	0	0	0	0	3
97	87	0	0.83446558	0	0	0	0	0	0	0	0	0	0	0	3
98	87	0	0.843068318	0	0	0	0	0	0	0	0	0	0	0	3
99	88	0	0.851671056	0	0	0	0	0	0	0	0	0	0	0	3
100	88	0	0.860273793	0	0	0	0	0	0	0	0	0	0	0	3
101	89	0	0.868876531	0	0	0	0	0	0	0	0	0	0	0	3
102	90	0	0.877479269	0	0	0	0	0	0	0	0	0	0	0	3
103	91	0	0.886082007	0	0	0	0	0	0	0	0	0	0	0	3
104	91	0	0.894684745	0	0	0	0	0	0	0	0	0	0	0	3
105	92	0	0.903287483	0	0	0	0	0	0	0	0	0	0	0	3
106	93	0	0.911890221	0	0	0	0	0	0	0	0	0	0	0	3
107	93	0	0.920492959	0	0	0	0	0	0	0	0	0	0	0	3
108	94	0	0.929095697	0	0	0	0	0	0	0	0	0	0	0	3
109	94	0	0.937698435	0	0	0	0	0	0	0	0	0	0	0	3
110	95	0	0.946301173	0	0	0	0	0	0	0	0	0	0	0	3
111	96	0	0.954903911	0	0	0	0	0	0	0	0	0	0	0	3
112	97	0	0.963506649	0	0	0	0	0	0	0	0	0	0	0	3
113	97	0	0.972109387	0	0	0	0	0	0	0	0	0	0	0	3
114	98	0	0.980712125	0	0	0	0	0	0	0	0	0	0	0	3
115	98	0	0.989314862	0	0	0	0	0	0	0	0	0	0	0	3
116	99	0	0.9979176	0	0	0	0	0	0	0	0	0	0	0	3
117	100	0	1.00652034	0	0	0	0	0	5e-06	0	0	0	0	0	3
118	100	0	1.01512308	0	0	0	0	0	5e-06	0	0	0	0	0	3
119	101	0	1.02372581	0	0	0	0	0	5e-06	0	0	0	0	0	3
120	102	0	1.03232855	0	0	0	0	0	5e-06	0	0	0	0	0	3
121	102	0	1.04093129	0	0	0	0	0	5e-06	0	0	0	0	0	3
122	103	0	1.04953403	0	0	0	0	0	5e-06	0	0	0	0	0	3
123	104	0	1.05813677	0	0	0	0	0	5e-06	0	0	0	0	0	3
124	105	0	1.0667395	0	0	0	0	0	5e-06	0	0	0	0	0	3
125	105	0	1.07534224	0	0	0	0	0	5e-06	0	0	0	0	0	3
126	106	0	1.08394498	0	0	0	0	0	5e-06	0	0	0	0	0	3
127	107	0	1.09254772	0	0	0	0	0	5e-06	0	0	0	0	0	3
128	107	0	1.10115046	0	0	0	0	0	5e-06	0	0	0	0	0	3
129	108	0	1.10975319	0	0	0	0	0	5e-06	0	0	0	0	0	3
130	109	0	1.11835593	0	0	0	0	0	5e-06	0	0	0	0	0	3
131	110	0	1.12695867	0	0	0	0	0	5e-06	0	0	0	0	0	3
132	110	0	1.13556141	0	0	0	0	0	5e-06	0	0	0	0	0	3
133	111	0	1.14416415	0	0	0	0	0	5e-06	0	0	0	0	0	3
134	112	0	1.15276688	0	0	0	0	0	5e-06	0	0	0	0	0	3
135	112	0	1.16136962	0	0	0	0	0	5e-06	0	0	0	0	0	3
136	113	0	1.16997236	0	0	0	0	0	5e-06	0	0	0	0	0	3
137	114	0	1.1785751	0	0	0	0	0	5e-06	0	0	0	0	0	3
138	114	0	1.18717783	0	0	0	0	0	5e-06	0	0	0	0	0	3
139	115	0	1.19578057	0	0	0	0	0	5e-06	0	0	0	0	0	3
140	116	0	1.20438331	0	0	0	0	0	5e-06	0	0	0	0	0	3
141	117	0	1.21298605	0	0	0	0	0	5e-06	0	0	0	0	0	3
142	117	0	1.22158879	0	0	0	0	0	5e-06	0	0	0	0	0	3
143	118	0	1.23019152	0	0	0	0	0	5e-06	0	0	0	0	0	3
144	119	0	1.23879426	0	0	0	0	0	5e-06	0	0	0	0	0	3
145	120	0	1.247397	0	0	0	0	0	5e-06	0	0	0	0	0	3
146	121	0	1.25599974	0	0	0	0	0	5e-06	0	0	0	0	0	3
147	121	0	1.26460248	0	0	0	0	0	5e-06	0	0	0	0	0	3
148	122	0	1.27320521	0	0	0	0	0	5e-06	0	0	0	0	0	3
149	123	0	1.28180795	0	0	0	0	0	5e-06	0	0	0	0	0	3
150	123	0	1.29041069	0	0	0	0	0	5e-06	0	0	0	0	0	3
151	124	0	1.29901343	0	0	0	0	0	5e-06	0	0	0	0	0	3
152	125	0	1.30761617	0	0	0	0	0	5e-06	0	0	0	0	0	3
153	125	0	1.3162189	0	0	0	0	0	5e-06	0	0	0	0	0	3
154	126	0	1.32482164	0	0	0	0	0	5e-06	0	0	0	0	0	3
155	127	0	1.33342438	0	0	0	0	0	5e-06	0	0	0	0	0	3
156	128	0	1.34202712	0	0	0	0	0	5e-06	0	0	0	0	0	3
157	128	0	1.35062986	0	0	0	0	0	5e-06	0	0	0	0	0	3
158	129	0	1.35923259	0	0	0	0	0	5e-06	0	0	0	0	0	3
159	130	0	1.36783533	0	0	0	0	0	5e-06	0	0	0	0	0	3
160	131	0	1.37643807	0	0	0	0	0	5e-06	0	0	0	0	0	3
161	131	0	1.38504081	0	0	0	0	0	5e-06	0	0	0	0	0	3
162	132	0	1.39364355	0	0	0	0	0	5e-06	0	0	0	0	0	3
163	133	0	1.40224628	0	0	0	0	0	5e-06	0	0	0	0	0	3
164	134	0	1.41084902	0	0	0	0	0	5e-06	0	0	0	0	0	3
165	135	0	1.41945176	0	0	0	0	0	5e-06	0	0	0	0	0	3
166	136	0	1.4280545	0	0	0	0	0	5e-06	0	0	0	0	0	3
167	137	0	1.43665724	0	0	0	0	0	5e-06	0	0	0	0	0	3
168	138	0	1.44525997	0	0	0	0	0	5e-06	0	0	0	0	0	3
169	139	0	1.45386271	0	0	0	0	0	5e-06	0	0	0	0	0	3
170	140	0	1.46246545	0	0	0	0	0	5e-06	0	0	0	0	0	3
171	140	0	1.47106819	0	0	0	0	0	5e-06	0	0	0	0	0	3
172	141	0	1.47967092	0	0	0	0	0	5e-06	0	0	0	0	0	3
173	142	0	1.48827366	0	0	0	0	0	5e-06	0	0	0	0	0	3
174	143	0	1.4968764	0	0	0	0	0	5e-06	0	0	0	0	0	3
175	144	0	1.50547914	0	0	0	0	0	5e-06	0	0	0	0	0	3
176	145	0	1.51408188	0	0	0	0	0	5e-06	0	0	0	0	0	3
177	146	0	1.52268461	0	0	0	0	0	5e-06	0	0	0	0	0	3
178	146	0	1.53128735	0	0	0	0	0	5e-06	0	0	0	0	0	3
179	147	0	1.53989009	0	0	0	0	0	5e-06	0	0	0	0	0	3
180	148	0	1.54849283	0	0	0	0	0	5e-06	0	0	0	0	0	3
181	149	0	1.55709557	0	0	0	0	0	5e-06	0	0	0	0	0	3
182	150	0	1.5656983	0	0	0	0	0	5e-06	0	0	0	0	0	3
183	150	0	1.57430104	0	0	0	0	0	5e-06	0	0	0	0	0	3
184	151	0	1.58290378	0	0	0	0	0	5e-06	0	0	0	0	0	3
185	152	0	1.59150652	0	0	0	0	0	5e-06	0	0	0	0	0	3
186	153	0	1.60010926	0	0	0	0	0	5e-06	0	0	0	0	0	3
187	154	0	1.60871199	0	0	0	0	0	5e-06	0	0	0	0	0	3
188	154	0	1.61731473	0	0	0	0	0	5e-06	0	0	0	0	0	3
189	155	0	1.62591747	0	0	0	0	0	5e-06	0	0	0	0	0	3
190	156	0	1.63452021	0	0	0	0	0	5e-06	0	0	0	0	0	3
191	157	0	1.64312295	0	0	0	0	0	5e-06	0	0	0	0	0	3
192	157	0	1.65172568	0	0	0	0	0	5e-06	0	0	0	0	0	3
193	158	0	1.66032842	0	0	0	0	0	5e-06	0	0	0	0	0	3
194	159	0	1.66893116	0	0	0	0	0	5e-06	0	0	0	0	0	3
195	159	0	1.6775339	0	0	0	0	0	5e-06	0	0	0	0	0	3
196	160	0	1.68613664	0	0	0	0	0	5e-06	0	0	0	0	0	3
197	161	0	1.69473937	0	0	0	0	0	5e-06	0	0	0	0	0	3
198	162	0	1.70334211	0	0	0	0	0	5e-06	0	0	0	0	0	3
199	163	0	1.71194485	0	0	0	0	0	5e-06	0	0	0	0	0	3
200	163	0	1.72054759	0	0	0	0	0	5e-06	0	0	0	0	0	3
201	164	0	1.72915032	0	0	0	0	0	5e-06	0	0	0	0	0	3
202	165	0	1.73775306	0	0	0	0	0	5e-06	0	0	0	0	0	3
203	166	0	1.7463558	0	0	0	0	0	5e-06	0	0	0	0	0	3
204	166	0	1.75495854	0	0	0	0	0	5e-06	0	0	0	0	0	3
205	167	0	1.76356128	0	0	0	0	0	5e-06	0	0	0	0	0	3
206	168	0	1.77216401	0	0	0	0	0	5e-06	0	0	0	0	0	3
207	168	0	1.78076675	0	0	0	0	0	5e-06	0	0	0	0	0	3
208	169	0	1.78936949	0	0	0	0	0	5e-06	0	0	0	0	0	3
209	170	0	1.79797223	0	0	0	0	0	5e-06	0	0	0	0	0	3
210	170	0	1.80657497	0	0	0	0	0	5e-06	0	0	0	0	0	3
211	171	0	1.8151777	0	0	0	0	0	5e-06	0	0	0	0	0	3
212	172	0	1.82378044	0	0	0	0	0	5e-06	0	0	0	0	0	3
213	173	0	1.83238318	0	0	0	0	0	5e-06	0	0	0	0	0	3
214	174	0	1.84098592	0	0	0	0	0	5e-06	0	0	0	0	0	3
215	174	0	1.84958866	0	0	0	0	0	5e-06	0	0	0	0	0	3
216	175	0	1.85819139	0	0	0	0	0	5e-06	0	0	0	0	0	3
217	175	0	1.86679413	0	0	0	0	0	5e-06	0	0	0	0	0	3
218	176	0	1.87539687	0	0	0	0	0	5e-06	0	0	0	0	0	3
219	177	0	1.88399961	0	0	0	0	0	5e-06	0	0	0	0	0	3
220	178	0	1.89260235	0	0	0	0	0	5e-06	0	0	0	0	0	3
221	178	0	1.90120508	0	0	0	0	0	5e-06	0	0	0	0	0	3
222	179	0	1.90980782	0	0	0	0	0	5e-06	0	0	0	0	0	3
223	180	0	1.91841056	0	0	0	0	0	5e-06	0	0	0	0	0	3
224	180	0	1.9270133	0	0	0	0	0	5e-06	0	0	0	0	0	3
225	181	0	1.93561604	0	0	0	0	0	5e-06	0	0	0	0	0	3
226	182	0	1.94421877	0	0	0	0	0	5e-06	0	0	0	0	0	3
227	183	0	1.95282151	0	0	0	0	0	5e-06	0	0	0	0	0	3
228	183	0	1.96142425	0	0	0	0	0	5e-06	0	0	0	0	0	3
229	184	0	1.97002699	0	0	0	0	0	5e-06	0	0	0	0	0	3
230	185	0	1.97862972	0	0	0	0	0	5e-06	0	0	0	0	0	3
231	186	0	1.98723246	0	0	0	0	0	5e-06	0	0	0	0	0	3
232	187	0	1.9958352	0	0	0	0	0	5e-06	0	0	0	0	0	3
233	187	0	2.00443794	0	0	0	0	0	5e-06	0	0	0	0	0	3
234	188	0	2.01304068	0	0	0	0	0	5e-06	0	0	0	0	0	3
235	189	0	2.02164341	0	0	0	0	0	5e-06	0	0	0	0	0	3
236	189	0	2.03024615	0	0	0	0	0	5e-06	0	0	0	0	0	3
237	190	0	2.03884889	0	0	0	0	0	5e-06	0	0	0	0	0	3
238	191	0	2.04745163	0	0	0	0	0	5e-06	0	0	0	0	0	3
239	191	0	2.05605437	0	0	0	0	0	5e-06	0	0	0	0	0	3
240	192	0	2.0646571	0	0	0	0	0	5e-06	0	0	0	0	0	3
241	193	0	2.07325984	0	0	0	0	0	5e-06	0	0	0	0	0	3
242	193	0	2.08186258	0	0	0	0	0	5e-06	0	0	0	0	0	3
243	194	0	2.09046532	0	0	0	0	0	5e-06	0	0	0	0	0	3
244	195	0	2.09906806	0	0	0	0	0	5e-06	0	0	0	0	0	3
245	195	0	2.10767079	0	0	0	0	0	5e-06	0	0	0	0	0	3
246	196	0	2.11627353	0	0	0	0	0	5e-06	0	0	0	0	0	3
247	197	0	2.12487627	0	0	0	0	0	5e-06	0	0	0	0	0	3
248	198	0	2.13347901	0	0	0	0	0	5e-06	0	0	0	0	0	3
249	198	0	2.14208175	0	0	0	0	0	5e-06	0	0	0	0	0	3
250	199	0	2.15068448	0	0	0	0	0	5e-06	0	0	0	0	0	3
251	200	0	2.15928722	0	0	0	0	0	5e-06	0	0	0	0	0	3
252	201	0	2.16788996	0	0	0	0	0	5e-06	0	0	0	0	0	3
253	202	0	2.1764927	0	0	0	0	0	5e-06	0	0	0	0	0	3
254	202	0	2.18509544	0	0	0	0	0	5e-06	0	0	0	0	0	3
255	203	0	2.19369817	0	0	0	0	0	5e-06	0	0	0	0	0	3
256	204	0	2.20230091	0	0	0	0	0	5e-06	0	0	0	0	0	3
257	205	0	2.21090365	0	0	0	0	0	5e-06	0	0	0	0	0	3
258	206	0	2.21950639	0	0	0	0	0	5e-06	0	0	0	0	0	3
259	206	0	2.22810913	0	0	0	0	0	5e-06	0	0	0	0	0	3
260	207	0	2.23671186	0	0	0	0	0	5e-06	0	0	0	0	0	3
261	208	0	2.2453146	0	0	0	0	0	5e-06	0	0	0	0	0	3
262	209	0	2.25391734	0	0	0	0	0	5e-06	0	0	0	0	0	3
263	209	0	2.26252008	0	0	0	0	0	5e-06	0	0	0	0	0	3
264	210	0	2.27112281	0	0	0	0	0	5e-06	0	0	0	0	0	3
265	211	0	2.27972555	0	0	0	0	0	5e-06	0	0	0	0	0	3
266	212	0	2.28832829	0	0	0	0	0	5e-06	0	0	0	0	0	3
267	212	0	2.29693103	0	0	0	0	0	5e-06	0	0	0	0	0	3
268	213	0	2.30553377	0	0	0	0	0	5e-06	0	0	0	0	0	3
269	214	0	2.3141365	0	0	0	0	0	5e-06	0	0	0	0	0	3
270	214	0	2.32273924	0	0	0	0	0	5e-06	0	0	0	0	0	3
271	215	0	2.33134198	0	0	0	0	0	5e-06	0	0	0	0	0	3
272	216	0	2.33994472	0	0	0	0	0	5e-06	0	0	0	0	0	3
273	216	0	2.34854746	0	0	0	0	0	5e-06	0	0	0	0	0	3
274	217	0	2.35715019	0	0	0	0	0	5e-06	0	0	0	0	0	3
275	218	0	2.36575293	0	0	0	0	0	5e-06	0	0	0	0	0	3
276	219	0	2.37435567	0	0	0	0	0	5e-06	0	0	0	0	0	3
277	219	0	2.38295841	0	0	0	0	0	5e-06	0	0	0	0	0	3
278	220	0	2.39156115	0	0	0	0	0	5e-06	0	0	0	0	0	3
279	221	0	2.40016388	0	0	0	0	0	5e-06	0	0	0	0	0	3
280	221	0	2.40876662	0	0	0	0	0	5e-06	0	0	0	0	0	3
281	222	0	2.41736936	0	0	0	0	0	5e-06	0	0	0	0	0	3
282	223	0	2.4259721	0	0	0	0	0	5e-06	0	0	0	0	0	3
283	223	0	2.43457484	0	0	0	0	0	5e-06	0	0	0	0	0	3
284	224	0	2.44317757	0	0	0	0	0	5e-06	0	0	0	0	0	3
285	225	0	2.45178031	0	0	0	0	0	5e-06	0	0	0	0	0	3
286	225	0	2.46038305	0	0	0	0	0	5e-06	0	0	0	0	0	3
287	226	0	2.46898579	0	0	0	0	0	5e-06	0	0	0	0	0	3
288	227	0	2.47758853	0	0	0	0	0	5e-06	0	0	0	0	0	3
289	227	0	2.48619126	0	0	0	0	0	5e-06	0	0	0	0	0	3
290	228	0	2.494794	0	0	0	0	0	5e-06	0	0	0	0	0	3
291	229	0	2.50339674	0	0	0	0	0	5e-06	0	0	0	0	0	3
292	229	0	2.51199948	0	0	0	0	0	5e-06	0	0	0	0	0	3
293	230	0	2.52060221	0	0	0	0	0	5e-06	0	0	0	0	0	3
294	231	0	2.52920495	0	0	0	0	0	5e-06	0	0	0	0	0	3
295	231	0	2.53780769	0	0	0	0	0	5e-06	0	0	0	0	0	3
296	232	0	2.54641043	0	0	0	0	0	5e-06	0	0	0	0	0	3
297	233	0	2.55501317	0	0	0	0	0	5e-06	0	0	0	0	0	3
298	234	0	2.5636159	0	0	0	0	0	5e-06	0	0	0	0	0	3
299	234	0	2.57221864	0	0	0	0	0	5e-06	0	0	0	0	0	3
300	235	0	2.58082138	0	0	0	0	0	5e-06	0	0	0	0	0	3
301	236	0	2.58942412	0	0	0	0	0	5e-06	0	0	0	0	0	3
302	237	0	2.59802686	0	0	0	0	0	5e-06	0	0	0	0	0	3
303	237	0	2.60662959	0	0	0	0	0	5e-06	0	0	0	0	0	3
304	238	0	2.61523233	0	0	0	0	0	5e-06	0	0	0	0	0	3
305	239	0	2.62383507	0	0	0	0	0	5e-06	0	0	0	0	0	3
306	239	0	2.63243781	0	0	0	0	0	5e-06	0	0	0	0	0	3
307	240	0	2.64104055	0	0	0	0	0	5e-06	0	0	0	0	0	3
308	241	0	2.64964328	0	0	0	0	0	5e-06	0	0	0	0	0	3
309	241	0	2.65824602	0	0	0	0	0	5e-06	0	0	0	0	0	3
310	242	0	2.66684876	0	0	0	0	0	5e-06	0	0	0	0	0	3
311	243	0	2.6754515	0	0	0	0	0	5e-06	0	0	0	0	0	3
312	243	0	2.68405424	0	0	0	0	0	5e-06	0	0	0	0	0	3
313	244	0	2.69265697	0	0	0	0	0	5e-06	0	0	0	0	0	3
314	245	0	2.70125971	0	0	0	0	0	5e-06	0	0	0	0	0	3
315	245	0	2.70986245	0	0	0	0	0	5e-06	0	0	0	0	0	3
316	246	0	2.71846519	0	0	0	0	0	5e-06	0	0	0	0	0	3
317	247	0	2.72706793	0	0	0	0	0	5e-06	0	0	0	0	0	3
318	248	0	2.73567066	0	0	0	0	0	5e-06	0	0	0	0	0	3
319	249	0	2.7442734	0	0	0	0	0	5e-06	0	0	0	0	0	3
320	249	0	2.75287614	0	0	0	0	0	5e-06	0	0	0	0	0	3
321	250	0	2.76147888	0	0	0	0	0	5e-06	0	0	0	0	0	3
322	251	0	2.77008161	0	0	0	0	0	5e-06	0	0	0	0	0	3
323	252	0	2.77868435	0	0	0	0	0	5e-06	0	0	0	0	0	3
324	252	0	2.78728709	0	0	0	0	0	5e-06	0	0	0	0	0	3
325	253	0	2.79588983	0	0	0	0	0	5e-06	0	0	0	0	0	3
326	254	0	2.80449257	0	0	0	0	0	5e-06	0	0	0	0	0	3
327	254	0	2.8130953	0	0	0	0	0	5e-06	0	0	0	0	0	3
328	255	0	2.82169804	0	0	0	0	0	5e-06	0	0	0	0	0	3
329	256	0	2.83030078	0	0	0	0	0	5e-06	0	0	0	0	0	3
330	256	0	2.83890352	0	0	0	0	0	5e-06	0	0	0	0	0	3
331	257	0	2.84750626	0	0	0	0	0	5e-06	0	0	0	0	0	3
332	258	0	2.85610899	0	0	0	0	0	5e-06	0	0	0	0	0	3
333	258	0	2.86471173	0	0	0	0	0	5e-06	0	0	0	0	0	3
334	259	0	2.87331447	0	0	0	0	0	5e-06	0	0	0	0	0	3
335	260	0	2.88191721	0	0	0	0	0	5e-06	0	0	0	0	0	3
336	261	0	2.89051995	0	0	0	0	0	5e-06	0	0	0	0	0	3
337	261	0	2.89912268	0	0	0	0	0	5e-06	0	0	0	0	0	3
338	262	0	2.90772542	0	0	0	0	0	5e-06	0	0	0	0	0	3
339	263	0	2.91632816	0	0	0	0	0	5e-06	0	0	0	0	0	3
340	263	0	2.9249309	0	0	0	0	0	5e-06	0	0	0	0	0	3
341	264	0	2.93353364	0	0	0	0	0	5e-06	0	0	0	0	0	3
342	265	0	2.94213637	0	0	0	0	0	5e-06	0	0	0	0	0	3
343	265	0	2.95073911	0	0	0	0	0	5e-06	0	0	0	0	0	3
344	266	0	2.95934185	0	0	0	0	0	5e-06	0	0	0	0	0	3
345	267	0	2.96794459	0	0	0	0	0	5e-06	0	0	0	0	0	3
346	267	0	2.97654733	0	0	0	0	0	5e-06	0	0	0	0	0	3
347	268	0	2.98515006	0	0	0	0	0	5e-06	0	0	0	0	0	3
348	269	0	2.9937528	0	0	0	0	0	5e-06	0	0	0	0	0	3
349	270	0	3.00235554	0	0	0	0	0	5e-06	0	0	0	0	0	3
350	270	0	3.01095828	0	0	0	0	0	5e-06	0	0	0	0	0	3
351	271	0	3.01956102	0	0	0	0	0	5e-06	0	0	0	0	0	3
352	272	0	3.02816375	0	0	0	0	0	5e-06	0	0	0	0	0	3
353	272	0	3.03676649	0	0	0	0	0	5e-06	0	0	0	0	0	3
354	273	0	3.04536923	0	0	0	0	0	5e-06	0	0	0	0	0	3
355	274	0	3.05397197	0	0	0	0	0	5e-06	0	0	0	0	0	3
356	274	0	3.0625747	0	0	0	0	0	5e-06	0	0	0	0	0	3
357	275	0	3.07117744	0	0	0	0	0	5e-06	0	0	0	0	0	3
358	276	0	3.07978018	0	0	0	0	0	5e-06	0	0	0	0	0	3
359	277	0	3.08838292	0	0	0	0	0	5e-06	0	0	0	0	0	3
360	277	0	3.09698566	0	0	0	0	0	5e-06	0	0	0	0	0	3
361	278	0	3.10558839	0	0	0	0	0	5e-06	0	0	0	0	0	3
362	279	0	3.11419113	0	0	0	0	0	5e-06	0	0	0	0	0	3
363	280	0	3.12279387	0	0	0	0	0	5e-06	0	0	0	0	0	3
364	280	0	3.13139661	0	0	0	0	0	5e-06	0	0	0	0	0	3
365	281	0	3.13999935	0	0	0	0	0	5e-06	0	0	0	0	0	3
366	282	0	3.14860208	0	0	0	0	0	5e-06	0	0	0	0	0	3
367	283	0	3.15720482	0	0	0	0	0	5e-06	0	0	0	0	0	3
368	283	0	3.16580756	0	0	0	0	0	5e-06	0	0	0	0	0	3
369	284	0	3.1744103	0	0	0	0	0	5e-06	0	0	0	0	0	3
370	285	0	3.18301304	0	0	0	0	0	5e-06	0	0	0	0	0	3
371	286	0	3.19161577	0	0	0	0	0	5e-06	0	0	0	0	0	3
372	286	0	3.20021851	0	0	0	0	0	5e-06	0	0	0	0	0	3
373	287	0	3.20882125	0	0	0	0	0	5e-06	0	0	0	0	0	3
374	288	0	3.21742399	0	0	0	0	0	5e-06	0	0	0	0	0	3
375	288	0	3.22602673	0	0	0	0	0	5e-06	0	0	0	0	0	3
376	289	0	3.23462946	0	0	0	0	0	5e-06	0	0	0	0	0	3
377	290	0	3.2432322	0	0	0	0	0	5e-06	0	0	0	0	0	3
378	290	0	3.25183494	0	0	0	0	0	5e-06	0	0	0	0	0	3
379	291	0	3.26043768	0	0	0	0	0	5e-06	0	0	0	0	0	3
380	292	0	3.26904042	0	0	0	0	0	5e-06	0	0	0	0	0	3
381	292	0	3.27764315	0	0	0	0	0	5e-06	0	0	0	0	0	3
382	293	0	3.28624589	0	0	0	0	0	5e-06	0	0	0	0	0	3
383	294	0	3.29484863	0	0	0	0	0	5e-06	0	0	0	0	0	3
384	294	0	3.30345137	0	0	0	0	0	5e-06	0	0	0	0	0	3
385	295	0	3.3120541	0	0	0	0	0	5e-06	0	0	0	0	0	3
386	296	0	3.32065684	0	0	0	0	0	5e-06	0	0	0	0	0	3
387	297	0	3.32925958	0	0	0	0	0	5e-06	0	0	0	0	0	3
388	297	0	3.33786232	0	0	0	0	0	5e-06	0	0	0	0	0	3
389	298	0	3.34646506	0	0	0	0	0	5e-06	0	0	0	0	0	3
390	299	0	3.35506779	0	0	0	0	0	5e-06	0	0	0	0	0	3
391	299	0	3.36367053	0	0	0	0	0	5e-06	0	0	0	0	0	3
392	300	0	3.37227327	0	0	0	0	0	5e-06	0	0	0	0	0	3
393	301	0	3.38087601	0	0	0	0	0	5e-06	0	0	0	0	0	3
394	301	0	3.38947875	0	0	0	0	0	5e-06	0	0	0	0	0	3
395	302	0	3.39808148	0	0	0	0	0	5e-06	0	0	0	0	0	3
396	303	0	3.40668422	0	0	0	0	0	5e-06	0	0	0	0	0	3
397	304	0	3.41528696	0	0	0	0	0	5e-06	0	0	0	0	0	3
398	304	0	3.4238897	0	0	0	0	0	5e-06	0	0	0	0	0	3
399	305	0	3.43249244	0	0	0	0	0	5e-06	0	0	0	0	0	3
400	306	0	3.44109517	0	0	0	0	0	5e-06	0	0	0	0	0	3
401	307	0	3.44969791	0	0	0	0	0	5e-06	0	0	0	0	0	3
402	308	0	3.45830065	0	0	0	0	0	5e-06	0	0	0	0	0	3
403	308	0	3.46690339	0	0	0	0	0	5e-06	0	0	0	0	0	3
404	309	0	3.47550613	0	0	0	0	0	5e-06	0	0	0	0	0	3
405	310	0	3.48410886	0	0	0	0	0	5e-06	0	0	0	0	0	3
406	310	0	3.4927116	0	0	0	0	0	5e-06	0	0	0	0	0	3
407	311	0	3.50131434	0	0	0	0	0	5e-06	0	0	0	0	0	3
408	312	0	3.50991708	0	0	0	0	0	5e-06	0	0	0	0	0	3
409	313	0	3.51851982	0	0	0	0	0	5e-06	0	0	0	0	0	3
410	313	0	3.52712255	0	0	0	0	0	5e-06	0	0	0	0	0	3
411	314	0	3.53572529	0	0	0	0	0	5e-06	0	0	0	0	0	3
412	315	0	3.54432803	0	0	0	0	0	5e-06	0	0	0	0	0	3
413	316	0	3.55293077	0	0	0	0	0	5e-06	0	0	0	0	0	3
414	316	0	3.5615335	0	0	0	0	0	5e-06	0	0	0	0	0	3
415	317	0	3.57013624	0	0	0	0	0	5e-06	0	0	0	0	0	3
416	318	0	3.57873898	0	0	0	0	0	5e-06	0	0	0	0	0	3
417	318	0	3.58734172	0	0	0	0	0	5e-06	0	0	0	0	0	3
418	319	0	3.59594446	0	0	0	0	0	5e-06	0	0	0	0	0	3
419	320	0	3.60454719	0	0	0	0	0	5e-06	0	0	0	0	0	3
420	321	0	3.61314993	0	0	0	0	0	5e-06	0	0	0	0	0	3
421	321	0	3.62175267	0	0	0	0	0	5e-06	0	0	0	0	0	3
422	322	0	3.63035541	0	0	0	0	0	5e-06	0	0	0	0	0	3
423	323	0	3.63895815	0	0	0	0	0	5e-06	0	0	0	0	0	3
424	323	0	3.64756088	0	0	0	0	0	5e-06	0	0	0	0	0	3
425	324	0	3.65616362	0	0	0	0	0	5e-06	0	0	0	0	0	3
426	325	0	3.66476636	0	0	0	0	0	5e-06	0	0	0	0	0	3
427	325	0	3.6733691	0	0	0	0	0	5e-06	0	0	0	0	0	3
428	326	0	3.68197184	0	0	0	0	0	5e-06	0	0	0	0	0	3
429	327	0	3.69057457	0	0	0	0	0	5e-06	0	0	0	0	0	3
430	327	0	3.69917731	0	0	0	0	0	5e-06	0	0	0	0	0	3
431	328	0	3.70778005	0	0	0	0	0	5e-06	0	0	0	0	0	3
432	329	0	3.71638279	0	0	0	0	0	5e-06	0	0	0	0	0	3
433	330	0	3.72498553	0	0	0	0	0	5e-06	0	0	0	0	0	3
434	330	0	3.73358826	0	0	0	0	0	5e-06	0	0	0	0	0	3
435	331	0	3.742191	0	0	0	0	0	5e-06	0	0	0	0	0	3
436	332	0	3.75079374	0	0	0	0	0	5e-06	0	0	0	0	0	3
437	332	0	3.75939648	0	0	0	0	0	5e-06	0	0	0	0	0	3
438	333	0	3.76799922	0	0	0	0	0	5e-06	0	0	0	0	0	3
439	334	0	3.77660195	0	0	0	0	0	5e-06	0	0	0	0	0	3
440	334	0	3.78520469	0	0	0	0	0	5e-06	0	0	0	0	0	3
441	335	0	3.79380743	0	0	0	0	0	5e-06	0	0	0	0	0	3
442	336	0	3.80241017	0	0	0	0	0	5e-06	0	0	0	0	0	3
443	336	0	3.81101291	0	0	0	0	0	5e-06	0	0	0	0	0	3
444	337	0	3.81961564	0	0	0	0	0	5e-06	0	0	0	0	0	3
445	338	0	3.82821838	0	0	0	0	0	5e-06	0	0	0	0	0	3
446	338	0	3.83682112	0	0	0	0	0	5e-06	0	0	0	0	0	3
447	339	0	3.84542386	0	0	0	0	0	5e-06	0	0	0	0	0	3
448	340	0	3.85402659	0	0	0	0	0	5e-06	0	0	0	0	0	3
449	340	0	3.86262933	0	0	0	0	0	5e-06	0	0	0	0	0	3
450	341	0	3.87123207	0	0	0	0	0	5e-06	0	0	0	0	0	3
451	342	0	3.87983481	0	0	0	0	0	5e-06	0	0	0	0	0	3
452	342	0	3.88843755	0	0	0	0	0	5e-06	0	0	0	0	0	3
453	343	0	3.89704028	0	0	0	0	0	5e-06	0	0	0	0	0	3
454	344	0	3.90564302	0	0	0	0	0	5e-06	0	0	0	0	0	3
455	344	0	3.91424576	0	0	0	0	0	5e-06	0	0	0	0	0	3
456	345	0	3.9228485	0	0	0	0	0	5e-06	0	0	0	0	0	3
457	346	0	3.93145124	0	0	0	0	0	5e-06	0	0	0	0	0	3
458	347	0	3.94005397	0	0	0	0	0	5e-06	0	0	0	0	0	3
459	347	0	3.94865671	0	0	0	0	0	5e-06	0	0	0	0	0	3
460	348	0	3.95725945	0	0	0	0	0	5e-06	0	0	0	0	0	3
461	349	0	3.96586219	0	0	0	0	0	5e-06	0	0	0	0	0	3
462	349	0	3.97446493	0	0	0	0	0	5e-06	0	0	0	0	0	3
463	350	0	3.98306766	0	0	0	0	0	5e-06	0	0	0	0	0	3
464	351	0	3.9916704	0	0	0	0	0	5e-06	0	0	0	0	0	3
465	351	0	4.00027314	0	0	0	0	0	5e-06	0	0	0	0	0	3
466	352	0	4.00887588	0	0	0	0	0	5e-06	0	0	0	0	0	3
467	353	0	4.01747862	0	0	0	0	0	5e-06	0	0	0	0	0	3
468	354	0	4.02608135	0	0	0	0	0	5e-06	0	0	0	0	0	3
469	354	0	4.03468409	0	0	0	0	0	5e-06	0	0	0	0	0	3
470	355	0	4.04328683	0	0	0	0	0	5e-06	0	0	0	0	0	3
471	356	0	4.05188957	0	0	0	0	0	5e-06	0	0	0	0	0	3
472	356	0	4.06049231	0	0	0	0	0	5e-06	0	0	0	0	0	3
473	357	0	4.06909504	0	0	0	0	0	5e-06	0	0	0	0	0	3
474	358	0	4.07769778	0	0	0	0	0	5e-06	0	0	0	0	0	3
475	358	0	4.08630052	0	0	0	0	0	5e-06	0	0	0	0	0	3
476	359	0	4.09490326	0	0	0	0	0	5e-06	0	0	0	0	0	3
477	360	0	4.10350599	0	0	0	0	0	5e-06	0	0	0	0	0	3
478	361	0	4.11210873	0	0	0	0	0	5e-06	0	0	0	0	0	3
479	361	0	4.12071147	0	0	0	0	0	5e-06	0	0	0	0	0	3
480	362	0	4.12931421	0	0	0	0	0	5e-06	0	0	0	0	0	3
481	363	0	4.13791695	0	0	0	0	0	5e-06	0	0	0	0	0	3
482	363	0	4.14651968	0	0	0	0	0	5e-06	0	0	0	0	0	3
483	364	0	4.15512242	0	0	0	0	0	5e-06	0	0	0	0	0	3
484	365	0	4.16372516	0	0	0	0	0	5e-06	0	0	0	0	0	3
485	366	0	4.1723279	0	0	0	0	0	5e-06	0	0	0	0	0	3
486	366	0	4.18093064	0	0	0	0	0	5e-06	0	0	0	0	0	3
487	367	0	4.18953337	0	0	0	0	0	5e-06	0	0	0	0	0	3
488	368	0	4.19813611	0	0	0	0	0	5e-06	0	0	0	0	0	3
489	368	0	4.20673885	0	0	0	0	0	5e-06	0	0	0	0	0	3
490	369	0	4.21534159	0	0	0	0	0	5e-06	0	0	0	0	0	3
491	370	0	4.22394433	0	0	0	0	0	5e-06	0	0	0	0	0	3
492	370	0	4.23254706	0	0	0	0	0	5e-06	0	0	0	0	0	3
493	371	0	4.2411498	0	0	0	0	0	5e-06	0	0	0	0	0	3
494	372	0	4.24975254	0	0	0	0	0	5e-06	0	0	0	0	0	3
495	373	0	4.25835528	0	0	0	0	0	5e-06	0	0	0	0	0	3
496	373	0	4.26695802	0	0	0	0	0	5e-06	0	0	0	0	0	3
497	374	0	4.27556075	0	0	0	0	0	5e-06	0	0	0	0	0	3
498	375	0	4.28416349	0	0	0	0	0	5e-06	0	0	0	0	0	3
499	375	0	4.29276623	0	0	0	0	0	5e-06	0	0	0	0	0	3
500	376	0	4.30136897	0	0	0	0	0	5e-06	0	0	0	0	0	3
501	377	0	4.30997171	0	0	0	0	0	5e-06	0	0	0	0	0	3
502	378	0	4.31857444	0	0	0	0	0	5e-06	0	0	0	0	0	3
503	378	0	4.32717718	0	0	0	0	0	5e-06	0	0	0	0	0	3
504	379	0	4.33577992	0	0	0	0	0	5e-06	0	0	0	0	0	3
505	380	0	4.34438266	0	0	0	0	0	5e-06	0	0	0	0	0	3
506	380	0	4.35298539	0	0	0	0	0	5e-06	0	0	0	0	0	3
507	381	0	4.36158813	0	0	0	0	0	5e-06	0	0	0	0	0	3
508	382	0	4.37019087	0	0	0	0	0	5e-06	0	0	0	0	0	3
509	383	0	4.37879361	0	0	0	0	0	5e-06	0	0	0	0	0	3
510	383	0	4.38739635	0	0	0	0	0	5e-06	0	0	0	0	0	3
511	384	0	4.39599908	0	0	0	0	0	5e-06	0	0	0	0	0	3
512	385	0	4.40460182	0	0	0	0	0	5e-06	0	0	0	0	0	3
513	385	0	4.41320456	0	0	0	0	0	5e-06	0	0	0	0	0	3
514	386	0	4.4218073	0	0	0	0	0	5e-06	0	0	0	0	0	3
515	387	0	4.43041004	0	0	0	0	0	5e-06	0	0	0	0	0	3
516	387	0	4.43901277	0	0	0	0	0	5e-06	0	0	0	0	0	3
517	388	0	4.44761551	0	0	0	0	0	5e-06	0	0	0	0	0	3
518	389	0	4.45621825	0	0	0	0	0	5e-06	0	0	0	0	0	3
519	389	0	4.46482099	0	0	0	0	0	5e-06	0	0	0	0	0	3
520	390	0	4.47342373	0	0	0	0	0	5e-06	0	0	0	0	0	3
521	391	0	4.48202646	0	0	0	0	0	5e-06	0	0	0	0	0	3
522	391	0	4.4906292	0	0	0	0	0	5e-06	0	0	0	0	0	3
523	392	0	4.49923194	0	0	0	0	0	5e-06	0	0	0	0	0	3
524	393	0	4.50783468	0	0	0	0	0	5e-06	0	0	0	0	0	3
525	393	0	4.51643742	0	0	0	0	0	5e-06	0	0	0	0	0	3
526	394	0	4.52504015	0	0	0	0	0	5e-06	0	0	0	0	0	3
527	395	0	4.53364289	0	0	0	0	0	5e-06	0	0	0	0	0	3
528	395	0	4.54224563	0	0	0	0	0	5e-06	0	0	0	0	0	3
529	396	0	4.55084837	0	0	0	0	0	5e-06	0	0	0	0	0	3
530	397	0	4.55945111	0	0	0	0	0	5e-06	0	0	0	0	0	3
531	397	0	4.56805384	0	0	0	0	0	5e-06	0	0	0	0	0	3
532	398	0	4.57665658	0	0	0	0	0	5e-06	0	0	0	0	0	3
533	399	0	4.58525932	0	0	0	0	0	5e-06	0	0	0	0	0	3
534	400	0	4.59386206	0	0	0	0	0	5e-06	0	0	0	0	0	3
535	400	0	4.6024648	0	0	0	0	0	5e-06	0	0	0	0	0	3
536	401	0	4.61106753	0	0	0	0	0	5e-06	0	0	0	0	0	3
537	402	0	4.61967027	0	0	0	0	0	5e-06	0	0	0	0	0	3
538	402	0	4.62827301	0	0	0	0	0	5e-06	0	0	0	0	0	3
539	403	0	4.63687575	0	0	0	0	0	5e-06	0	0	0	0	0	3
540	404	0	4.64547848	0	0	0	0	0	5e-06	0	0	0	0	0	3
541	404	0	4.65408122	0	0	0	0	0	5e-06	0	0	0	0	0	3
542	405	0	4.66268396	0	0	0	0	0	5e-06	0	0	0	0	0	3
543	406	0	4.6712867	0	0	0	0	0	5e-06	0	0	0	0	0	3
544	406	0	4.67988944	0	0	0	0	0	5e-06	0	0	0	0	0	3
545	407	0	4.68849217	0	0	0	0	0	5e-06	0	0	0	0	0	3
546	408	0	4.69709491	0	0	0	0	0	5e-06	0	0	0	0	0	3
547	408	0	4.70569765	0	0	0	0	0	5e-06	0	0	0	0	0	3
548	409	0	4.71430039	0	0	0	0	0	5e-06	0	0	0	0	0	3
549	410	0	4.72290313	0	0	0	0	0	5e-06	0	0	0	0	0	3
550	411	0	4.73150586	0	0	0	0	0	5e-06	0	0	0	0	0	3
551	411	0	4.7401086	0	0	0	0	0	5e-06	0	0	0	0	0	3
552	412	0	4.74871134	0	0	0	0	0	5e-06	0	0	0	0	0	3
553	413	0	4.75731408	0	0	0	0	0	5e-06	0	0	0	0	0	3
554	413	0	4.76591682	0	0	0	0	0	5e-06	0	0	0	0	0	3
555	414	0	4.77451955	0	0	0	0	0	5e-06	0	0	0	0	0	3
556	415	0	4.78312229	0	0	0	0	0	5e-06	0	0	0	0	0	3
557	416	0	4.79172503	0	0	0	0	0	5e-06	0	0	0	0	0	3
558	416	0	4.80032777	0	0	0	0	0	5e-06	0	0	0	0	0	3
559	417	0	4.80893051	0	0	0	0	0	5e-06	0	0	0	0	0	3
560	418	0	4.81753324	0	0	0	0	0	5e-06	0	0	0	0	0	3
561	418	0	4.82613598	0	0	0	0	0	5e-06	0	0	0	0	0	3
562	419	0	4.83473872	0	0	0	0	0	5e-06	0	0	0	0	0	3
563	420	0	4.84334146	0	0	0	0	0	5e-06	0	0	0	0	0	3
564	421	0	4.8519442	0	0	0	0	0	5e-06	0	0	0	0	0	3
565	421	0	4.86054693	0	0	0	0	0	5e-06	0	0	0	0	0	3
566	422	0	4.86914967	0	0	0	0	0	5e-06	0	0	0	0	0	3
567	423	0	4.87775241	0	0	0	0	0	5e-06	0	0	0	0	0	3
568	423	0	4.88635515	0	0	0	0	0	5e-06	0	0	0	0	0	3
569	424	0	4.89495788	0	0	0	0	0	5e-06	0	0	0	0	0	3
570	425	0	4.90356062	0	0	0	0	0	5e-06	0	0	0	0	0	3
571	425	0	4.91216336	0	0	0	0	0	5e-06	0	0	0	0	0	3
572	426	0	4.9207661	0	0	0	0	0	5e-06	0	0	0	0	0	3
573	427	0	4.92936884	0	0	0	0	0	5e-06	0	0	0	0	0	3
574	427	0	4.93797157	0	0	0	0	0	5e-06	0	0	0	0	0	3
575	428	0	4.94657431	0	0	0	0	0	5e-06	0	0	0	0	0	3
576	429	0	4.95517705	0	0	0	0	0	5e-06	0	0	0	0	0	3
577	429	0	4.96377979	0	0	0	0	0	5e-06	0	0	0	0	0	3
578	430	0	4.97238253	0	0	0	0	0	5e-06	0	0	0	0	0	3
579	431	0	4.98098526	0	0	0	0	0	5e-06	0	0	0	0	0	3
580	432	0	4.989588	0	0	0	0	0	5e-06	0	0	0	0	0	3
581	432	0	4.99819074	0	0	0	0	0	5e-06	0	0	0	0	0	3
582	433	0	5.00679348	0	0	0	0	0	5e-06	0	0	0	0	0	3
583	434	0	5.01539622	0	0	0	0	0	5e-06	0	0	0	0	0	3
584	434	0	5.02399895	0	0	0	0	0	5e-06	0	0	0	0	0	3
585	435	0	5.03260169	0	0	0	0	0	5e-06	0	0	0	0	0	3
586	436	0	5.04120443	0	0	0	0	0	5e-06	0	0	0	0	0	3
587	436	0	5.04980717	0	0	0	0	0	5e-06	0	0	0	0	0	3
588	437	0	5.05840991	0	0	0	0	0	5e-06	0	0	0	0	0	3
589	438	0	5.06701264	0	0	0	0	0	5e-06	0	0	0	0	0	3
590	438	0	5.07561538	0	0	0	0	0	5e-06	0	0	0	0	0	3
591	439	0	5.08421812	0	0	0	0	0	5e-06	0	0	0	0	0	3
592	440	0	5.09282086	0	0	0	0	0	5e-06	0	0	0	0	0	3
593	440	0	5.1014236	0	0	0	0	0	5e-06	0	0	0	0	0	3
594	441	0	5.11002633	0	0	0	0	0	5e-06	0	0	0	0	0	3
595	442	0	5.11862907	0	0	0	0	0	5e-06	0	0	0	0	0	3
596	443	0	5.12723181	0	0	0	0	0	5e-06	0	0	0	0	0	3
597	443	0	5.13583455	0	0	0	0	0	5e-06	0	0	0	0	0	3
598	444	0	5.14443728	0	0	0	0	0	5e-06	0	0	0	0	0	3
599	445	0	5.15304002	0	0	0	0	0	5e-06	0	0	0	0	0	3
600	445	0	5.16164276	0	0	0	0	0	5e-06	0	0	0	0	0	3
601	446	0	5.1702455	0	0	0	0	0	5e-06	0	0	0	0	0	3
602	447	0	5.17884824	0	0	0	0	0	5e-06	0	0	0	0	0	3
603	448	0	5.18745097	0	0	0	0	0	5e-06	0	0	0	0	0	3
604	449	0	5.19605371	0	0	0	0	0	5e-06	0	0	0	0	0	3
605	449	0	5.20465645	0	0	0	0	0	5e-06	0	0	0	0	0	3
606	450	0	5.21325919	0	0	0	0	0	5e-06	0	0	0	0	0	3
607	451	0	5.22186193	0	0	0	0	0	5e-06	0	0	0	0	0	3
608	451	0	5.23046466	0	0	0	0	0	5e-06	0	0	0	0	0	3
609	452	0	5.2390674	0	0	0	0	0	5e-06	0	0	0	0	0	3
610	453	0	5.24767014	0	0	0	0	0	5e-06	0	0	0	0	0	3
611	453	0	5.25627288	0	0	0	0	0	5e-06	0	0	0	0	0	3
612	454	0	5.26487562	0	0	0	0	0	5e-06	0	0	0	0	0	3
613	455	0	5.27347835	0	0	0	0	0	5e-06	0	0	0	0	0	3
614	456	0	5.28208109	0	0	0	0	0	5e-06	0	0	0	0	0	3
615	457	0	5.29068383	0	0	0	0	0	5e-06	0	0	0	0	0	3
616	457	0	5.29928657	0	0	0	0	0	5e-06	0	0	0	0	0	3
617	458	0	5.30788931	0	0	0	0	0	5e-06	0	0	0	0	0	3
618	459	0	5.31649204	0	0	0	0	0	5e-06	0	0	0	0	0	3
619	459	0	5.32509478	0	0	0	0	0	5e-06	0	0	0	0	0	3
620	460	0	5.33369752	0	0	0	0	0	5e-06	0	0	0	0	0	3
621	461	0	5.34230026	0	0	0	0	0	5e-06	0	0	0	0	0	3
622	461	0	5.350903	0	0	0	0	0	5e-06	0	0	0	0	0	3
623	462	0	5.35950573	0	0	0	0	0	5e-06	0	0	0	0	0	3
624	463	0	5.36810847	0	0	0	0	0	5e-06	0	0	0	0	0	3
625	463	0	5.37671121	0	0	0	0	0	5e-06	0	0	0	0	0	3
626	464	0	5.38531395	0	0	0	0	0	5e-06	0	0	0	0	0	3
627	465	0	5.39391668	0	0	0	0	0	5e-06	0	0	0	0	0	3
628	465	0	5.40251942	0	0	0	0	0	5e-06	0	0	0	0	0	3
629	466	0	5.41112216	0	0	0	0	0	5e-06	0	0	0	0	0	3
630	467	0	5.4197249	0	0	0	0	0	5e-06	0	0	0	0	0	3
631	467	0	5.42832764	0	0	0	0	0	5e-06	0	0	0	0	0	3
632	468	0	5.43693037	0	0	0	0	0	5e-06	0	0	0	0	0	3
633	469	0	5.44553311	0	0	0	0	0	5e-06	0	0	0	0	0	3
634	470	0	5.45413585	0	0	0	0	0	5e-06	0	0	0	0	0	3
635	470	0	5.46273859	0	0	0	0	0	5e-06	0	0	0	0	0	3
636	471	0	5.47134133	0	0	0	0	0	5e-06	0	0	0	0	0	3
637	472	0	5.47994406	0	0	0	0	0	5e-06	0	0	0	0	0	3
638	472	0	5.4885468	0	0	0	0	0	5e-06	0	0	0	0	0	3
639	473	0	5.49714954	0	0	0	0	0	5e-06	0	0	0	0	0	3
640	474	0	5.50575228	0	0	0	0	0	5e-06	0	0	0	0	0	3
641	474	0	5.51435502	0	0	0	0	0	5e-06	0	0	0	0	0	3
642	475	0	5.52295775	0	0	0	0	0	5e-06	0	0	0	0	0	3
643	476	0	5.53156049	0	0	0	0	0	5e-06	0	0	0	0	0	3
644	476	0	5.54016323	0	0	0	0	0	5e-06	0	0	0	0	0	3
645	477	0	5.54876597	0	0	0	0	0	5e-06	0	0	0	0	0	3
646	478	0	5.55736871	0	0	0	0	0	5e-06	0	0	0	0	0	3
647	479	0	5.56597144	0	0	0	0	0	5e-06	0	0	0	0	0	3
648	479	0	5.57457418	0	0	0	0	0	5e-06	0	0	0	0	0	3
649	480	0	5.58317692	0	0	0	0	0	5e-06	0	0	0	0	0	3
650	481	0	5.59177966	0	0	0	0	0	5e-06	0	0	0	0	0	3
651	481	0	5.6003824	0	0	0	0	0	5e-06	0	0	0	0	0	3
652	482	0	5.60898513	0	0	0	0	0	5e-06	0	0	0	0	0	3
653	483	0	5.61758787	0	0	0	0	0	5e-06	0	0	0	0	0	3
654	483	0	5.62619061	0	0	0	0	0	5e-06	0	0	0	0	0	3
655	484	0	5.63479335	0	0	0	0	0	5e-06	0	0	0	0	0	3
656	485	0	5.64339609	0	0	0	0	0	5e-06	0	0	0	0	0	3
657	485	0	5.65199882	0	0	0	0	0	5e-06	0	0	0	0	0	3
658	486	0	5.66060156	0	0	0	0	0	5e-06	0	0	0	0	0	3
659	487	0	5.6692043	0	0	0	0	0	5e-06	0	0	0	0	0	3
660	487	0	5.67780704	0	0	0	0	0	5e-06	0	0	0	0	0	3
661	488	0	5.68640977	0	0	0	0	0	5e-06	0	0	0	0	0	3
662	489	0	5.69501251	0	0	0	0	0	5e-06	0	0	0	0	0	3
663	489	0	5.70361525	0	0	0	0	0	5e-06	0	0	0	0	0	3
664	490	0	5.71221799	0	0	0	0	0	5e-06	0	0	0	0	0	3
665	491	0	5.72082073	0	0	0	0	0	5e-06	0	0	0	0	0	3
666	492	0	5.72942346	0	0	0	0	0	5e-06	0	0	0	0	0	3
667	492	0	5.7380262	0	0	0	0	0	5e-06	0	0	0	0	0	3
668	493	0	5.74662894	0	0	0	0	0	5e-06	0	0	0	0	0	3
669	494	0	5.75523168	0	0	0	0	0	5e-06	0	0	0	0	0	3
670	494	0	5.76383442	0	0	0	0	0	5e-06	0	0	0	0	0	3
671	495	0	5.77243715	0	0	0	0	0	5e-06	0	0	0	0	0	3
672	496	0	5.78103989	0	0	0	0	0	5e-06	0	0	0	0	0	3
673	496	0	5.78964263	0	0	0	0	0	5e-06	0	0	0	0	0	3
674	497	0	5.79824537	0	0	0	0	0	5e-06	0	0	0	0	0	3
675	498	0	5.80684811	0	0	0	0	0	5e-06	0	0	0	0	0	3
676	499	0	5.81545084	0	0	0	0	0	5e-06	0	0	0	0	0	3
677	499	0	5.82405358	0	0	0	0	0	5e-06	0	0	0	0	0	3
678	500	0	5.83265632	0	0	0	0	0	5e-06	0	0	0	0	0	3
679	501	0	5.84125906	0	0	0	0	0	5e-06	0	0	0	0	0	3
680	501	0	5.8498618	0	0	0	0	0	5e-06	0	0	0	0	0	3
681	502	0	5.85846453	0	0	0	0	0	5e-06	0	0	0	0	0	3
682	503	0	5.86706727	0	0	0	0	0	5e-06	0	0	0	0	0	3
683	503	0	5.87567001	0	0	0	0	0	5e-06	0	0	0	0	0	3
684	504	0	5.88427275	0	0	0	0	0	5e-06	0	0	0	0	0	3
685	505	0	5.89287549	0	0	0	0	0	5e-06	0	0	0	0	0	3
686	505	0	5.90147822	0	0	0	0	0	5e-06	0	0	0	0	0	3
687	506	0	5.91008096	0	0	0	0	0	5e-06	0	0	0	0	0	3
688	507	0	5.9186837	0	0	0	0	0	5e-06	0	0	0	0	0	3
689	508	0	5.92728644	0	0	0	0	0	5e-06	0	0	0	0	0	3
690	508	0	5.93588917	0	0	0	0	0	5e-06	0	0	0	0	0	3
691	509	0	5.94449191	0	0	0	0	0	5e-06	0	0	0	0	0	3
692	510	0	5.95309465	0	0	0	0	0	5e-06	0	0	0	0	0	3
693	510	0	5.96169739	0	0	0	0	0	5e-06	0	0	0	0	0	3
694	511	0	5.97030013	0	0	0	0	0	5e-06	0	0	0	0	0	3
695	512	0	5.97890286	0	0	0	0	0	5e-06	0	0	0	0	0	3
696	513	0	5.9875056	0	0	0	0	0	5e-06	0	0	0	0	0	3
697	513	0	5.99610834	0	0	0	0	0	5e-06	0	0	0	0	0	3
698	514	0	6.00471108	0	0	0	0	0	5e-06	0	0	0	0	0	3
699	515	0	6.01331382	0	0	0	0	0	5e-06	0	0	0	0	0	3
700	515	0	6.02191655	0	0	0	0	0	5e-06	0	0	0	0	0	3
701	516	0	6.03051929	0	0	0	0	0	5e-06	0	0	0	0	0	3
702	517	0	6.03912203	0	0	0	0	0	5e-06	0	0	0	0	0	3
703	518	0	6.04772477	0	0	0	0	0	5e-06	0	0	0	0	0	3
704	518	0	6.05632751	0	0	0	0	0	5e-06	0	0	0	0	0	3
705	519	0	6.06493024	0	0	0	0	0	5e-06	0	0	0	0	0	3
706	520	0	6.07353298	0	0	0	0	0	5e-06	0	0	0	0	0	3
707	520	0	6.08213572	0	0	0	0	0	5e-06	0	0	0	0	0	3
708	521	0	6.09073846	0	0	0	0	0	5e-06	0	0	0	0	0	3
709	522	0	6.0993412	0	0	0	0	0	5e-06	0	0	0	0	0	3
710	522	0	6.10794393	0	0	0	0	0	5e-06	0	0	0	0	0	3
711	523	0	6.11654667	0	0	0	0	0	5e-06	0	0	0	0	0	3
712	524	0	6.12514941	0	0	0	0	0	5e-06	0	0	0	0	0	3
713	525	0	6.13375215	0	0	0	0	0	5e-06	0	0	0	0	0	3
714	525	0	6.14235489	0	0	0	0	0	5e-06	0	0	0	0	0	3
715	526	0	6.15095762	0	0	0	0	0	5e-06	0	0	0	0	0	3
716	527	0	6.15956036	0	0	0	0	0	5e-06	0	0	0	0	0	3
717	527	0	6.1681631	0	0	0	0	0	5e-06	0	0	0	0	0	3
718	528	0	6.17676584	0	0	0	0	0	5e-06	0	0	0	0	0	3
719	529	0	6.18536857	0	0	0	0	0	5e-06	0	0	0	0	0	3
720	529	0	6.19397131	0	0	0	0	0	5e-06	0	0	0	0	0	3
721	530	0	6.20257405	0	0	0	0	0	5e-06	0	0	0	0	0	3
722	531	0	6.21117679	0	0	0	0	0	5e-06	0	0	0	0	0	3
723	531	0	6.21977953	0	0	0	0	0	5e-06	0	0	0	0	0	3
724	532	0	6.22838226	0	0	0	0	0	5e-06	0	0	0	0	0	3
725	533	0	6.236985	0	0	0	0	0	5e-06	0	0	0	0	0	3
726	533	0	6.24558774	0	0	0	0	0	5e-06	0	0	0	0	0	3
727	534	0	6.25419048	0	0	0	0	0	5e-06	0	0	0	0	0	3
728	535	0	6.26279322	0	0	0	0	0	5e-06	0	0	0	0	0	3
729	535	0	6.27139595	0	0	0	0	0	5e-06	0	0	0	0	0	3
730	536	0	6.27999869	0	0	0	0	0	5e-06	0	0	0	0	0	3
731	537	0	6.28860143	0	0	0	0	0	5e-06	0	0	0	0	0	3
732	538	0	6.29720417	0	0	0	0	0	5e-06	0	0	0	0	0	3
733	538	0	6.30580691	0	0	0	0	0	5e-06	0	0	0	0	0	3
734	539	0	6.31440964	0	0	0	0	0	5e-06	0	0	0	0	0	3
735	540	0	6.32301238	0	0	0	0	0	5e-06	0	0	0	0	0	3
736	540	0	6.33161512	0	0	0	0	0	5e-06	0	0	0	0	0	3
737	541	0	6.34021786	0	0	0	0	0	5e-06	0	0	0	0	0	3
738	542	0	6.3488206	0	0	0	0	0	5e-06	0	0	0	0	0	3
739	542	0	6.35742333	0	0	0	0	0	5e-06	0	0	0	0	0	3
740	543	0	6.36602607	0	0	0	0	0	5e-06	0	0	0	0	0	3
741	544	0	6.37462881	0	0	0	0	0	5e-06	0	0	0	0	0	3
742	544	0	6.38323155	0	0	0	0	0	5e-06	0	0	0	0	0	3
743	545	0	6.39183429	0	0	0	0	0	5e-06	0	0	0	0	0	3
744	546	0	6.40043702	0	0	0	0	0	5e-06	0	0	0	0	0	3
745	547	0	6.40903976	0	0	0	0	0	5e-06	0	0	0	0	0	3
746	547	0	6.4176425	0	0	0	0	0	5e-06	0	0	0	0	0	3
747	548	0	6.42624524	0	0	0	0	0	5e-06	0	0	0	0	0	3
748	549	0	6.43484798	0	0	0	0	0	5e-06	0	0	0	0	0	3
749	549	0	6.44345071	0	0	0	0	0	5e-06	0	0	0	0	0	3
750	550	0	6.45205345	0	0	0	0	0	5e-06	0	0	0	0	0	3
751	551	0	6.46065619	0	0	0	0	0	5e-06	0	0	0	0	0	3
752	551	0	6.46925893	0	0	0	0	0	5e-06	0	0	0	0	0	3
753	552	0	6.47786166	0	0	0	0	0	5e-06	0	0	0	0	0	3
754	553	0	6.4864644	0	0	0	0	0	5e-06	0	0	0	0	0	3
755	553	0	6.49506714	0	0	0	0	0	5e-06	0	0	0	0	0	3
756	554	0	6.50366988	0	0	0	0	0	5e-06	0	0	0	0	0	3
757	555	0	6.51227262	0	0	0	0	0	5e-06	0	0	0	0	0	3
758	555	0	6.52087535	0	0	0	0	0	5e-06	0	0	0	0	0	3
759	556	0	6.52947809	0	0	0	0	0	5e-06	0	0	0	0	0	3
760	557	0	6.53808083	0	0	0	0	0	5e-06	0	0	0	0	0	3
761	558	0	6.54668357	0	0	0	0	0	5e-06	0	0	0	0	0	3
762	558	0	6.55528631	0	0	0	0	0	5e-06	0	0	0	0	0	3
763	559	0	6.56388904	0	0	0	0	0	5e-06	0	0	0	0	0	3
764	560	0	6.57249178	0	0	0	0	0	5e-06	0	0	0	0	0	3
765	560	0	6.58109452	0	0	0	0	0	5e-06	0	0	0	0	0	3
766	561	0	6.58969726	0	0	0	0	0	5e-06	0	0	0	0	0	3
767	562	0	6.5983	0	0	0	0	0	5e-06	0	0	0	0	0	3
768	562	0	6.60690273	0	0	0	0	0	5e-06	0	0	0	0	0	3
769	563	0	6.61550547	0	0	0	0	0	5e-06	0	0	0	0	0	3
770	564	0	6.62410821	0	0	0	0	0	5e-06	0	0	0	0	0	3
771	564	0	6.63271095	0	0	0	0	0	5e-06	0	0	0	0	0	3
772	565	0	6.64131369	0	0	0	0	0	5e-06	0	0	0	0	0	3
773	566	0	6.64991642	0	0	0	0	0	5e-06	0	0	0	0	0	3
774	567	0	6.65851916	0	0	0	0	0	5e-06	0	0	0	0	0	3
775	567	0	6.6671219	0	0	0	0	0	5e-06	0	0	0	0	0	3
776	568	0	6.67572464	0	0	0	0	0	5e-06	0	0	0	0	0	3
777	569	0	6.68432738	0	0	0	0	0	5e-06	0	0	0	0	0	3
778	569	0	6.69293011	0	0	0	0	0	5e-06	0	0	0	0	0	3
779	570	0	6.70153285	0	0	0	0	0	5e-06	0	0	0	0	0	3
780	571	0	6.71013559	0	0	0	0	0	5e-06	0	0	0	0	0	3
781	571	0	6.71873833	0	0	0	0	0	5e-06	0	0	0	0	0	3
782	572	0	6.72734106	0	0	0	0	0	5e-06	0	0	0	0	0	3
783	573	0	6.7359438	0	0	0	0	0	5e-06	0	0	0	0	0	3
784	574	0	6.74454654	0	0	0	0	0	5e-06	0	0	0	0	0	3
785	574	0	6.75314928	0	0	0	0	0	5e-06	0	0	0	0	0	3
786	575	0	6.76175202	0	0	0	0	0	5e-06	0	0	0	0	0	3
787	576	0	6.77035475	0	0	0	0	0	5e-06	0	0	0	0	0	3
788	577	0	6.77895749	0	0	0	0	0	5e-06	0	0	0	0	0	3
789	577	0	6.78756023	0	0	0	0	0	5e-06	0	0	0	0	0	3
790	578	0	6.79616297	0	0	0	0	0	5e-06	0	0	0	0	0	3
791	579	0	6.80476571	0	0	0	0	0	5e-06	0	0	0	0	0	3
792	580	0	6.81336844	0	0	0	0	0	5e-06	0	0	0	0	0	3
793	580	0	6.82197118	0	0	0	0	0	5e-06	0	0	0	0	0	3
794	581	0	6.83057392	0	0	0	0	0	5e-06	0	0	0	0	0	3
795	582	0	6.83917666	0	0	0	0	0	5e-06	0	0	0	0	0	3
796	583	0	6.8477794	0	0	0	0	0	5e-06	0	0	0	0	0	3
797	583	0	6.85638213	0	0	0	0	0	5e-06	0	0	0	0	0	3
798	584	0	6.86498487	0	0	0	0	0	5e-06	0	0	0	0	0	3
799	585	0	6.87358761	0	0	0	0	0	5e-06	0	0	0	0	0	3
800	585	0	6.88219035	0	0	0	0	0	5e-06	0	0	0	0	0	3
801	586	0	6.89079309	0	0	0	0	0	5e-06	0	0	0	0	0	3
802	587	0	6.89939582	0	0	0	0	0	5e-06	0	0	0	0	0	3
803	588	0	6.90799856	0	0	0	0	0	5e-06	0	0	0	0	0	3
804	588	0	6.9166013	0	0	0	0	0	5e-06	0	0	0	0	0	3
805	589	0	6.92520404	0	0	0	0	0	5e-06	0	0	0	0	0	3
806	590	0	6.93380678	0	0	0	0	0	5e-06	0	0	0	0	0	3
807	590	0	6.94240951	0	0	0	0	0	5e-06	0	0	0	0	0	3
808	591	0	6.95101225	0	0	0	0	0	5e-06	0	0	0	0	0	3
809	592	0	6.95961499	0	0	0	0	0	5e-06	0	0	0	0	0	3
810	593	0	6.96821773	0	0	0	0	0	5e-06	0	0	0	0	0	3
811	593	0	6.97682046	0	0	0	0	0	5e-06	0	0	0	0	0	3
812	594	0	6.9854232	0	0	0	0	0	5e-06	0	0	0	0	0	3
813	595	0	6.99402594	0	0	0	0	0	5e-06	0	0	0	0	0	3
814	595	0	7.00262868	0	0	0	0	0	5e-06	0	0	0	0	0	3
815	596	0	7.01123142	0	0	0	0	0	5e-06	0	0	0	0	0	3
816	597	0	7.01983415	0	0	0	0	0	5e-06	0	0	0	0	0	3
817	597	0	7.02843689	0	0	0	0	0	5e-06	0	0	0	0	0	3
818	598	0	7.03703963	0	0	0	0	0	5e-06	0	0	0	0	0	3
819	599	0	7.04564237	0	0	0	0	0	5e-06	0	0	0	0	0	3
820	599	0	7.05424511	0	0	0	0	0	5e-06	0	0	0	0	0	3
821	600	0	7.06284784	0	0	0	0	0	5e-06	0	0	0	0	0	3
822	601	0	7.07145058	0	0	0	0	0	5e-06	0	0	0	0	0	3
823	602	0	7.08005332	0	0	0	0	0	5e-06	0	0	0	0	0	3
824	602	0	7.08865606	0	0	0	0	0	5e-06	0	0	0	0	0	3
825	603	0	7.0972588	0	0	0	0	0	5e-06	0	0	0	0	0	3
826	604	0	7.10586153	0	0	0	0	0	5e-06	0	0	0	0	0	3
827	605	0	7.11446427	0	0	0	0	0	5e-06	0	0	0	0	0	3
828	605	0	7.12306701	0	0	0	0	0	5e-06	0	0	0	0	0	3
829	606	0	7.13166975	0	0	0	0	0	5e-06	0	0	0	0	0	3
830	607	0	7.14027249	0	0	0	0	0	5e-06	0	0	0	0	0	3
831	607	0	7.14887522	0	0	0	0	0	5e-06	0	0	0	0	0	3
832	608	0	7.15747796	0	0	0	0	0	5e-06	0	0	0	0	0	3
833	609	0	7.1660807	0	0	0	0	0	5e-06	0	0	0	0	0	3
834	609	0	7.17468344	0	0	0	0	0	5e-06	0	0	0	0	0	3
835	610	0	7.18328618	0	0	0	0	0	5e-06	0	0	0	0	0	3
836	611	0	7.19188891	0	0	0	0	0	5e-06	0	0	0	0	0	3
837	612	0	7.20049165	0	0	0	0	0	5e-06	0	0	0	0	0	3
838	612	0	7.20909439	0	0	0	0	0	5e-06	0	0	0	0	0	3
839	613	0	7.21769713	0	0	0	0	0	5e-06	0	0	0	0	0	3
840	614	0	7.22629987	0	0	0	0	0	5e-06	0	0	0	0	0	3
841	615	0	7.2349026	0	0	0	0	0	5e-06	0	0	0	0	0	3
842	615	0	7.24350534	0	0	0	0	0	5e-06	0	0	0	0	0	3
843	616	0	7.25210808	0	0	0	0	0	5e-06	0	0	0	0	0	3
844	617	0	7.26071082	0	0	0	0	0	5e-06	0	0	0	0	0	3
845	617	0	7.26931355	0	0	0	0	0	5e-06	0	0	0	0	0	3
846	618	0	7.27791629	0	0	0	0	0	5e-06	0	0	0	0	0	3
847	619	0	7.28651903	0	0	0	0	0	5e-06	0	0	0	0	0	3
848	620	0	7.29512177	0	0	0	0	0	5e-06	0	0	0	0	0	3
849	620	0	7.30372451	0	0	0	0	0	5e-06	0	0	0	0	0	3
850	621	0	7.31232724	0	0	0	0	0	5e-06	0	0	0	0	0	3
851	622	0	7.32092998	0	0	0	0	0	5e-06	0	0	0	0	0	3
852	622	0	7.32953272	0	0	0	0	0	5e-06	0	0	0	0	0	3
853	623	0	7.33813546	0	0	0	0	0	5e-06	0	0	0	0	0	3
854	624	0	7.3467382	0	0	0	0	0	5e-06	0	0	0	0	0	3
855	625	0	7.35534093	0	0	0	0	0	5e-06	0	0	0	0	0	3
856	625	0	7.36394367	0	0	0	0	0	5e-06	0	0	0	0	0	3
857	626	0	7.37254641	0	0	0	0	0	5e-06	0	0	0	0	0	3
858	627	0	7.38114915	0	0	0	0	0	5e-06	0	0	0	0	0	3
859	627	0	7.38975189	0	0	0	0	0	5e-06	0	0	0	0	0	3
860	628	0	7.39835462	0	0	0	0	0	5e-06	0	0	0	0	0	3
861	629	0	7.40695736	0	0	0	0	0	5e-06	0	0	0	0	0	3
862	629	0	7.4155601	0	0	0	0	0	5e-06	0	0	0	0	0	3
863	630	0	7.42416284	0	0	0	0	0	5e-06	0	0	0	0	0	3
864	631	0	7.43276558	0	0	0	0	0	5e-06	0	0	0	0	0	3
865	631	0	7.44136831	0	0	0	0	0	5e-06	0	0	0	0	0	3
866	632	0	7.44997105	0	0	0	0	0	5e-06	0	0	0	0	0	3
867	633	0	7.45857379	0	0	0	0	0	5e-06	0	0	0	0	0	3
868	634	0	7.46717653	0	0	0	0	0	5e-06	0	0	0	0	0	3
869	634	0	7.47577927	0	0	0	0	0	5e-06	0	0	0	0	0	3
870	635	0	7.484382	0	0	0	0	0	5e-06	0	0	0	0	0	3
871	636	0	7.49298474	0	0	0	0	0	5e-06	0	0	0	0	0	3
872	636	0	7.50158748	0	0	0	0	0	5e-06	0	0	0	0	0	3
873	637	0	7.51019022	0	0	0	0	0	5e-06	0	0	0	0	0	3
874	638	0	7.51879295	0	0	0	0	0	5e-06	0	0	0	0	0	3
875	638	0	7.52739569	0	0	0	0	0	5e-06	0	0	0	0	0	3
876	639	0	7.53599843	0	0	0	0	0	5e-06	0	0	0	0	0	3
877	640	0	7.54460117	0	0	0	0	0	5e-06	0	0	0	0	0	3
878	640	0	7.55320391	0	0	0	0	0	5e-06	0	0	0	0	0	3
879	641	0	7.56180664	0	0	0	0	0	5e-06	0	0	0	0	0	3
880	642	0	7.57040938	0	0	0	0	0	5e-06	0	0	0	0	0	3
881	643	0	7.57901212	0	0	0	0	0	5e-06	0	0	0	0	0	3
882	643	0	7.58761486	0	0	0	0	0	5e-06	0	0	0	0	0	3
883	644	0	7.5962176	0	0	0	0	0	5e-06	0	0	0	0	0	3
884	645	0	7.60482033	0	0	0	0	0	5e-06	0	0	0	0	0	3
885	646	0	7.61342307	0	0	0	0	0	5e-06	0	0	0	0	0	3
886	646	0	7.62202581	0	0	0	0	0	5e-06	0	0	0	0	0	3
887	647	0	7.63062855	0	0	0	0	0	5e-06	0	0	0	0	0	3
888	648	0	7.63923129	0	0	0	0	0	5e-06	0	0	0	0	0	3
889	649	0	7.64783402	0	0	0	0	0	5e-06	0	0	0	0	0	3
890	649	0	7.65643676	0	0	0	0	0	5e-06	0	0	0	0	0	3
891	650	0	7.6650395	0	0	0	0	0	5e-06	0	0	0	0	0	3
892	651	0	7.67364224	0	0	0	0	0	5e-06	0	0	0	0	0	3
893	652	0	7.68224498	0	0	0	0	0	5e-06	0	0	0	0	0	3
894	652	0	7.69084771	0	0	0	0	0	5e-06	0	0	0	0	0	3
895	653	0	7.69945045	0	0	0	0	0	5e-06	0	0	0	0	0	3
896	654	0	7.70805319	0	0	0	0	0	5e-06	0	0	0	0	0	3
897	654	0	7.71665593	0	0	0	0	0	5e-06	0	0	0	0	0	3
898	655	0	7.72525867	0	0	0	0	0	5e-06	0	0	0	0	0	3
899	656	0	7.7338614	0	0	0	0	0	5e-06	0	0	0	0	0	3
900	656	0	7.74246414	0	0	0	0	0	5e-06	0	0	0	0	0	3
901	657	0	7.75106688	0	0	0	0	0	5e-06	0	0	0	0	0	3
902	658	0	7.75966962	0	0	0	0	0	5e-06	0	0	0	0	0	3
903	659	0	7.76827235	0	0	0	0	0	5e-06	0	0	0	0	0	3
904	659	0	7.77687509	0	0	0	0	0	5e-06	0	0	0	0	0	3
905	660	0	7.78547783	0	0	0	0	0	5e-06	0	0	0	0	0	3
906	661	0	7.79408057	0	0	0	0	0	5e-06	0	0	0	0	0	3
907	662	0	7.80268331	0	0	0	0	0	5e-06	0	0	0	0	0	3
908	662	0	7.81128604	0	0	0	0	0	5e-06	0	0	0	0	0	3
909	663	0	7.81988878	0	0	0	0	0	5e-06	0	0	0	0	0	3
910	664	0	7.82849152	0	0	0	0	0	5e-06	0	0	0	0	0	3
911	664	0	7.83709426	0	0	0	0	0	5e-06	0	0	0	0	0	3
912	665	0	7.845697	0	0	0	0	0	5e-06	0	0	0	0	0	3
913	666	0	7.85429973	0	0	0	0	0	5e-06	0	0	0	0	0	3
914	666	0	7.86290247	0	0	0	0	0	5e-06	0	0	0	0	0	3
915	667	0	7.87150521	0	0	0	0	0	5e-06	0	0	0	0	0	3
916	668	0	7.88010795	0	0	0	0	0	5e-06	0	0	0	0	0	3
917	668	0	7.88871069	0	0	0	0	0	5e-06	0	0	0	0	0	3
918	669	0	7.89731342	0	0	0	0	0	5e-06	0	0	0	0	0	3
919	670	0	7.90591616	0	0	0	0	0	5e-06	0	0	0	0	0	3
920	670	0	7.9145189	0	0	0	0	0	5e-06	0	0	0	0	0	3
921	671	0	7.92312164	0	0	0	0	0	5e-06	0	0	0	0	0	3
922	672	0	7.93172438	0	0	0	0	0	5e-06	0	0	0	0	0	3
923	672	0	7.94032711	0	0	0	0	0	5e-06	0	0	0	0	0	3
924	673	0	7.94892985	0	0	0	0	0	5e-06	0	0	0	0	0	3
925	674	0	7.95753259	0	0	0	0	0	5e-06	0	0	0	0	0	3
926	674	0	7.96613533	0	0	0	0	0	5e-06	0	0	0	0	0	3
927	675	0	7.97473807	0	0	0	0	0	5e-06	0	0	0	0	0	3
928	676	0	7.9833408	0	0	0	0	0	5e-06	0	0	0	0	0	3
929	677	0	7.99194354	0	0	0	0	0	5e-06	0	0	0	0	0	3
930	677	0	8.00054628	0	0	0	0	0	5e-06	0	0	0	0	0	3
931	678	0	8.00914902	0	0	0	0	0	5e-06	0	0	0	0	0	3
932	679	0	8.01775176	0	0	0	0	0	5e-06	0	0	0	0	0	3
933	679	0	8.02635449	0	0	0	0	0	5e-06	0	0	0	0	0	3
934	680	0	8.03495723	0	0	0	0	0	5e-06	0	0	0	0	0	3
935	681	0	8.04355997	0	0	0	0	0	5e-06	0	0	0	0	0	3
936	681	0	8.05216271	0	0	0	0	0	5e-06	0	0	0	0	0	3
937	682	0	8.06076544	0	0	0	0	0	5e-06	0	0	0	0	0	3
938	683	0	8.06936818	0	0	0	0	0	5e-06	0	0	0	0	0	3
939	683	0	8.07797092	0	0	0	0	0	5e-06	0	0	0	0	0	3
940	684	0	8.08657366	0	0	0	0	0	5e-06	0	0	0	0	0	3
941	685	0	8.0951764	0	0	0	0	0	5e-06	0	0	0	0	0	3
942	686	0	8.10377913	0	0	0	0	0	5e-06	0	0	0	0	0	3
943	687	0	8.11238187	0	0	0	0	0	5e-06	0	0	0	0	0	3
944	687	0	8.12098461	0	0	0	0	0	5e-06	0	0	0	0	0	3
945	688	0	8.12958735	0	0	0	0	0	5e-06	0	0	0	0	0	3
946	689	0	8.13819009	0	0	0	0	0	5e-06	0	0	0	0	0	3
947	689	0	8.14679282	0	0	0	0	0	5e-06	0	0	0	0	0	3
948	690	0	8.15539556	0	0	0	0	0	5e-06	0	0	0	0	0	3
949	691	0	8.1639983	0	0	0	0	0	5e-06	0	0	0	0	0	3
950	691	0	8.17260104	0	0	0	0	0	5e-06	0	0	0	0	0	3
951	692	0	8.18120378	0	0	0	0	0	5e-06	0	0	0	0	0	3
952	693	0	8.18980651	0	0	0	0	0	5e-06	0	0	0	0	0	3
953	693	0	8.19840925	0	0	0	0	0	5e-06	0	0	0	0	0	3
954	694	0	8.20701199	0	0	0	0	0	5e-06	0	0	0	0	0	3
955	695	0	8.21561473	0	0	0	0	0	5e-06	0	0	0	0	0	3
956	695	0	8.22421747	0	0	0	0	0	5e-06	0	0	0	0	0	3
957	696	0	8.2328202	0	0	0	0	0	5e-06	0	0	0	0	0	3
958	697	0	8.24142294	0	0	0	0	0	5e-06	0	0	0	0	0	3
959	697	0	8.25002568	0	0	0	0	0	5e-06	0	0	0	0	0	3
960	698	0	8.25862842	0	0	0	0	0	5e-06	0	0	0	0	0	3
961	699	0	8.26723116	0	0	0	0	0	5e-06	0	0	0	0	0	3
962	699	0	8.27583389	0	0	0	0	0	5e-06	0	0	0	0	0	3
963	700	0	8.28443663	0	0	0	0	0	5e-06	0	0	0	0	0	3
964	701	0	8.29303937	0	0	0	0	0	5e-06	0	0	0	0	0	3
965	702	0	8.30164211	0	0	0	0	0	5e-06	0	0	0	0	0	3
966	702	0	8.31024484	0	0	0	0	0	5e-06	0	0	0	0	0	3
967	703	0	8.31884758	0	0	0	0	0	5e-06	0	0	0	0	0	3
968	704	0	8.32745032	0	0	0	0	0	5e-06	0	0	0	0	0	3
969	704	0	8.33605306	0	0	0	0	0	5e-06	0	0	0	0	0	3
970	705	0	8.3446558	0	0	0	0	0	5e-06	0	0	0	0	0	3
971	706	0	8.35325853	0	0	0	0	0	5e-06	0	0	0	0	0	3
972	706	0	8.36186127	0	0	0	0	0	5e-06	0	0	0	0	0	3
973	707	0	8.37046401	0	0	0	0	0	5e-06	0	0	0	0	0	3
974	708	0	8.37906675	0	0	0	0	0	5e-06	0	0	0	0	0	3
975	708	0	8.38766949	0	0	0	0	0	5e-06	0	0	0	0	0	3
976	709	0	8.39627222	0	0	0	0	0	5e-06	0	0	0	0	0	3
977	710	0	8.40487496	0	0	0	0	0	5e-06	0	0	0	0	0	3
978	711	0	8.4134777	0	0	0	0	0	5e-06	0	0	0	0	0	3
979	711	0	8.42208044	0	0	0	0	0	5e-06	0	0	0	0	0	3
980	712	0	8.43068318	0	0	0	0	0	5e-06	0	0	0	0	0	3
981	713	0	8.43928591	0	0	0	0	0	5e-06	0	0	0	0	0	3
982	713	0	8.44788865	0	0	0	0	0	5e-06	0	0	0	0	0	3
983	714	0	8.45649139	0	0	0	0	0	5e-06	0	0	0	0	0	3
984	715	0	8.46509413	0	0	0	0	0	5e-06	0	0	0	0	0	3
985	715	0	8.47369687	0	0	0	0	0	5e-06	0	0	0	0	0	3
986	716	0	8.4822996	0	0	0	0	0	5e-06	0	0	0	0	0	3
987	717	0	8.49090234	0	0	0	0	0	5e-06	0	0	0	0	0	3
988	717	0	8.49950508	0	0	0	0	0	5e-06	0	0	0	0	0	3
989	718	0	8.50810782	0	0	0	0	0	5e-06	0	0	0	0	0	3
990	719	0	8.51671056	0	0	0	0	0	5e-06	0	0	0	0	0	3
991	719	0	8.52531329	0	0	0	0	0	5e-06	0	0	0	0	0	3
992	720	0	8.53391603	0	0	0	0	0	5e-06	0	0	0	0	0	3
993	721	0	8.54251877	0	0	0	0	0	5e-06	0	0	0	0	0	3
994	721	0	8.55112151	0	0	0	0	0	5e-06	0	0	0	0	0	3
995	722	0	8.55972424	0	0	0	0	0	5e-06	0	0	0	0	0	3
996	723	0	8.56832698	0	0	0	0	0	5e-06	0	0	0	0	0	3
997	723	0	8.57692972	0	0	0	0	0	5e-06	0	0	0	0	0	3
998	724	0	8.58553246	0	0	0	0	0	5e-06	0	0	0	0	0	3
999	725	0	8.5941352	0	0	0	0	0	5e-06	0	0	0	0	0	3
1000	726	0	8.60273793	0	0	0	0	0	5e-06	0	0	0	0	0	3
1001	727	0	8.61134067	0	0	0	0	0	5e-06	0	0	0	0	0	3
1002	727	0	8.61994341	0	0	0	0	0	5e-06	0	0	0	0	0	3
1003	728	0	8.62854615	0	0	0	0	0	5e-06	0	0	0	0	0	3
1004	729	0	8.63714889	0	0	0	0	0	5e-06	0	0	0	0	0	3
1005	729	0	8.64575162	0	0	0	0	0	5e-06	0	0	0	0	0	3
1006	730	0	8.65435436	0	0	0	0	0	5e-06	0	0	0	0	0	3
1007	731	0	8.6629571	0	0	0	0	0	5e-06	0	0	0	0	0	3
1008	731	0	8.67155984	0	0	0	0	0	5e-06	0	0	0	0	0	3
1009	732	0	8.68016258	0	0	0	0	0	5e-06	0	0	0	0	0	3
1010	733	0	8.68876531	0	0	0	0	0	5e-06	0	0	0	0	0	3
1011	733	0	8.69736805	0	0	0	0	0	5e-06	0	0	0	0	0	3
1012	734	0	8.70597079	0	0	0	0	0	5e-06	0	0	0	0	0	3
1013	735	0	8.71457353	0	0	0	0	0	5e-06	0	0	0	0	0	3
1014	736	0	8.72317627	0	0	0	0	0	5e-06	0	0	0	0	0	3
1015	736	0	8.731779	0	0	0	0	0	5e-06	0	0	0	0	0	3
1016	737	0	8.74038174	0	0	0	0	0	5e-06	0	0	0	0	0	3
1017	738	0	8.74898448	0	0	0	0	0	5e-06	0	0	0	0	0	3
1018	738	0	8.75758722	0	0	0	0	0	5e-06	0	0	0	0	0	3
1019	739	0	8.76618996	0	0	0	0	0	5e-06	0	0	0	0	0	3
1020	740	0	8.77479269	0	0	0	0	0	5e-06	0	0	0	0	0	3
1021	741	0	8.78339543	0	0	0	0	0	5e-06	0	0	0	0	0	3
1022	741	0	8.79199817	0	0	0	0	0	5e-06	0	0	0	0	0	3
1023	742	0	8.80060091	0	0	0	0	0	5e-06	0	0	0	0	0	3
1024	743	0	8.80920365	0	0	0	0	0	5e-06	0	0	0	0	0	3
1025	743	0	8.81780638	0	0	0	0	0	5e-06	0	0	0	0	0	3
1026	744	0	8.82640912	0	0	0	0	0	5e-06	0	0	0	0	0	3
1027	745	0	8.83501186	0	0	0	0	0	5e-06	0	0	0	0	0	3
1028	745	0	8.8436146	0	0	0	0	0	5e-06	0	0	0	0	0	3
1029	746	0	8.85221733	0	0	0	0	0	5e-06	0	0	0	0	0	3
1030	747	0	8.86082007	0	0	0	0	0	5e-06	0	0	0	0	0	3
1031	747	0	8.86942281	0	0	0	0	0	5e-06	0	0	0	0	0	3
1032	748	0	8.87802555	0	0	0	0	0	5e-06	0	0	0	0	0	3
1033	749	0	8.88662829	0	0	0	0	0	5e-06	0	0	0	0	0	3
1034	749	0	8.89523102	0	0	0	0	0	5e-06	0	0	0	0	0	3
1035	750	0	8.90383376	0	0	0	0	0	5e-06	0	0	0	0	0	3
1036	751	0	8.9124365	0	0	0	0	0	5e-06	0	0	0	0	0	3
1037	751	0	8.92103924	0	0	0	0	0	5e-06	0	0	0	0	0	3
1038	752	0	8.92964198	0	0	0	0	0	5e-06	0	0	0	0	0	3
1039	753	0	8.93824471	0	0	0	0	0	5e-06	0	0	0	0	0	3
1040	753	0	8.94684745	0	0	0	0	0	5e-06	0	0	0	0	0	3
1041	754	0	8.95545019	0	0	0	0	0	5e-06	0	0	0	0	0	3
1042	755	0	8.96405293	0	0	0	0	0	5e-06	0	0	0	0	0	3
1043	756	0	8.97265567	0	0	0	0	0	5e-06	0	0	0	0	0	3
1044	756	0	8.9812584	0	0	0	0	0	5e-06	0	0	0	0	0	3
1045	757	0	8.98986114	0	0	0	0	0	5e-06	0	0	0	0	0	3
1046	758	0	8.99846388	0	0	0	0	0	5e-06	0	0	0	0	0	3
1047	758	0	9.00706662	0	0	0	0	0	5e-06	0	0	0	0	0	3
1048	759	0	9.01566936	0	0	0	0	0	5e-06	0	0	0	0	0	3
1049	760	0	9.02427209	0	0	0	0	0	5e-06	0	0	0	0	0	3
1050	760	0	9.03287483	0	0	0	0	0	5e-06	0	0	0	0	0	3
1051	761	0	9.04147757	0	0	0	0	0	5e-06	0	0	0	0	0	3
1052	762	0	9.05008031	0	0	0	0	0	5e-06	0	0	0	0	0	3
1053	762	0	9.05868305	0	0	0	0	0	5e-06	0	0	0	0	0	3
1054	763	0	9.06728578	0	0	0	0	0	5e-06	0	0	0	0	0	3
1055	764	0	9.07588852	0	0	0	0	0	5e-06	0	0	0	0	0	3
1056	764	0	9.08449126	0	0	0	0	0	5e-06	0	0	0	0	0	3
1057	765	0	9.093094	0	0	0	0	0	5e-06	0	0	0	0	0	3
1058	766	0	9.10169673	0	0	0	0	0	5e-06	0	0	0	0	0	3
1059	766	0	9.11029947	0	0	0	0	0	5e-06	0	0	0	0	0	3
1060	767	0	9.11890221	0	0	0	0	0	5e-06	0	0	0	0	0	3
1061	768	0	9.12750495	0	0	0	0	0	5e-06	0	0	0	0	0	3
1062	769	0	9.13610769	0	0	0	0	0	5e-06	0	0	0	0	0	3
1063	769	0	9.14471042	0	0	0	0	0	5e-06	0	0	0	0	0	3
1064	770	0	9.15331316	0	0	0	0	0	5e-06	0	0	0	0	0	3
1065	771	0	9.1619159	0	0	0	0	0	5e-06	0	0	0	0	0	3
1066	772	0	9.17051864	0	0	0	0	0	5e-06	0	0	0	0	0	3
1067	772	0	9.17912138	0	0	0	0	0	5e-06	0	0	0	0	0	3
1068	773	0	9.18772411	0	0	0	0	0	5e-06	0	0	0	0	0	3
1069	774	0	9.19632685	0	0	0	0	0	5e-06	0	0	0	0	0	3
1070	774	0	9.20492959	0	0	0	0	0	5e-06	0	0	0	0	0	3
1071	775	0	9.21353233	0	0	0	0	0	5e-06	0	0	0	0	0	3
1072	776	0	9.22213507	0	0	0	0	0	5e-06	0	0	0	0	0	3
1073	777	0	9.2307378	0	0	0	0	0	5e-06	0	0	0	0	0	3
1074	777	0	9.23934054	0	0	0	0	0	5e-06	0	0	0	0	0	3
1075	778	0	9.24794328	0	0	0	0	0	5e-06	0	0	0	0	0	3
1076	779	0	9.25654602	0	0	0	0	0	5e-06	0	0	0	0	0	3
1077	779	0	9.26514876	0	0	0	0	0	5e-06	0	0	0	0	0	3
1078	780	0	9.27375149	0	0	0	0	0	5e-06	0	0	0	0	0	3
1079	781	0	9.28235423	0	0	0	0	0	5e-06	0	0	0	0	0	3
1080	782	0	9.29095697	0	0	0	0	0	5e-06	0	0	0	0	0	3
1081	782	0	9.29955971	0	0	0	0	0	5e-06	0	0	0	0	0	3
1082	783	0	9.30816245	0	0	0	0	0	5e-06	0	0	0	0	0	3
1083	784	0	9.31676518	0	0	0	0	0	5e-06	0	0	0	0	0	3
1084	784	0	9.32536792	0	0	0	0	0	5e-06	0	0	0	0	0	3
1085	785	0	9.33397066	0	0	0	0	0	5e-06	0	0	0	0	0	3
1086	786	0	9.3425734	0	0	0	0	0	5e-06	0	0	0	0	0	3
1087	787	0	9.35117613	0	0	0	0	0	5e-06	0	0	0	0	0	3
1088	788	0	9.35977887	0	0	0	0	0	5e-06	0	0	0	0	0	3
1089	789	0	9.36838161	0	0	0	0	0	5e-06	0	0	0	0	0	3
1090	790	0	9.37698435	0	0	0	0	0	5e-06	0	0	0	0	0	3
1091	791	0	9.38558709	0	0	0	0	0	5e-06	0	0	0	0	0	3
1092	792	0	9.39418982	0	0	0	0	0	5e-06	0	0	0	0	0	3
1093	793	0	9.40279256	0	0	0	0	0	5e-06	0	0	0	0	0	3
1094	794	0	9.4113953	0	0	0	0	0	5e-06	0	0	0	0	0	3
1095	795	0	9.41999804	0	0	0	0	0	5e-06	0	0	0	0	0	3
1096	796	0	9.42860078	0	0	0	0	0	5e-06	0	0	0	0	0	3
1097	797	0	9.43720351	0	0	0	0	0	5e-06	0	0	0	0	0	3
1098	798	0	9.44580625	0	0	0	0	0	5e-06	0	0	0	0	0	3
1099	799	0	9.45440899	0	0	0	0	0	5e-06	0	0	0	0	0	3
1100	800	0	9.46301173	0	0	0	0	0	5e-06	0	0	0	0	0	3
1101	801	0	9.47161447	0	0	0	0	0	5e-06	0	0	0	0	0	3
1102	802	0	9.4802172	0	0	0	0	0	5e-06	0	0	0	0	0	3
1103	803	0	9.48881994	0	0	0	0	0	5e-06	0	0	0	0	0	3
1104	803	0	9.49742268	0	0	0	0	0	5e-06	0	0	0	0	0	3
1105	804	0	9.50602542	0	0	0	0	0	5e-06	0	0	0	0	0	3
1106	805	0	9.51462816	0	0	0	0	0	5e-06	0	0	0	0	0	3
1107	805	0	9.52323089	0	0	0	0	0	5e-06	0	0	0	0	0	3
1108	806	0	9.53183363	0	0	0	0	0	5e-06	0	0	0	0	0	3
1109	807	0	9.54043637	0	0	0	0	0	5e-06	0	0	0	0	0	3
1110	807	0	9.54903911	0	0	0	0	0	5e-06	0	0	0	0	0	3
1111	808	0	9.55764185	0	0	0	0	0	5e-06	0	0	0	0	0	3
1112	809	0	9.56624458	0	0	0	0	0	5e-06	0	0	0	0	0	3
1113	809	0	9.57484732	0	0	0	0	0	5e-06	0	0	0	0	0	3
1114	810	0	9.58345006	0	0	0	0	0	5e-06	0	0	0	0	0	3
1115	811	0	9.5920528	0	0	0	0	0	5e-06	0	0	0	0	0	3
1116	812	0	9.60065554	0	0	0	0	0	5e-06	0	0	0	0	0	3
1117	812	0	9.60925827	0	0	0	0	0	5e-06	0	0	0	0	0	3
1118	813	0	9.61786101	0	0	0	0	0	5e-06	0	0	0	0	0	3
1119	814	0	9.62646375	0	0	0	0	0	5e-06	0	0	0	0	0	3
1120	814	0	9.63506649	0	0	0	0	0	5e-06	0	0	0	0	0	3
1121	815	0	9.64366922	0	0	0	0	0	5e-06	0	0	0	0	0	3
1122	816	0	9.65227196	0	0	0	0	0	5e-06	0	0	0	0	0	3
1123	816	0	9.6608747	0	0	0	0	0	5e-06	0	0	0	0	0	3
1124	817	0	9.66947744	0	0	0	0	0	5e-06	0	0	0	0	0	3
1125	818	0	9.67808018	0	0	0	0	0	5e-06	0	0	0	0	0	3
1126	818	0	9.68668291	0	0	0	0	0	5e-06	0	0	0	0	0	3
1127	819	0	9.69528565	0	0	0	0	0	5e-06	0	0	0	0	0	3
1128	820	0	9.70388839	0	0	0	0	0	5e-06	0	0	0	0	0	3
1129	820	0	9.71249113	0	0	0	0	0	5e-06	0	0	0	0	0	3
1130	821	0	9.72109387	0	0	0	0	0	5e-06	0	0	0	0	0	3
1131	822	0	9.7296966	0	0	0	0	0	5e-06	0	0	0	0	0	3
1132	822	0	9.73829934	0	0	0	0	0	5e-06	0	0	0	0	0	3
1133	823	0	9.74690208	0	0	0	0	0	5e-06	0	0	0	0	0	3
1134	824	0	9.75550482	0	0	0	0	0	5e-06	0	0	0	0	0	3
1135	824	0	9.76410756	0	0	0	0	0	5e-06	0	0	0	0	0	3
1136	825	0	9.77271029	0	0	0	0	0	5e-06	0	0	0	0	0	3
1137	826	0	9.78131303	0	0	0	0	0	5e-06	0	0	0	0	0	3
1138	826	0	9.78991577	0	0	0	0	0	5e-06	0	0	0	0	0	3
1139	827	0	9.79851851	0	0	0	0	0	5e-06	0	0	0	0	0	3
1140	828	0	9.80712125	0	0	0	0	0	5e-06	0	0	0	0	0	3
1141	829	0	9.81572398	0	0	0	0	0	5e-06	0	0	0	0	0	3
1142	829	0	9.82432672	0	0	0	0	0	5e-06	0	0	0	0	0	3
1143	830	0	9.83292946	0	0	0	0	0	5e-06	0	0	0	0	0	3
1144	831	0	9.8415322	0	0	0	0	0	5e-06	0	0	0	0	0	3
1145	831	0	9.85013494	0	0	0	0	0	5e-06	0	0	0	0	0	3
1146	832	0	9.85873767	0	0	0	0	0	5e-06	0	0	0	0	0	3
1147	833	0	9.86734041	0	0	0	0	0	5e-06	0	0	0	0	0	3
1148	833	0	9.87594315	0	0	0	0	0	5e-06	0	0	0	0	0	3
1149	834	0	9.88454589	0	0	0	0	0	5e-06	0	0	0	0	0	3
1150	835	0	9.89314862	0	0	0	0	0	5e-06	0	0	0	0	0	3
1151	835	0	9.90175136	0	0	0	0	0	5e-06	0	0	0	0	0	3
1152	836	0	9.9103541	0	0	0	0	0	5e-06	0	0	0	0	0	3
1153	837	0	9.91895684	0	0	0	0	0	5e-06	0	0	0	0	0	3
1154	837	0	9.92755958	0	0	0	0	0	5e-06	0	0	0	0	0	3
1155	838	0	9.93616231	0	0	0	0	0	5e-06	0	0	0	0	0	3
1156	839	0	9.94476505	0	0	0	0	0	5e-06	0	0	0	0	0	3
1157	839	0	9.95336779	0	0	0	0	0	5e-06	0	0	0	0	0	3
1158	840	0	9.96197053	0	0	0	0	0	5e-06	0	0	0	0	0	3
1159	841	0	9.97057327	0	0	0	0	0	5e-06	0	0	0	0	0	3
1160	842	0	9.979176	0	0	0	0	0	5e-06	0	0	0	0	0	3
1161	842	0	9.98777874	0	0	0	0	0	5e-06	0	0	0	0	0	3
1162	843	0	9.99638148	0	0	0	0	0	5e-06	0	0	0	0	0	3
1163	844	0	10.0049842	0	0	0	0	0	5e-06	0	0	0	0	0	3
