Iteration	CPUTime	PhysTime	Travels
1	5	0	0.0146961672
2	5	0	0.0293923343
3	6	0	0.0440885015
4	6	0	0.0587846687
5	6	0	0.0734808358
6	7	0	0.088177003
7	7	0	0.10287317
8	7	0	0.117569337
9	7	0	0.132265504
10	7	0	0.146961672
11	8	0	0.161657839
12	8	0	0.176354006
13	8	0	0.191050173
14	8	0	0.20574634
15	8	0	0.220442507
16	8	0	0.235138675
17	9	0	0.249834842
18	9	0	0.264531009
19	9	0	0.279227176
20	9	0	0.293923343
21	9	0	0.30861951
22	10	0	0.323315678
23	10	0	0.338011845
24	10	0	0.352708012
25	10	0	0.367404179
26	10	0	0.382100346
27	10	0	0.396796513
28	11	0	0.411492681
29	11	0	0.426188848
30	11	0	0.440885015
31	11	0	0.455581182
32	11	0	0.470277349
33	11	0	0.484973516
34	12	0	0.499669684
35	12	0	0.514365851
36	12	0	0.529062018
37	12	0	0.543758185
38	12	0	0.558454352
39	12	0	0.573150519
40	13	0	0.587846687
41	13	0	0.602542854
42	13	0	0.617239021
43	13	0	0.631935188
44	13	0	0.646631355
45	13	0	0.661327522
46	14	0	0.67602369
47	14	0	0.690719857
48	14	0	0.705416024
49	14	0	0.720112191
50	14	0	0.734808358
51	14	0	0.749504525
52	15	0	0.764200692
53	15	0	0.77889686
54	15	0	0.793593027
55	15	0	0.808289194
56	15	0	0.822985361
57	15	0	0.837681528
58	16	0	0.852377695
59	16	0	0.867073863
60	16	0	0.88177003
61	16	0	0.896466197
62	16	0	0.911162364
63	16	0	0.925858531
64	17	0	0.940554698
65	17	0	0.955250866
66	17	0	0.969947033
67	17	0	0.9846432
68	17	0	0.999339367
69	17	0	1.01403553
70	18	0	1.0287317
71	18	0	1.04342787
72	18	0	1.05812404
73	18	0	1.0728202
74	19	0	1.08751637
75	19	0	1.10221254
76	19	0	1.1169087
77	19	0	1.13160487
78	19	0	1.14630104
79	20	0	1.16099721
80	20	0	1.17569337
81	20	0	1.19038954
82	20	0	1.20508571
83	20	0	1.21978187
84	21	0	1.23447804
85	21	0	1.24917421
86	21	0	1.26387038
87	21	0	1.27856654
88	22	0	1.29326271
89	22	0	1.30795888
90	22	0	1.32265504
91	22	0	1.33735121
92	22	0	1.35204738
93	23	0	1.36674355
94	23	0	1.38143971
95	23	0	1.39613588
96	23	0	1.41083205
97	24	0	1.42552821
98	24	0	1.44022438
99	24	0	1.45492055
100	24	0	1.46961672
101	24	0	1.48431288
102	25	0	1.49900905
103	25	0	1.51370522
104	25	0	1.52840138
105	25	0	1.54309755
106	26	0	1.55779372
107	26	0	1.57248989
108	26	0	1.58718605
109	26	0	1.60188222
110	26	0	1.61657839
111	27	0	1.63127456
112	27	0	1.64597072
113	27	0	1.66066689
114	27	0	1.67536306
115	28	0	1.69005922
116	28	0	1.70475539
117	28	0	1.71945156
118	28	0	1.73414773
119	28	0	1.74884389
120	29	0	1.76354006
121	29	0	1.77823623
122	29	0	1.79293239
123	29	0	1.80762856
124	30	0	1.82232473
125	30	0	1.8370209
126	30	0	1.85171706
127	30	0	1.86641323
128	30	0	1.8811094
129	31	0	1.89580556
130	31	0	1.91050173
131	31	0	1.9251979
132	31	0	1.93989407
133	32	0	1.95459023
134	32	0	1.9692864
135	32	0	1.98398257
136	32	0	1.99867873
137	32	0	2.0133749
138	33	0	2.02807107
139	33	0	2.04276724
140	33	0	2.0574634
141	33	0	2.07215957
142	34	0	2.08685574
143	34	0	2.1015519
144	34	0	2.11624807
145	34	0	2.13094424
146	34	0	2.14564041
147	35	0	2.16033657
148	35	0	2.17503274
149	35	0	2.18972891
150	35	0	2.20442507
151	36	0	2.21912124
152	36	0	2.23381741
153	36	0	2.24851358
154	36	0	2.26320974
155	36	0	2.27790591
156	37	0	2.29260208
157	37	0	2.30729824
158	37	0	2.32199441
159	37	0	2.33669058
160	37	0	2.35138675
161	38	0	2.36608291
162	38	0	2.38077908
163	38	0	2.39547525
164	38	0	2.41017141
165	39	0	2.42486758
166	39	0	2.43956375
167	39	0	2.45425992
168	39	0	2.46895608
169	39	0	2.48365225
170	40	0	2.49834842
171	40	0	2.51304458
172	40	0	2.52774075
173	40	0	2.54243692
174	40	0	2.55713309
175	41	0	2.57182925
176	41	0	2.58652542
177	41	0	2.60122159
178	41	0	2.61591776
179	42	0	2.63061392
180	42	0	2.64531009
181	42	0	2.66000626
182	42	0	2.67470242
183	42	0	2.68939859
184	43	0	2.70409476
185	43	0	2.71879093
186	43	0	2.73348709
187	43	0	2.74818326
188	44	0	2.76287943
189	44	0	2.77757559
190	44	0	2.79227176
191	44	0	2.80696793
192	44	0	2.8216641
193	45	0	2.83636026
194	45	0	2.85105643
195	45	0	2.8657526
196	45	0	2.88044876
197	46	0	2.89514493
198	46	0	2.9098411
199	46	0	2.92453727
200	46	0	2.93923343
201	46	0	2.9539296
202	47	0	2.96862577
203	47	0	2.98332193
204	47	0	2.9980181
205	47	0	3.01271427
206	48	0	3.02741044
207	48	0	3.0421066
208	48	0	3.05680277
209	48	0	3.07149894
210	48	0	3.0861951
211	49	0	3.10089127
212	49	0	3.11558744
213	49	0	3.13028361
214	49	0	3.14497977
215	50	0	3.15967594
216	50	0	3.17437211
217	50	0	3.18906827
218	50	0	3.20376444
219	50	0	3.21846061
220	51	0	3.23315678
221	51	0	3.24785294
222	51	0	3.26254911
223	51	0	3.27724528
224	52	0	3.29194144
225	52	0	3.30663761
226	52	0	3.32133378
227	52	0	3.33602995
228	52	0	3.35072611
229	53	0	3.36542228
230	53	0	3.38011845
231	53	0	3.39481461
232	53	0	3.40951078
233	54	0	3.42420695
234	54	0	3.43890312
235	54	0	3.45359928
236	54	0	3.46829545
237	54	0	3.48299162
238	55	0	3.49768778
239	55	0	3.51238395
240	55	0	3.52708012
241	55	0	3.54177629
242	55	0	3.55647245
243	56	0	3.57116862
244	56	0	3.58586479
245	56	0	3.60056095
246	56	0	3.61525712
247	57	0	3.62995329
248	57	0	3.64464946
249	57	0	3.65934562
250	57	0	3.67404179
251	58	0	3.68873796
252	58	0	3.70343413
253	58	0	3.71813029
254	58	0	3.73282646
255	59	0	3.74752263
256	59	0	3.76221879
257	59	0	3.77691496
258	59	0	3.79161113
259	60	0	3.8063073
260	60	0	3.82100346
261	60	0	3.83569963
262	60	0	3.8503958
263	61	0	3.86509196
264	61	0	3.87978813
265	61	0	3.8944843
266	62	0	3.90918047
267	62	0	3.92387663
268	62	0	3.9385728
269	62	0	3.95326897
270	63	0	3.96796513
271	63	0	3.9826613
272	63	0	3.99735747
273	63	0	4.01205364
274	64	0	4.0267498
275	64	0	4.04144597
276	64	0	4.05614214
277	64	0	4.0708383
278	64	0	4.08553447
279	65	0	4.10023064
280	65	0	4.11492681
281	65	0	4.12962297
282	65	0	4.14431914
283	66	0	4.15901531
284	66	0	4.17371147
285	66	0	4.18840764
286	66	0	4.20310381
287	67	0	4.21779998
288	67	0	4.23249614
289	67	0	4.24719231
290	67	0	4.26188848
291	67	0	4.27658464
292	68	0	4.29128081
293	68	0	4.30597698
294	68	0	4.32067315
295	69	0	4.33536931
296	69	0	4.35006548
297	69	0	4.36476165
298	69	0	4.37945781
299	70	0	4.39415398
300	70	0	4.40885015
301	70	0	4.42354632
302	70	0	4.43824248
303	71	0	4.45293865
304	71	0	4.46763482
305	71	0	4.48233098
306	71	0	4.49702715
307	71	0	4.51172332
308	72	0	4.52641949
309	72	0	4.54111565
310	72	0	4.55581182
311	73	0	4.57050799
312	73	0	4.58520415
313	73	0	4.59990032
314	73	0	4.61459649
315	74	0	4.62929266
316	74	0	4.64398882
317	74	0	4.65868499
318	74	0	4.67338116
319	75	0	4.68807733
320	75	0	4.70277349
321	75	0	4.71746966
322	75	0	4.73216583
323	76	0	4.74686199
324	76	0	4.76155816
325	76	0	4.77625433
326	76	0	4.7909505
327	77	0	4.80564666
328	77	0	4.82034283
329	77	0	4.835039
330	77	0	4.84973516
331	78	0	4.86443133
332	78	0	4.8791275
333	78	0	4.89382367
334	79	0	4.90851983
335	79	0	4.923216
336	79	0	4.93791217
337	79	0	4.95260833
338	80	0	4.9673045
339	80	0	4.98200067
340	80	0	4.99669684
341	80	0	5.011393
342	81	0	5.02608917
343	81	0	5.04078534
344	81	0	5.0554815
345	82	0	5.07017767
346	82	0	5.08487384
347	82	0	5.09957001
348	82	0	5.11426617
349	83	0	5.12896234
350	83	0	5.14365851
351	83	0	5.15835467
352	83	0	5.17305084
353	84	0	5.18774701
354	84	0	5.20244318
355	84	0	5.21713934
356	84	0	5.23183551
357	85	0	5.24653168
358	85	0	5.26122784
359	85	0	5.27592401
360	85	0	5.29062018
361	86	0	5.30531635
362	86	0	5.32001251
363	86	0	5.33470868
364	86	0	5.34940485
365	87	0	5.36410101
366	87	0	5.37879718
367	87	0	5.39349335
368	87	0	5.40818952
369	88	0	5.42288568
370	88	0	5.43758185
371	88	0	5.45227802
372	88	0	5.46697418
373	88	0	5.48167035
374	89	0	5.49636652
375	89	0	5.51106269
376	89	0	5.52575885
377	89	0	5.54045502
378	90	0	5.55515119
379	90	0	5.56984735
380	90	0	5.58454352
381	90	0	5.59923969
382	91	0	5.61393586
383	91	0	5.62863202
384	91	0	5.64332819
385	91	0	5.65802436
386	92	0	5.67272052
387	92	0	5.68741669
388	92	0	5.70211286
389	92	0	5.71680903
390	93	0	5.73150519
391	93	0	5.74620136
392	93	0	5.76089753
393	93	0	5.7755937
394	94	0	5.79028986
395	94	0	5.80498603
396	94	0	5.8196822
397	94	0	5.83437836
398	95	0	5.84907453
399	95	0	5.8637707
400	95	0	5.87846687
401	96	0	5.89316303
402	96	0	5.9078592
403	96	0	5.92255537
404	97	0	5.93725153
405	97	0	5.9519477
406	97	0	5.96664387
407	97	0	5.98134004
408	98	0	5.9960362
409	98	0	6.01073237
410	99	0	6.02542854
411	99	0	6.0401247
412	99	0	6.05482087
413	100	0	6.06951704
414	100	0	6.08421321
415	100	0	6.09890937
416	100	0	6.11360554
417	102	0	6.12830171
418	102	0	6.14299787
419	102	0	6.15769404
420	103	0	6.17239021
421	103	0	6.18708638
422	103	0	6.20178254
423	103	0	6.21647871
424	104	0	6.23117488
425	104	0	6.24587104
426	104	0	6.26056721
427	104	0	6.27526338
428	105	0	6.28995955
429	105	0	6.30465571
430	105	0	6.31935188
431	105	0	6.33404805
432	106	0	6.34874421
433	106	0	6.36344038
434	106	0	6.37813655
435	106	0	6.39283272
436	107	0	6.40752888
437	107	0	6.42222505
438	107	0	6.43692122
439	108	0	6.45161738
440	108	0	6.46631355
441	108	0	6.48100972
442	109	0	6.49570589
443	109	0	6.51040205
444	109	0	6.52509822
445	109	0	6.53979439
446	110	0	6.55449055
447	110	0	6.56918672
448	110	0	6.58388289
449	110	0	6.59857906
450	111	0	6.61327522
451	111	0	6.62797139
452	112	0	6.64266756
453	112	0	6.65736372
454	112	0	6.67205989
455	112	0	6.68675606
456	113	0	6.70145223
457	113	0	6.71614839
458	113	0	6.73084456
459	113	0	6.74554073
460	114	0	6.7602369
461	114	0	6.77493306
462	115	0	6.78962923
463	115	0	6.8043254
464	115	0	6.81902156
465	115	0	6.83371773
466	116	0	6.8484139
467	116	0	6.86311007
468	116	0	6.87780623
469	116	0	6.8925024
470	117	0	6.90719857
471	117	0	6.92189473
472	117	0	6.9365909
473	118	0	6.95128707
474	118	0	6.96598324
475	118	0	6.9806794
476	118	0	6.99537557
477	118	0	7.01007174
478	119	0	7.0247679
479	119	0	7.03946407
480	119	0	7.05416024
481	119	0	7.06885641
482	120	0	7.08355257
483	120	0	7.09824874
484	120	0	7.11294491
485	120	0	7.12764107
486	121	0	7.14233724
487	121	0	7.15703341
488	121	0	7.17172958
489	121	0	7.18642574
490	122	0	7.20112191
491	122	0	7.21581808
492	123	0	7.23051424
493	123	0	7.24521041
494	123	0	7.25990658
495	123	0	7.27460275
496	124	0	7.28929891
497	124	0	7.30399508
498	124	0	7.31869125
499	124	0	7.33338741
500	125	0	7.34808358
501	125	0	7.36277975
502	126	0	7.37747592
503	126	0	7.39217208
504	126	0	7.40686825
505	126	0	7.42156442
506	127	0	7.43626058
507	127	0	7.45095675
508	127	0	7.46565292
509	128	0	7.48034909
510	128	0	7.49504525
511	128	0	7.50974142
512	128	0	7.52443759
513	129	0	7.53913375
514	129	0	7.55382992
515	129	0	7.56852609
516	129	0	7.58322226
517	130	0	7.59791842
518	130	0	7.61261459
519	130	0	7.62731076
520	130	0	7.64200692
521	131	0	7.65670309
522	131	0	7.67139926
523	131	0	7.68609543
524	131	0	7.70079159
525	132	0	7.71548776
526	132	0	7.73018393
527	132	0	7.74488009
528	132	0	7.75957626
529	133	0	7.77427243
530	133	0	7.7889686
531	133	0	7.80366476
532	133	0	7.81836093
533	134	0	7.8330571
534	134	0	7.84775327
535	134	0	7.86244943
536	134	0	7.8771456
537	135	0	7.89184177
538	135	0	7.90653793
539	135	0	7.9212341
540	135	0	7.93593027
541	136	0	7.95062644
542	136	0	7.9653226
543	136	0	7.98001877
544	137	0	7.99471494
545	137	0	8.0094111
546	137	0	8.02410727
547	137	0	8.03880344
548	138	0	8.05349961
549	138	0	8.06819577
550	138	0	8.08289194
551	138	0	8.09758811
552	138	0	8.11228427
553	139	0	8.12698044
554	139	0	8.14167661
555	139	0	8.15637278
556	140	0	8.17106894
557	140	0	8.18576511
558	140	0	8.20046128
559	140	0	8.21515744
560	141	0	8.22985361
561	141	0	8.24454978
562	141	0	8.25924595
563	141	0	8.27394211
564	141	0	8.28863828
565	142	0	8.30333445
566	142	0	8.31803061
567	142	0	8.33272678
568	142	0	8.34742295
569	143	0	8.36211912
570	143	0	8.37681528
571	143	0	8.39151145
572	144	0	8.40620762
573	144	0	8.42090378
574	144	0	8.43559995
575	144	0	8.45029612
576	145	0	8.46499229
577	145	0	8.47968845
578	145	0	8.49438462
579	145	0	8.50908079
580	146	0	8.52377695
581	146	0	8.53847312
582	146	0	8.55316929
583	146	0	8.56786546
584	147	0	8.58256162
585	147	0	8.59725779
586	147	0	8.61195396
587	147	0	8.62665012
588	148	0	8.64134629
589	148	0	8.65604246
590	148	0	8.67073863
591	148	0	8.68543479
592	149	0	8.70013096
593	149	0	8.71482713
594	149	0	8.72952329
595	149	0	8.74421946
596	149	0	8.75891563
597	150	0	8.7736118
598	150	0	8.78830796
599	150	0	8.80300413
600	150	0	8.8177003
601	151	0	8.83239647
602	151	0	8.84709263
603	151	0	8.8617888
604	151	0	8.87648497
605	151	0	8.89118113
606	152	0	8.9058773
607	152	0	8.92057347
608	152	0	8.93526964
609	152	0	8.9499658
610	153	0	8.96466197
611	153	0	8.97935814
612	153	0	8.9940543
613	153	0	9.00875047
614	153	0	9.02344664
615	154	0	9.03814281
616	154	0	9.05283897
617	154	0	9.06753514
618	154	0	9.08223131
619	155	0	9.09692747
620	155	0	9.11162364
621	155	0	9.12631981
622	155	0	9.14101598
623	155	0	9.15571214
624	156	0	9.17040831
625	156	0	9.18510448
626	156	0	9.19980064
627	156	0	9.21449681
628	157	0	9.22919298
629	157	0	9.24388915
630	157	0	9.25858531
631	157	0	9.27328148
632	158	0	9.28797765
633	158	0	9.30267381
634	158	0	9.31736998
635	158	0	9.33206615
636	158	0	9.34676232
637	159	0	9.36145848
638	159	0	9.37615465
639	159	0	9.39085082
640	159	0	9.40554698
641	160	0	9.42024315
642	160	0	9.43493932
643	160	0	9.44963549
644	160	0	9.46433165
645	161	0	9.47902782
646	161	0	9.49372399
647	161	0	9.50842015
648	161	0	9.52311632
649	162	0	9.53781249
650	162	0	9.55250866
651	162	0	9.56720482
652	162	0	9.58190099
653	163	0	9.59659716
654	163	0	9.61129332
655	163	0	9.62598949
656	163	0	9.64068566
657	164	0	9.65538183
658	164	0	9.67007799
659	164	0	9.68477416
660	164	0	9.69947033
661	165	0	9.71416649
662	165	0	9.72886266
663	165	0	9.74355883
664	165	0	9.758255
665	165	0	9.77295116
666	166	0	9.78764733
667	166	0	9.8023435
668	166	0	9.81703966
669	166	0	9.83173583
670	166	0	9.846432
671	167	0	9.86112817
672	167	0	9.87582433
673	167	0	9.8905205
674	167	0	9.90521667
675	168	0	9.91991284
676	168	0	9.934609
677	168	0	9.94930517
678	168	0	9.96400134
679	168	0	9.9786975
680	169	0	9.99339367
681	169	0	10.0080898
