Iteration	CPUTime	PhysTime	Travels	Value	AvValue	MinValue	MaxValue	Delta	Criteria	Progress	dGMaxMin	CriteriaType	CriteriaVarType	CriteriaPercentage
1	5	0	0.0146961672	111457.5	111457.5	111457.5	111457.5	0	0	0	0	666369	0	0	3
2	5	0	0.0293923343	122603.25	117030.375	111457.5	122603.25	5572.875	0	0	0	671942	0	0	3
3	6	0	0.0440885015	134863.575	122974.775	111457.5	134863.575	11517.275	0	0	0	677235	0	0	3
4	6	0	0.0587846687	148349.933	129318.564	111457.5	148349.933	17861.0644	0	0	0	682263	0	0	3
5	6	0	0.0734808358	163184.926	136091.837	111457.5	163184.926	24634.3367	0	0	0	672709	0	0	3
6	7	0	0.088177003	179503.418	143327.1	111457.5	179503.418	31869.6003	0	0	0	662197	0	0	3
7	7	0	0.10287317	197453.76	151059.48	111457.5	197453.76	39601.9802	0	0	0	650634	0	0	3
8	7	0	0.117569337	207770.59	158148.369	111457.5	207770.59	46690.8689	0	0	0	637915	0	0	3
9	7	0	0.132265504	209270.934	163828.654	111457.5	209270.934	52371.1539	0	0	0	623925	0	0	3
10	7	0	0.146961672	210759.704	168521.759	111457.5	210759.704	57064.2589	0	0	0	608534	0	0	3
11	8	0	0.161657839	222166.225	173398.529	111457.5	222166.225	61941.0286	0	0	0	591605	0	0	3
12	8	0	0.176354006	221593.012	177414.735	111457.5	222166.225	65957.2355	0	0	0	582225	0	0	3
13	8	0	0.191050173	215585.817	180350.973	111457.5	222166.225	68893.4726	0	0	0	581347	0	0	3
14	8	0	0.20574634	213730.61	182735.232	111457.5	222166.225	71277.7324	0	0	0	581725	0	0	3
15	8	0	0.220442507	213459.731	184783.532	111457.5	222166.225	73326.0323	0	0	0	582310	0	0	3
16	8	0	0.235138675	212483.634	186514.789	111457.5	222166.225	75057.2887	0	0	0	583404	0	0	3
17	9	0	0.249834842	212581.417	188048.12	111457.5	222166.225	76590.6198	0	0	0	583938	0	0	3
18	9	0	0.264531009	212821.251	189424.405	111457.5	222166.225	77966.9049	0	0	0	584857	0	0	3
19	9	0	0.279227176	213810.835	190707.901	111457.5	222166.225	79250.4012	0	0	0	585265	0	0	3
20	9	0	0.293923343	215008.975	191922.955	111457.5	222166.225	80465.4549	0	0	0	585596	0	0	3
21	9	0	0.30861951	217993.108	193164.391	111457.5	222166.225	81706.8908	0	0	0	585797	0	0	3
22	10	0	0.323315678	220285.498	194397.168	111457.5	222166.225	82939.6684	0	0	0	586060	0	0	3
23	10	0	0.338011845	222660.028	195625.988	111457.5	222660.028	84168.4884	0	0	0	586317	0	0	3
24	10	0	0.352708012	225179.34	196857.378	111457.5	225179.34	85399.878	0	0	0	586466	0	0	3
25	10	0	0.367404179	228497.621	198122.988	111457.5	228497.621	86665.4877	0	0	0	586297	0	0	3
26	10	0	0.382100346	232952.567	199462.587	111457.5	232952.567	88005.087	0	0	0	586038	0	0	3
27	10	0	0.396796513	236783.308	200844.836	111457.5	236783.308	89387.3359	0	0	0	586074	0	0	3
28	11	0	0.411492681	239748.893	202234.267	111457.5	239748.893	90776.7665	0	0	0	586346	0	0	3
29	11	0	0.426188848	241755.345	203597.062	111457.5	241755.345	92139.5623	0	0	0	587367	0	0	3
30	11	0	0.440885015	242883.753	204906.619	111457.5	242883.753	93449.1187	0	0	0	589135	0	0	3
31	11	0	0.455581182	244196.695	206174.04	111457.5	244196.695	94716.5405	0	0	0	590660	0	0	3
32	11	0	0.470277349	245127.675	207391.342	111457.5	245127.675	95933.8416	0	0	0	591941	0	0	3
33	11	0	0.484973516	245535.902	208547.237	111457.5	245535.902	97089.7373	0	0	0	593082	0	0	3
34	12	0	0.499669684	246034.067	209649.791	111457.5	246034.067	98192.2912	0	0	0	594103	0	0	3
35	12	0	0.514365851	246362.652	210698.73	111457.5	246362.652	99241.23	0	0	0	595018	0	0	3
36	12	0	0.529062018	246378.16	214553.606	122603.25	246378.16	97523.231	0	0	0	595777	0	0	3
37	12	0	0.543758185	246275.306	218087.093	134863.575	246378.16	95112.3184	0	0	0	596336	0	0	3
38	12	0	0.558454352	245880.168	221258.996	148349.933	246378.16	91940.4316	0	0	0	596753	0	0	3
39	12	0	0.573150519	245594.259	224037.405	163184.926	246378.16	83193.2341	0	0	0	597025	0	0	3
40	13	0	0.587846687	245105.96	226378.006	179503.418	246378.16	66874.7415	0	0	0	597161	0	0	3
41	13	0	0.602542854	244783.663	228243.156	197453.76	246378.16	48924.3997	0	0	0	597301	0	0	3
42	13	0	0.617239021	244477.306	229586.686	207770.59	246378.16	38607.5702	0	0	0	597383	0	0	3
43	13	0	0.631935188	244038.933	230622.924	209270.934	246378.16	37107.2257	0	0	0	597468	0	0	3
44	13	0	0.646631355	243726.702	231607.375	210759.704	246378.16	35618.4559	0	0	0	597606	0	0	3
45	13	0	0.661327522	243292.151	232536.873	212483.634	246378.16	33894.5257	0	0	0	597855	0	0	3
46	14	0	0.67602369	242891.434	233129.022	212483.634	246378.16	33894.5257	0	0	0	597973	0	0	3
47	14	0	0.690719857	242410.198	233723.799	212483.634	246378.16	33894.5257	0	0	0	598334	0	0	3
48	14	0	0.705416024	242061.74	234480.254	212483.634	246378.16	33894.5257	0	0	0	598274	0	0	3
49	14	0	0.720112191	241685.192	235278.956	212483.634	246378.16	33894.5257	0	0	0	598527	0	0	3
50	14	0	0.734808358	241623.257	236083.628	212483.634	246378.16	33894.5257	0	0	0	598531	0	0	3
51	14	0	0.749504525	241380.702	236909.259	212581.417	246378.16	33796.7425	0	0	0	598479	0	0	3
52	15	0	0.764200692	241159.088	237725.764	212821.251	246378.16	33556.9087	0	0	0	598573	0	0	3
53	15	0	0.77889686	240942.474	238529.227	213810.835	246378.16	32567.3245	0	0	0	598695	0	0	3
54	15	0	0.793593027	240740.575	239298.648	215008.975	246378.16	31369.1846	0	0	0	598804	0	0	3
55	15	0	0.808289194	240509.277	240027.229	217993.108	246378.16	28385.0516	0	0	0	598869	0	0	3
56	15	0	0.822985361	240281.889	240664.051	220285.498	246378.16	26092.6617	0	0	0	598903	0	0	3
57	15	0	0.837681528	239984.029	241226.866	222660.028	246378.16	23718.1321	0	0	0	598912	0	0	3
58	16	0	0.852377695	239627.941	241711.664	225179.34	246378.16	21198.8203	0	0	0	598906	0	0	3
59	16	0	0.867073863	239183.639	242111.786	228497.621	246378.16	17880.5385	0	0	0	598899	0	0	3
60	16	0	0.88177003	238664.713	242402.275	232952.567	246378.16	13425.5925	0	0	0	598906	0	0	3
61	16	0	0.896466197	238290.61	242554.79	236783.308	246378.16	9594.85168	0	0	0	599009	0	0	3
62	16	0	0.911162364	238014.022	242589.953	238014.022	246378.16	8364.13772	0	0	0	599203	0	0	3
63	16	0	0.925858531	237771.693	242533.462	237771.693	246378.16	8606.46667	0	0	0	599476	0	0	3
64	17	0	0.940554698	237362.102	242407.941	237362.102	246378.16	9016.05827	0	0	0	599707	0	0	3
65	17	0	0.955250866	236959.605	242238.679	236959.605	246378.16	9418.55486	0	0	0	599871	0	0	3
66	17	0	0.969947033	236773.955	242026.601	236773.955	246378.16	9604.20495	0	0	0	600040	0	0	3
67	17	0	0.9846432	236481.118	241779.557	236481.118	246378.16	9897.04202	0	0	0	600355	0	0	3
68	17	0	0.999339367	235908.819	241504.497	235908.819	246378.16	10469.3412	0	0	0	600608	0	0	3
69	17	0	1.01403553	234931.369	241187.277	234931.369	246378.16	11446.7904	3345.43755	0	29.2	600319	0	0	3
70	18	0	1.0287317	233710.533	240825.788	233710.533	246378.16	12667.6267	3345.43755	0	26.4	600374	0	0	3
71	18	0	1.04342787	232715.437	240435.425	232715.437	246275.306	13559.8697	3345.43755	0	24.6	600059	0	0	3
72	18	0	1.05812404	231706.22	240019.165	231706.22	245880.168	14173.9487	3345.43755	0	23.6	599875	0	0	3
73	18	0	1.0728202	230806.948	239588.502	230806.948	245594.259	14787.3109	3345.43755	0	22.6	599820	0	0	3
74	19	0	1.08751637	229911.241	239140.415	229911.241	245105.96	15194.719	3345.43755	0	22	599756	0	0	3
75	19	0	1.10221254	229059.463	238681.944	229059.463	244783.663	14346.7973	3345.43755	0	23.3	599841	0	0	3
76	19	0	1.1169087	228277.389	238210.336	228277.389	244477.306	13003.2674	3345.43755	0	25.7	599982	0	0	3
77	19	0	1.13160487	227567.838	237727.208	227567.838	244038.933	11967.029	3345.43755	0	27.9	600223	0	0	3
78	19	0	1.14630104	226880.871	237236.978	226880.871	243726.702	10982.5785	3345.43755	0	30.4	600435	0	0	3
79	20	0	1.16099721	226125.866	236734.097	226125.866	243292.151	10053.08	3345.43755	0	33.2	600817	0	0	3
80	20	0	1.17569337	225316.185	236220.498	225316.185	242891.434	9460.9312	3345.43755	0	35.3	602456	0	0	3
81	20	0	1.19038954	224393.384	235691.982	224393.384	242410.198	8866.15445	3345.43755	0	37.7	604033	0	0	3
82	20	0	1.20508571	223470.109	235150.837	223470.109	242061.74	8109.69951	3345.43755	0	41.2	605533	0	0	3
83	20	0	1.21978187	222614.023	234595.188	222614.023	241685.192	7994.76559	3345.43755	0	41.8	606950	0	0	3
84	21	0	1.23447804	221758.795	234025.862	221758.795	241623.257	8564.09121	3345.43755	0	39	608304	0	0	3
85	21	0	1.24917421	220937.545	233434.842	220937.545	241380.702	9155.11155	3345.43755	0	36.5	609909	0	0	3
86	21	0	1.26387038	220214.162	232830.084	220214.162	241159.088	9759.86982	3345.43755	0	34.2	611448	0	0	3
87	21	0	1.27856654	219608.341	232214.348	219608.341	240942.474	10375.6055	3345.43755	0	32.2	612929	0	0	3
88	22	0	1.29326271	219089.548	231589.979	219089.548	240740.575	10999.9748	3345.43755	0	30.4	614213	0	0	3
89	22	0	1.30795888	218584.732	230956.955	218584.732	240509.277	11632.9988	3345.43755	0	28.7	615491	0	0	3
90	22	0	1.32265504	218109.703	230316.967	218109.703	240281.889	12272.9867	3345.43755	0	27.2	616712	0	0	3
91	22	0	1.33735121	217562.131	229667.831	217562.131	239984.029	12922.1226	3345.43755	0	25.8	617875	0	0	3
92	22	0	1.35204738	216994.831	229010.997	216994.831	239627.941	13578.9568	3345.43755	0	24.6	618977	0	0	3
93	23	0	1.36674355	216341.47	228345.669	216341.47	239183.639	14244.2846	3345.43755	0	23.4	620009	0	0	3
94	23	0	1.38143971	215471.989	227668.193	215471.989	238664.713	14921.7603	3345.43755	0	22.4	620983	0	0	3
95	23	0	1.39613588	214544.591	226979.047	214544.591	238290.61	15610.9067	3345.43755	0	21.4	622048	0	0	3
96	23	0	1.41083205	213715.42	226276.899	213715.42	238014.022	16313.055	3345.43755	0	20.5	623070	0	0	3
97	24	0	1.42552821	212977.481	225561.569	212977.481	237771.693	16971.8933	3345.43755	0	19.7	624047	0	0	3
98	24	0	1.44022438	212224.724	224831.655	212224.724	237362.102	17576.2854	3345.43755	0	19	624966	0	0	3
99	24	0	1.45492055	211313.883	224087.421	211313.883	236959.605	18151.2589	3345.43755	0	18.4	625847	0	0	3
100	24	0	1.46961672	210238.015	223323.947	210238.015	236773.955	18702.6546	3345.43755	0	17.8	626701	0	0	3
101	24	0	1.48431288	209057.827	222532.057	209057.827	236481.118	19247.4995	3345.43755	0	17.3	627532	0	0	3
102	25	0	1.49900905	207855.818	221714.191	207855.818	235908.819	19790.3056	3345.43755	0	16.9	628534	0	0	3
103	25	0	1.51370522	206612.316	220877.149	206612.316	234931.369	20310.1286	3345.43755	0	16.4	629514	0	0	3
104	25	0	1.52840138	205334.019	220031.51	205334.019	233710.533	20794.2781	3345.43755	0	16	630462	0	0	3
105	25	0	1.54309755	203955.756	219181.373	203955.756	232715.437	21254.0511	3345.43755	0	15.7	631371	0	0	3
106	26	0	1.55779372	202513.643	218318.465	202513.643	231706.22	21700.6999	3345.43755	0	15.4	632251	0	0	3
107	26	0	1.57248989	201042.805	217442.368	201042.805	230806.948	22146.134	3345.43755	0	15.1	633086	0	0	3
108	26	0	1.58718605	199541.445	216549.067	199541.445	229911.241	22591.3479	3345.43755	0	14.8	633899	0	0	3
109	26	0	1.60188222	198103.265	215640.268	198103.265	229059.463	23041.6758	3345.43755	0	14.5	634688	0	0	3
110	26	0	1.61657839	196834.841	214719.565	196834.841	228277.389	23490.7715	3345.43755	0	14.2	635438	0	0	3
111	27	0	1.63127456	195705.416	213788.937	195705.416	227567.838	23938.2716	3345.43755	0	13.9	636154	0	0	3
112	27	0	1.64597072	194633.416	212847.953	194633.416	226880.871	24389.0247	3345.43755	0	13.7	636840	0	0	3
113	27	0	1.66066689	193096.773	211882.693	193096.773	226125.866	24851.4036	3345.43755	0	13.4	637494	0	0	3
114	27	0	1.67536306	192021.897	210908.294	192021.897	225316.185	25312.2037	3345.43755	0	13.2	638122	0	0	3
115	28	0	1.69005922	191014.24	209928.239	191014.24	224393.384	25763.7436	3345.43755	0	12.9	638710	0	0	3
116	28	0	1.70475539	190198.64	208951.246	190198.64	223470.109	26199.5909	3345.43755	0	12.7	639279	0	0	3
117	28	0	1.71945156	189357.592	207976.603	189357.592	222614.023	26618.5852	3345.43755	0	12.5	639830	0	0	3
118	28	0	1.73414773	188057.13	206989.263	188057.13	221758.795	27036.5993	3345.43755	0	12.3	640405	0	0	3
119	28	0	1.74884389	186840.196	205991.589	186840.196	220937.545	27443.2532	3345.43755	0	12.1	641112	0	0	3
120	29	0	1.76354006	185808.592	204987.904	185808.592	220214.162	27842.1794	3345.43755	0	12	641806	0	0	3
121	29	0	1.77823623	184356.626	203963.403	184356.626	219608.341	28250.9448	3345.43755	0	11.8	642483	0	0	3
122	29	0	1.79293239	182816.925	202912.22	182816.925	219089.548	28677.7588	3345.43755	0	11.6	643146	0	0	3
123	29	0	1.80762856	181659.649	201842.794	181659.649	218584.732	29114.1604	3345.43755	0	11.4	643770	0	0	3
124	30	0	1.82232473	180424.851	200752.512	180424.851	218109.703	29564.4549	3345.43755	0	11.3	644379	0	0	3
125	30	0	1.8370209	178824.95	199630.09	178824.95	217562.131	30037.7404	3345.43755	0	11.1	645041	0	0	3
126	30	0	1.85171706	177139.929	198475.17	177139.929	216994.831	30535.8263	3345.43755	0	10.9	645704	0	0	3
127	30	0	1.86641323	175958.799	197302.712	175958.799	216341.47	31042.9566	3345.43755	0	10.7	646339	0	0	3
128	30	0	1.8811094	174710.687	196113.261	174710.687	215471.989	31554.9318	3345.43755	0	10.6	646949	0	0	3
129	31	0	1.89580556	173644.004	194918.176	173644.004	214544.591	32060.8707	3345.43755	0	10.4	647528	0	0	3
130	31	0	1.91050173	172447.446	193715.4	172447.446	213715.42	32561.498	3345.43755	0	10.2	648069	0	0	3
131	31	0	1.9251979	171368.002	192505.474	171368.002	212977.481	33056.0945	3345.43755	0	10.1	648579	0	0	3
132	31	0	1.93989407	170179.611	191282.678	170179.611	212224.724	33548.9774	3345.43755	0	9.9	649067	0	0	3
133	32	0	1.95459023	169315.551	190056.702	169315.551	211313.883	34030.719	3345.43755	0	9.8	649510	0	0	3
134	32	0	1.9692864	168383.92	188830.131	168383.92	210238.015	34493.8154	3345.43755	0	9.6	649917	0	0	3
135	32	0	1.98398257	167516.502	187609.517	167516.502	209057.827	34922.5406	3345.43755	0	9.5	650289	0	0	3
136	32	0	1.99867873	166708.289	186399.53	166708.289	207855.818	35314.6617	3345.43755	0	9.4	650632	0	0	3
137	32	0	2.0133749	165901.295	185200.829	165901.295	206612.316	35676.3194	3345.43755	0	9.3	650942	0	0	3
138	33	0	2.02807107	165146.945	184016.104	165146.945	205334.019	36015.4057	3345.43755	0	9.2	651239	0	0	3
139	33	0	2.04276724	164315.364	182844.143	164315.364	203955.756	36337.2308	3345.43755	0	9.2	651722	0	0	3
140	33	0	2.0574634	163330.844	181683.431	163330.844	202513.643	36635.0342	3345.43755	0	9.1	652304	0	0	3
141	33	0	2.07215957	162525.57	180540.914	162525.57	201042.805	36901.453	3345.43755	0	9	652856	0	0	3
142	34	0	2.08685574	160886.584	179393.594	160886.584	199541.445	37155.4735	3345.43755	0	9	653375	0	0	3
143	34	0	2.1015519	161790.981	178315.009	160886.584	198103.265	37216.6815	3345.43755	0	8.9	653861	0	0	3
144	34	0	2.11624807	163277.543	177319.989	160886.584	196834.841	35948.257	3345.43755	0	9.3	654305	0	0	3
145	34	0	2.13094424	160756.653	176289.183	160756.653	195705.416	34948.7632	3345.43755	0	9.5	654716	0	0	3
146	34	0	2.14564041	159350.184	175250.462	159350.184	194633.416	35283.2326	3345.43755	0	9.4	655100	0	0	3
147	35	0	2.16033657	158442.179	174216.427	158442.179	193096.773	34654.5934	3345.43755	0	9.6	655440	0	0	3
148	35	0	2.17503274	158702.42	173233.731	158442.179	192021.897	33579.7175	3345.43755	0	9.9	655744	0	0	3
149	35	0	2.18972891	158290.939	172269.989	158290.939	191014.24	32723.301	3345.43755	0	10.2	656013	0	0	3
150	35	0	2.20442507	159059.841	171357.007	158290.939	190198.64	31907.7006	3345.43755	0	10.4	656244	0	0	3
151	36	0	2.21912124	159791.283	170488.225	158290.939	189357.592	31066.6526	3345.43755	0	10.7	656442	0	0	3
152	36	0	2.23381741	157397.862	169575.09	157397.862	188057.13	30659.2686	3345.43755	0	10.9	656617	0	0	3
153	36	0	2.24851358	157153.733	168692.136	157153.733	186840.196	29686.4637	3345.43755	0	11.2	656781	0	0	3
154	36	0	2.26320974	156219.424	167817.256	156219.424	185808.592	29589.1677	3345.43755	0	11.3	656905	0	0	3
155	36	0	2.27790591	156679.239	166984.989	156219.424	184356.626	28137.2018	3345.43755	0	11.8	657421	0	0	3
156	37	0	2.29260208	157090.206	166205.949	156219.424	182816.925	26597.5009	3345.43755	0	12.5	657922	0	0	3
157	37	0	2.30729824	154401.679	165394.085	154401.679	181659.649	27257.9701	3345.43755	0	12.2	658368	0	0	3
158	37	0	2.32199441	155664.026	164651.352	154401.679	180424.851	26023.1724	3345.43755	0	12.8	658776	0	0	3
159	37	0	2.33669058	157388.518	163993.171	154401.679	178824.95	24423.2709	3345.43755	0	13.6	659142	0	0	3
160	37	0	2.35138675	155192.057	163317.946	154401.679	177139.929	22738.25	3345.43755	0	14.7	659485	0	0	3
161	38	0	2.36608291	152621.54	162617.421	152621.54	175958.799	23337.2588	3345.43755	0	14.3	659781	0	0	3
162	38	0	2.38077908	156468.277	162060.548	152621.54	174710.687	22089.1475	3345.43755	0	15.1	660024	0	0	3
163	38	0	2.39547525	156049.702	161527.377	152621.54	173644.004	21022.464	3345.43755	0	15.9	660231	0	0	3
164	38	0	2.41017141	155204.295	161000.529	152621.54	172447.446	19825.9059	3345.43755	0	16.8	660389	0	0	3
165	39	0	2.42486758	155297.569	160510.532	152621.54	171368.002	18746.4618	3345.43755	0	17.8	660584	0	0	3
166	39	0	2.43956375	155100.482	160045.746	152621.54	170179.611	17558.071	3345.43755	0	19	660828	0	0	3
167	39	0	2.45425992	155826.286	159635.651	152621.54	169315.551	16694.0115	3345.43755	0	20	661011	0	0	3
168	39	0	2.46895608	155633.538	159244.736	152621.54	168383.92	15762.3801	3345.43755	0	21.2	661209	0	0	3
169	39	0	2.48365225	153559.32	158821.176	152621.54	167516.502	14894.9626	3345.43755	0	22.4	661252	0	0	3
170	40	0	2.49834842	157828.475	158544.375	152621.54	166708.289	14086.7492	3345.43755	0	23.7	661338	0	0	3
171	40	0	2.51304458	155684.829	158229.419	152621.54	165901.295	13279.7555	3345.43755	0	25.1	661384	0	0	3
172	40	0	2.52774075	154823.416	157912.909	152621.54	165146.945	12525.4057	3345.43755	0	26.7	661672	0	0	3
173	40	0	2.54243692	154992.033	157622.768	152621.54	164315.364	11693.8238	3345.43755	0	28.6	662200	0	0	3
174	40	0	2.55713309	154581.887	157344.669	152621.54	163330.844	10709.3042	3345.43755	0	31.2	662685	0	0	3
175	41	0	2.57182925	155003.332	157106.74	152621.54	163277.543	10656.0032	3345.43755	0	31.3	663126	0	0	3
176	41	0	2.58652542	154082.269	156865.503	152621.54	163277.543	10656.0032	3345.43755	0	31.3	663530	0	0	3
177	41	0	2.60122159	150070.026	156556.458	150070.026	163277.543	13207.5172	3345.43755	0	25.3	663880	0	0	3
178	41	0	2.61591776	153430.072	156317.575	150070.026	163277.543	13207.5172	3345.43755	0	25.3	664182	0	0	3
179	42	0	2.63061392	154969.503	156080.203	150070.026	160756.653	10686.6275	3345.43755	0	31.3	664417	0	0	3
180	42	0	2.64531009	151960.334	155828.879	150070.026	159791.283	9721.25748	3345.43755	0	34.4	664595	0	0	3
181	42	0	2.66000626	152270.476	155626.602	150070.026	159791.283	9721.25748	3345.43755	0	34.4	664739	0	0	3
182	42	0	2.67470242	153523.24	155486.061	150070.026	159791.283	9721.25748	3345.43755	0	34.4	664801	0	0	3
183	42	0	2.68939859	153698.775	155343.1	150070.026	159791.283	9721.25748	3345.43755	0	34.4	664803	0	0	3
184	43	0	2.70409476	152256.594	155170.69	150070.026	159791.283	9721.25748	3345.43755	0	34.4	664777	0	0	3
185	43	0	2.71879093	152916.17	154995.156	150070.026	159791.283	9721.25748	3345.43755	0	34.4	664721	0	0	3
186	43	0	2.73348709	157091.793	154918.028	150070.026	157828.475	7758.44884	3345.43755	0	43.1	664645	0	0	3
187	43	0	2.74818326	153441.491	154804.989	150070.026	157828.475	7758.44884	3345.43755	0	43.1	664549	0	0	3
188	44	0	2.76287943	155319.218	154752.574	150070.026	157828.475	7758.44884	3345.43755	0	43.1	664458	0	0	3
189	44	0	2.77757559	152507.326	154646.514	150070.026	157828.475	7758.44884	3345.43755	0	43.1	664540	0	0	3
190	44	0	2.79227176	156068.632	154629.068	150070.026	157828.475	7758.44884	3345.43755	0	43.1	664889	0	0	3
191	44	0	2.80696793	153416.202	154524.097	150070.026	157828.475	7758.44884	3345.43755	0	43.1	665213	0	0	3
192	44	0	2.8216641	152346.417	154465.375	150070.026	157828.475	7758.44884	3345.43755	0	43.1	665520	0	0	3
193	45	0	2.83636026	149265.936	154282.572	149265.936	157828.475	8562.53845	3345.43755	0	39	665780	0	0	3
194	45	0	2.85105643	153877.708	154182.263	149265.936	157828.475	8562.53845	3345.43755	0	39	666016	0	0	3
195	45	0	2.8657526	153317.552	154128.706	149265.936	157828.475	8488.71437	3345.43755	0	39.4	666212	0	0	3
196	45	0	2.88044876	153728.187	154160.325	149265.936	157828.475	7931.84232	3345.43755	0	42.1	666365	0	0	3
197	46	0	2.89514493	154135.547	154093.675	149265.936	157828.475	7433.70225	3345.43755	0	45	666466	0	0	3
198	46	0	2.9098411	152769.544	153999.956	149265.936	157828.475	7000.57223	3345.43755	0	47.7	666541	0	0	3
199	46	0	2.92453727	155885.274	154019.413	149265.936	157828.475	6510.57576	3345.43755	0	51.3	666572	0	0	3
200	46	0	2.93923343	152377.378	153935.979	149265.936	157828.475	6109.76699	3345.43755	0	54.7	666541	0	0	3
201	46	0	2.9539296	152212.469	153853.464	149265.936	157828.475	5782.18666	3345.43755	0	57.8	666509	0	0	3
202	47	0	2.96862577	157213.702	153893.105	149265.936	157828.475	5391.272	3345.43755	0	62	666473	0	0	3
203	47	0	2.98332193	153193.84	153823.399	149265.936	157828.475	4997.77719	3345.43755	0	66.9	666429	0	0	3
204	47	0	2.9980181	153012.718	153807.782	149265.936	157828.475	4736.59358	3345.43755	0	70.6	666476	0	0	3
205	47	0	3.01271427	156181.386	153760.722	149265.936	157213.702	4468.69724	3345.43755	0	74.8	666617	0	0	3
206	48	0	3.02741044	151207.449	153632.797	149265.936	157213.702	4280.11154	3345.43755	0	78.1	666755	0	0	3
207	48	0	3.0421066	154502.352	153623.624	149265.936	157213.702	3999.14445	3345.43755	0	83.6	666889	0	0	3
208	48	0	3.05680277	153654.879	153585.419	149265.936	157213.702	3759.24953	3345.43755	0	88.9	667035	0	0	3
209	48	0	3.07149894	151514.928	153497.792	149265.936	157213.702	3608.94802	3345.43755	0	92.6	667172	0	0	3
210	48	0	3.0861951	154176.527	153474.169	149265.936	157213.702	3391.33383	3345.43755	0	98.6	667306	0	0	3
211	49	0	3.10089127	151953.932	153413.359	149265.936	157213.702	3143.09893	3345.43755	0	100	667429	0	0	3
212	49	0	3.11558744	152385.635	153479.52	149265.936	157213.702	2904.21583	3345.43755	0	100	667543	0	0	3
213	49	0	3.13028361	151462.818	153423.312	149265.936	157213.702	2666.84328	3345.43755	0	100	667653	0	0	3
214	49	0	3.14497977	153007.515	153367.256	149265.936	157213.702	2461.62367	3345.43755	0	100	667764	0	0	3
215	50	0	3.15967594	154638.504	153443.775	149265.936	157213.702	2259.34631	3345.43755	0	100	667884	0	0	3
216	50	0	3.17437211	155297.309	153530.256	149265.936	157213.702	2118.8052	3345.43755	0	100	668018	0	0	3
217	50	0	3.18906827	154938.873	153570.702	149265.936	157213.702	1975.8439	3345.43755	0	100	668137	0	0	3
218	50	0	3.20376444	155946.067	153634.911	149265.936	157213.702	1803.43403	3345.43755	0	100	668275	0	0	3
219	50	0	3.21846061	152836.647	153651.484	149265.936	157213.702	1627.90056	3345.43755	0	100	668420	0	0	3
220	51	0	3.23315678	156066.235	153741.486	149265.936	157213.702	1550.77228	3345.43755	0	100	668583	0	0	3
221	51	0	3.24785294	154954.576	153680.422	149265.936	157213.702	1437.73313	3345.43755	0	100	668731	0	0	3
222	51	0	3.26254911	152160.734	153643.829	149265.936	157213.702	1385.31843	3345.43755	0	100	668871	0	0	3
223	51	0	3.27724528	155067.044	153636.624	149265.936	157213.702	1279.2585	3345.43755	0	100	669038	0	0	3
224	52	0	3.29194144	154108.144	153682.362	149265.936	157213.702	1261.81258	3345.43755	0	100	669180	0	0	3
225	52	0	3.30663761	151629.388	153555.526	149265.936	157213.702	1156.84104	3345.43755	0	100	669325	0	0	3
226	52	0	3.32133378	153970.833	153571.373	149265.936	157213.702	1098.11926	3345.43755	0	100	669442	0	0	3
227	52	0	3.33602995	152302.515	153570.119	149265.936	157213.702	915.316687	3345.43755	0	100	669556	0	0	3
228	52	0	3.35072611	153293.403	153685.189	151207.449	157213.702	815.007841	3345.43755	0	100	669659	0	0	3
229	53	0	3.36542228	153953.356	153687.35	151207.449	157213.702	793.069051	3345.43755	0	100	669753	0	0	3
230	53	0	3.38011845	151256.179	153628.454	151207.449	157213.702	793.069051	3345.43755	0	100	669846	0	0	3
231	53	0	3.39481461	154485.583	153650.094	151207.449	157213.702	726.419617	3345.43755	0	100	669927	0	0	3
232	53	0	3.40951078	155249.23	153681.913	151207.449	157213.702	652.157352	3345.43755	0	100	670003	0	0	3
233	54	0	3.42420695	155350.183	153755.646	151207.449	157213.702	652.157352	3345.43755	0	100	670067	0	0	3
234	54	0	3.43890312	155314.384	153739.335	151207.449	157213.702	568.723309	3345.43755	0	100	670128	0	0	3
235	54	0	3.45359928	155647.677	153832.772	151207.449	157213.702	525.849106	3345.43755	0	100	670175	0	0	3
236	54	0	3.46829545	153779.55	153877.546	151207.449	157213.702	525.849106	3345.43755	0	100	670228	0	0	3
237	54	0	3.48299162	153762.277	153778.934	151207.449	156181.386	510.290049	3345.43755	0	100	670288	0	0	3
238	55	0	3.49768778	156846.661	153883.3	151207.449	156846.661	516.044214	3345.43755	0	100	670439	0	0	3
239	55	0	3.51238395	152015.655	153854.812	151207.449	156846.661	516.044214	3345.43755	0	100	670450	0	0	3
240	55	0	3.52708012	151602.968	153724	151207.449	156846.661	516.044214	3345.43755	0	100	670660	0	0	3
241	55	0	3.54177629	153131.018	153778.959	151256.179	156846.661	516.044214	3345.43755	0	100	670656	0	0	3
242	55	0	3.55647245	151134.821	153682.744	151134.821	156846.661	516.044214	3345.43755	0	100	670833	0	0	3
243	56	0	3.57116862	152441.194	153648.068	151134.821	156846.661	516.044214	3345.43755	0	100	670866	0	0	3
244	56	0	3.58586479	153930.43	153717.082	151134.821	156846.661	516.044214	3345.43755	0	100	671135	0	0	3
245	56	0	3.60056095	155407.053	153752.24	151134.821	156846.661	516.044214	3345.43755	0	100	671239	0	0	3
246	56	0	3.61525712	155665.144	153858.274	151134.821	156846.661	516.044214	3345.43755	0	100	671388	0	0	3
247	57	0	3.62995329	154394.838	153915.68	151134.821	156846.661	548.424614	3345.43755	0	100	671606	0	0	3
248	57	0	3.64464946	153993.357	153987.981	151134.821	156846.661	620.725719	3345.43755	0	100	671836	0	0	3
249	57	0	3.65934562	155958.917	154072.307	151134.821	156846.661	628.532327	3345.43755	0	100	672009	0	0	3
250	57	0	3.67404179	152757.217	154018.556	151134.821	156846.661	542.051386	3345.43755	0	100	672125	0	0	3
251	58	0	3.68873796	157818.21	154090.582	151134.821	157818.21	535.055507	3345.43755	0	100	672214	0	0	3
252	58	0	3.70343413	152765.691	154028.491	151134.821	157818.21	535.055507	3345.43755	0	100	672259	0	0	3
253	58	0	3.71813029	152360.533	153926.047	151134.821	157818.21	535.055507	3345.43755	0	100	672255	0	0	3
254	58	0	3.73282646	152483.352	153915.953	151134.821	157818.21	535.055507	3345.43755	0	100	672215	0	0	3
255	59	0	3.74752263	151627.747	153789.139	151134.821	157818.21	535.055507	3345.43755	0	100	672159	0	0	3
256	59	0	3.76221879	150513.843	153662.261	150513.843	157818.21	535.055507	3345.43755	0	100	672158	0	0	3
257	59	0	3.77691496	151641.786	153647.434	150513.843	157818.21	535.055507	3345.43755	0	100	672295	0	0	3
258	59	0	3.79161113	152408.954	153571.488	150513.843	157818.21	535.055507	3345.43755	0	100	672422	0	0	3
259	60	0	3.8063073	153625.039	153557.685	150513.843	157818.21	535.055507	3345.43755	0	100	672526	0	0	3
260	60	0	3.82100346	151208.488	153545.66	150513.843	157818.21	544.922149	3345.43755	0	100	672621	0	0	3
261	60	0	3.83569963	151774.892	153482.918	150513.843	157818.21	607.663311	3345.43755	0	100	672711	0	0	3
262	60	0	3.8503958	154770.711	153553.438	150513.843	157818.21	607.663311	3345.43755	0	100	672892	0	0	3
263	61	0	3.86509196	150222.734	153465.705	150222.734	157818.21	624.876848	3345.43755	0	100	673095	0	0	3
264	61	0	3.87978813	153288.211	153446.701	150222.734	157818.21	643.880982	3345.43755	0	100	673303	0	0	3
265	61	0	3.8944843	151072.071	153441.441	150222.734	157818.21	649.141208	3345.43755	0	100	673505	0	0	3
266	62	0	3.90918047	149667.838	153303.791	149667.838	157818.21	786.791044	3345.43755	0	100	673629	0	0	3
267	62	0	3.92387663	150674.13	153173.074	149667.838	157818.21	917.508207	3345.43755	0	100	673667	0	0	3
268	62	0	3.9385728	145729.863	152898.207	145729.863	157818.21	1192.3745	3345.43755	0	100	673673	0	0	3
269	62	0	3.95326897	148924.674	152715.644	145729.863	157818.21	1374.93762	3345.43755	0	100	673716	0	0	3
270	63	0	3.96796513	149183.854	152530.963	145729.863	157818.21	1559.61829	3345.43755	0	100	673744	0	0	3
271	63	0	3.9826613	149802.605	152417.336	145729.863	157818.21	1673.24529	3345.43755	0	100	673762	0	0	3
272	63	0	3.99735747	150849.901	152334.126	145729.863	157818.21	1756.45601	3345.43755	0	100	673802	0	0	3
273	63	0	4.01205364	151907.279	152193.001	145729.863	157818.21	1897.58122	3345.43755	0	100	673838	0	0	3
274	64	0	4.0267498	149302.479	152115.481	145729.863	157818.21	1975.10053	3345.43755	0	100	673869	0	0	3
275	64	0	4.04144597	148602.259	152029.747	145729.863	157818.21	2060.83508	3345.43755	0	100	673913	0	0	3
276	64	0	4.05614214	151228.008	151975.375	145729.863	157818.21	2115.20678	3345.43755	0	100	673947	0	0	3
277	64	0	4.0708383	151633.048	151989.61	145729.863	157818.21	2115.20678	3345.43755	0	100	674011	0	0	3
278	64	0	4.08553447	146165.43	151810.302	145729.863	157818.21	2280.27931	3345.43755	0	100	674103	0	0	3
279	65	0	4.10023064	143930.818	151524.599	143930.818	157818.21	2565.9825	3345.43755	0	100	674221	0	0	3
280	65	0	4.11492681	146955.726	151283.133	143930.818	157818.21	2807.44897	3345.43755	0	100	674291	0	0	3
281	65	0	4.12962297	146886.633	151032.318	143930.818	157818.21	3058.26357	3345.43755	0	100	674372	0	0	3
282	65	0	4.14431914	146322.806	150801.689	143930.818	157818.21	3288.89305	3345.43755	0	100	674426	0	0	3
283	66	0	4.15901531	146613.684	150590.841	143930.818	157818.21	3499.74085	3345.43755	0	95.5	674561	0	0	3
284	66	0	4.17371147	142864.407	150216.712	142864.407	157818.21	3873.8697	3345.43755	0	86.3	674587	0	0	3
285	66	0	4.18840764	144788.131	149989.024	142864.407	157818.21	4101.55785	3345.43755	0	81.5	674684	0	0	3
286	66	0	4.20310381	145760.231	149644.51	142864.407	154770.711	4383.9806	3345.43755	0	76.3	674728	0	0	3
287	67	0	4.21779998	143254.867	149372.772	142864.407	154770.711	4553.27459	3345.43755	0	73.4	674754	0	0	3
288	67	0	4.23249614	142971.409	149104.512	142864.407	154770.711	4811.44114	3345.43755	0	69.5	674800	0	0	3
289	67	0	4.24719231	144093.085	148864.79	142864.407	154770.711	4924.34913	3345.43755	0	67.9	674851	0	0	3
290	67	0	4.26188848	143133.522	148622.098	142864.407	154770.711	5040.16319	3345.43755	0	66.3	674910	0	0	3
291	67	0	4.27658464	144703.343	148456.083	142864.407	154770.711	5191.35038	3345.43755	0	64.4	674982	0	0	3
292	68	0	4.29128081	146244.402	148301.872	142864.407	154770.711	5269.61592	3345.43755	0	63.4	675052	0	0	3
293	68	0	4.30597698	141322.172	147985.107	141322.172	154770.711	5572.5781	3345.43755	0	60	675133	0	0	3
294	68	0	4.32067315	140314.495	147604.806	140314.495	154770.711	5948.63234	3345.43755	0	56.2	675232	0	0	3
295	69	0	4.33536931	142207.261	147347.628	140314.495	154770.711	6205.81026	3345.43755	0	53.9	675316	0	0	3
296	69	0	4.35006548	139044.419	146983.9	139044.419	154770.711	6569.53807	3345.43755	0	50.9	675389	0	0	3
297	69	0	4.36476165	141593.725	146607.415	139044.419	153288.211	6858.28997	3345.43755	0	48.7	675471	0	0	3
298	69	0	4.37945781	141937.694	146370.699	139044.419	153288.211	7076.00128	3345.43755	0	47.2	675504	0	0	3
299	70	0	4.39415398	142542.619	146063.683	139044.419	151907.279	7377.75796	3345.43755	0	45.3	675504	0	0	3
300	70	0	4.40885015	138968.027	145717.853	138968.027	151907.279	7585.93795	3345.43755	0	44.1	675463	0	0	3
301	70	0	4.42354632	139949.463	145440.185	138968.027	151907.279	7732.88866	3345.43755	0	43.2	675394	0	0	3
302	70	0	4.43824248	137348.957	145059.466	137348.957	151907.279	7838.74158	3345.43755	0	42.6	675497	0	0	3
303	71	0	4.45293865	139527.086	144882.243	137348.957	151907.279	7833.40066	3345.43755	0	42.7	675705	0	0	3
304	71	0	4.46763482	139314.214	144607.659	137348.957	151907.279	7923.30458	3345.43755	0	42.2	675940	0	0	3
305	71	0	4.48233098	139534.614	144331.966	137348.957	151907.279	8085.37015	3345.43755	0	41.3	676113	0	0	3
306	71	0	4.49702715	139965.488	144050.906	137348.957	151907.279	8283.21992	3345.43755	0	40.3	676219	0	0	3
307	71	0	4.51172332	139543.015	143727.852	137348.957	151907.279	8465.14862	3345.43755	0	39.5	676312	0	0	3
308	72	0	4.52641949	138625.892	143348.384	137348.957	151633.048	8767.09751	3345.43755	0	38.1	676427	0	0	3
309	72	0	4.54111565	136707.268	142988.521	136707.268	151633.048	9041.22613	3345.43755	0	37	676572	0	0	3
310	72	0	4.55581182	137287.589	142665.244	136707.268	151633.048	9324.36575	3345.43755	0	35.8	676725	0	0	3
311	73	0	4.57050799	136685.795	142249.752	136685.795	151633.048	9739.85754	3345.43755	0	34.3	676832	0	0	3
312	73	0	4.58520415	136446.886	141815.862	136446.886	146955.726	9994.4403	3345.43755	0	33.4	677074	0	0	3
313	73	0	4.59990032	136424.738	141537.557	136424.738	146955.726	9987.04259	3345.43755	0	33.4	677290	0	0	3
314	73	0	4.61459649	135994.323	141310.8	135994.323	146955.726	9972.33313	3345.43755	0	33.5	677480	0	0	3
315	74	0	4.62929266	132664.27	140902.472	132664.27	146886.633	10129.8459	3345.43755	0	33	677618	0	0	3
316	74	0	4.64398882	132006.063	140477.313	132006.063	146613.684	10324.3755	3345.43755	0	32.4	677733	0	0	3
317	74	0	4.65868499	131123.381	140043.044	131123.381	146613.684	10547.797	3345.43755	0	31.7	677792	0	0	3
318	74	0	4.67338116	131007.527	139597.154	131007.527	146244.402	10619.5584	3345.43755	0	31.5	677809	0	0	3
319	75	0	4.68807733	129544.681	139216.59	129544.681	146244.402	10772.4338	3345.43755	0	31	677757	0	0	3
320	75	0	4.70277349	130485.82	138807.953	129544.681	146244.402	10836.5576	3345.43755	0	30.8	677736	0	0	3
321	75	0	4.71746966	129947.79	138356.169	129544.681	146244.402	11016.6038	3345.43755	0	30.3	677902	0	0	3
322	75	0	4.73216583	128352.654	137930.391	128352.654	146244.402	11174.1207	3345.43755	0	29.9	677963	0	0	3
323	76	0	4.74686199	129516.159	137545.955	128352.654	146244.402	11318.8345	3345.43755	0	29.5	678146	0	0	3
324	76	0	4.76155816	127660.57	137076.455	127660.57	146244.402	11545.6427	3345.43755	0	28.9	678284	0	0	3
325	76	0	4.77625433	125041.997	136559.554	125041.997	146244.402	11896.5292	3345.43755	0	28.1	678455	0	0	3
326	76	0	4.7909505	122968.566	135938.561	122968.566	146244.402	12363.3118	3345.43755	0	27	678476	0	0	3
327	77	0	4.80564666	124386.804	135314.058	122968.566	142542.619	12671.0494	3345.43755	0	26.4	678428	0	0	3
328	77	0	4.82034283	123512.209	134805.202	122968.566	142542.619	12799.6042	3345.43755	0	26.1	678381	0	0	3
329	77	0	4.835039	121483.71	134267.179	121483.71	142542.619	13080.4488	3345.43755	0	25.5	678291	0	0	3
330	77	0	4.84973516	122705.817	133709.995	121483.71	142542.619	13273.9051	3345.43755	0	25.2	678187	0	0	3
331	78	0	4.86443133	121426.227	133206.618	121426.227	142542.619	13400.7967	3345.43755	0	24.9	678095	0	0	3
332	78	0	4.8791275	119878.199	132586.175	119878.199	142542.619	13784.5248	3345.43755	0	24.2	678006	0	0	3
333	78	0	4.89382367	117869.604	131898.515	117869.604	142542.619	14165.1676	3345.43755	0	23.6	678027	0	0	3
334	79	0	4.90851983	115586.407	131128.337	115586.407	139965.488	14589.5153	3345.43755	0	22.9	678081	0	0	3
335	79	0	4.923216	114857.742	130439.472	114857.742	139965.488	15000.7127	3345.43755	0	22.3	678130	0	0	3
336	79	0	4.93791217	113322.981	129678.716	113322.981	139965.488	15380.7501	3345.43755	0	21.7	678176	0	0	3
337	79	0	4.95260833	111676.714	128945.223	111676.714	139965.488	15937.0206	3345.43755	0	20.9	678196	0	0	3
338	80	0	4.9673045	110444.212	128114.284	110444.212	139965.488	16493.3753	3345.43755	0	20.2	678188	0	0	3
339	80	0	4.98200067	110605.296	127294.029	110444.212	139965.488	17037.9375	3345.43755	0	19.6	678166	0	0	3
340	80	0	4.99669684	109973.014	126449.412	109973.014	139965.488	17601.4941	3345.43755	0	19	678078	0	0	3
341	80	0	5.011393	109169.095	125569.515	109169.095	139543.015	18158.3372	3345.43755	0	18.4	678292	0	0	3
342	81	0	5.02608917	108197.071	124673.916	108197.071	138625.892	18674.4674	3345.43755	0	17.9	678475	0	0	3
343	81	0	5.04078534	107266.752	123777.941	107266.752	137287.589	19210.5796	3345.43755	0	17.4	678575	0	0	3
344	81	0	5.0554815	106233.67	122907.267	106233.67	137287.589	19757.9776	3345.43755	0	16.9	678576	0	0	3
345	82	0	5.07017767	105236.412	121991.519	105236.412	136685.795	20258.2337	3345.43755	0	16.5	678481	0	0	3
346	82	0	5.08487384	104360.823	121067.948	104360.823	136446.886	20747.914	3345.43755	0	16.1	678520	0	0	3
347	82	0	5.09957001	103695.709	120132.2	103695.709	136424.738	21405.3564	3345.43755	0	15.6	678589	0	0	3
348	82	0	5.11426617	102999.018	119177.18	102999.018	135994.323	22133.62	3345.43755	0	15.1	678585	0	0	3
349	83	0	5.12896234	102496.465	118220.098	102496.465	132664.27	22682.3743	3345.43755	0	14.7	678553	0	0	3
350	83	0	5.14365851	101934.626	117342.108	101934.626	132006.063	23135.205	3345.43755	0	14.4	678428	0	0	3
351	83	0	5.15835467	101575.123	116472.653	101575.123	131123.381	23570.3912	3345.43755	0	14.1	678252	0	0	3
352	83	0	5.17305084	101131.57	115615.744	101131.57	131007.527	23981.4099	3345.43755	0	13.9	678163	0	0	3
353	84	0	5.18774701	100828.118	114753.475	100828.118	130485.82	24463.1151	3345.43755	0	13.6	678184	0	0	3
354	84	0	5.20244318	100438.035	113921.857	100438.035	130485.82	24886.0961	3345.43755	0	13.4	678261	0	0	3
355	84	0	5.21713934	100202.61	113056.622	100202.61	129947.79	25299.5466	3345.43755	0	13.2	678493	0	0	3
356	84	0	5.23183551	99960.0098	112199.828	99960.0098	129516.159	25730.5628	3345.43755	0	13	678634	0	0	3
357	85	0	5.24653168	99837.0991	111385.098	99837.0991	129516.159	26160.8572	3345.43755	0	12.7	678699	0	0	3
358	85	0	5.26122784	99793.5692	110535.881	99793.5692	127660.57	26540.5737	3345.43755	0	12.6	678641	0	0	3
359	85	0	5.27592401	99739.3178	109738.131	99739.3178	125041.997	25302.6796	3345.43755	0	13.2	678860	0	0	3
360	85	0	5.29062018	99693.5753	109013.891	99693.5753	124386.804	24693.2289	3345.43755	0	13.5	679143	0	0	3
361	86	0	5.30531635	99682.3665	108348.571	99682.3665	124386.804	24704.4378	3345.43755	0	13.5	679408	0	0	3
362	86	0	5.32001251	99768.5001	107645.19	99682.3665	123512.209	23829.8427	3345.43755	0	14	679620	0	0	3
363	86	0	5.33470868	99948.6736	106971.947	99682.3665	122705.817	23023.4502	3345.43755	0	14.5	679580	0	0	3
364	86	0	5.34940485	100026.601	106358.886	99682.3665	122705.817	23023.4502	3345.43755	0	14.5	679466	0	0	3
365	87	0	5.36410101	100179.722	105715.284	99682.3665	121426.227	21743.8607	3345.43755	0	15.3	679364	0	0	3
366	87	0	5.37879718	100299.541	105111.664	99682.3665	119878.199	20195.8326	3345.43755	0	16.5	679215	0	0	3
367	87	0	5.39349335	100431.12	104556.033	99682.3665	117869.604	18187.2379	3345.43755	0	18.3	679019	0	0	3
368	87	0	5.40818952	100542.935	104060.985	99682.3665	115586.407	15904.0409	3345.43755	0	21	678794	0	0	3
369	88	0	5.42288568	100570.295	103631.954	99682.3665	114857.742	15175.3752	3345.43755	0	22	678593	0	0	3
370	88	0	5.43758185	100588.088	103224.249	99682.3665	113322.981	13640.6143	3345.43755	0	24.5	678506	0	0	3
371	88	0	5.45227802	100640.311	102861.887	99682.3665	111676.714	11994.3472	3345.43755	0	27.8	678637	0	0	3
372	88	0	5.46697418	100661.026	102547.153	99682.3665	110605.296	10922.9295	3345.43755	0	30.6	678925	0	0	3
373	88	0	5.48167035	100704.493	102268.876	99682.3665	110605.296	10922.9295	3345.43755	0	30.6	679236	0	0	3
374	89	0	5.49636652	100711.026	101986.182	99682.3665	109973.014	10290.6476	3345.43755	0	32.5	679496	0	0	3
375	89	0	5.51106269	100721.198	101721.845	99682.3665	109169.095	9486.72845	3345.43755	0	35.2	679647	0	0	3
376	89	0	5.52575885	100685.2	101479.448	99682.3665	108197.071	8514.70459	3345.43755	0	39.2	679658	0	0	3
377	89	0	5.54045502	100633.751	101263.353	99682.3665	107266.752	7584.38593	3345.43755	0	44.1	679572	0	0	3
378	90	0	5.55515119	100541.519	101071.203	99682.3665	106233.67	6551.30361	3345.43755	0	51	679483	0	0	3
379	90	0	5.56984735	100435.35	100905.537	99682.3665	105236.412	5554.04557	3345.43755	0	60.2	679291	0	0	3
380	90	0	5.58454352	100295.995	100764.382	99682.3665	104360.823	4678.45651	3345.43755	0	71.5	679011	0	0	3
381	90	0	5.59923969	100128.954	100643.472	99682.3665	103695.709	4013.34234	3345.43755	0	83.3	678633	0	0	3
382	91	0	5.61393586	99940.7164	100536.186	99682.3665	102999.018	3316.65116	3345.43755	0	100	678772	0	0	3
383	91	0	5.62863202	99766.9787	100443.842	99682.3665	102496.465	2814.09887	3345.43755	0	100	679004	0	0	3
384	91	0	5.64332819	99601.3992	100361.126	99601.3992	101934.626	2333.22646	3345.43755	0	100	679234	0	0	3
385	91	0	5.65802436	99468.5763	100290.668	99468.5763	101575.123	2106.54622	3345.43755	0	100	679409	0	0	3
386	92	0	5.67272052	99351.6826	100227.141	99351.6826	101131.57	1779.88756	3345.43755	0	100	679563	0	0	3
387	92	0	5.68741669	99270.0143	100173.953	99270.0143	100828.118	1558.1041	3345.43755	0	100	679680	0	0	3
388	92	0	5.70211286	99200.4542	100127.449	99200.4542	100721.198	1520.7437	3345.43755	0	100	679783	0	0	3
389	92	0	5.71680903	99164.8296	100091.071	99164.8296	100721.198	1556.36824	3345.43755	0	100	679839	0	0	3
390	93	0	5.73150519	99138.2924	100060.662	99138.2924	100721.198	1582.90552	3345.43755	0	100	679884	0	0	3
391	93	0	5.74620136	99151.0716	100037.55	99138.2924	100721.198	1582.90552	3345.43755	0	100	679889	0	0	3
392	93	0	5.76089753	99171.2471	100018.525	99138.2924	100721.198	1582.90552	3345.43755	0	100	679868	0	0	3
393	93	0	5.7755937	99221.2518	100002.174	99138.2924	100721.198	1582.90552	3345.43755	0	100	679809	0	0	3
394	94	0	5.79028986	99271.2048	99988.7989	99138.2924	100721.198	1582.90552	3345.43755	0	100	679736	0	0	3
395	94	0	5.80498603	99354.0234	99979.0974	99138.2924	100721.198	1582.90552	3345.43755	0	100	679641	0	0	3
396	94	0	5.8196822	99430.9587	99971.9143	99138.2924	100721.198	1582.90552	3345.43755	0	100	679546	0	0	3
397	94	0	5.83437836	99525.3217	99964.9664	99138.2924	100721.198	1582.90552	3345.43755	0	100	679859	0	0	3
398	95	0	5.84907453	99604.5951	99955.1356	99138.2924	100721.198	1582.90552	3345.43755	0	100	680134	0	0	3
399	95	0	5.8637707	99691.3099	99945.5558	99138.2924	100721.198	1582.90552	3345.43755	0	100	680345	0	0	3
400	95	0	5.87846687	99748.9511	99933.2481	99138.2924	100721.198	1582.90552	3345.43755	0	100	680506	0	0	3
401	96	0	5.89316303	99811.6874	99919.3094	99138.2924	100721.198	1582.90552	3345.43755	0	100	680628	0	0	3
402	96	0	5.9078592	99882.9793	99903.6483	99138.2924	100721.198	1582.90552	3345.43755	0	100	680734	0	0	3
403	96	0	5.92255537	99960.7475	99887.0143	99138.2924	100721.198	1582.90552	3345.43755	0	100	680825	0	0	3
404	97	0	5.93725153	99964.8285	99869.7153	99138.2924	100721.198	1582.90552	3345.43755	0	100	680923	0	0	3
405	97	0	5.9519477	99905.8289	99850.2222	99138.2924	100721.198	1582.90552	3345.43755	0	100	681027	0	0	3
406	97	0	5.96664387	99769.4843	99825.3414	99138.2924	100721.198	1582.90552	3345.43755	0	100	681121	0	0	3
407	97	0	5.98134004	99610.4641	99795.3253	99138.2924	100721.198	1582.90552	3345.43755	0	100	681212	0	0	3
408	98	0	5.9960362	99408.4922	99758.2967	99138.2924	100721.198	1582.90552	3345.43755	0	100	681283	0	0	3
409	98	0	6.01073237	99235.7546	99716.1461	99138.2924	100721.198	1582.90552	3345.43755	0	100	681324	0	0	3
410	99	0	6.02542854	99068.2727	99668.9197	99068.2727	100685.2	1616.92778	3345.43755	0	100	681314	0	0	3
411	99	0	6.0401247	98909.0173	99618.1716	98909.0173	100633.751	1645.18131	3345.43755	0	100	681269	0	0	3
412	99	0	6.05482087	98716.5704	99563.395	98716.5704	100541.519	1507.80839	3345.43755	0	100	681195	0	0	3
413	100	0	6.06951704	98490.2593	99504.7876	98490.2593	100435.35	1400.74953	3345.43755	0	100	681128	0	0	3
414	100	0	6.08421321	98212.3379	99441.2729	98212.3379	100295.995	1323.10939	3345.43755	0	100	681078	0	0	3
415	100	0	6.09890937	97944.3027	99374.0817	97944.3027	100128.954	1269.39005	3345.43755	0	100	681129	0	0	3
416	100	0	6.11360554	97685.5893	99304.2713	97685.5893	99964.8285	1231.91496	3345.43755	0	100	681244	0	0	3
417	102	0	6.12830171	97495.3683	99234.4042	97495.3683	99964.8285	1209.43808	3345.43755	0	100	681477	0	0	3
418	102	0	6.14299787	97333.2315	99164.8686	97333.2315	99964.8285	1196.25753	3345.43755	0	100	681654	0	0	3
419	102	0	6.15769404	97222.0571	99096.8874	97222.0571	99964.8285	1193.78018	3345.43755	0	100	681746	0	0	3
420	103	0	6.17239021	97125.9517	99029.9552	97125.9517	99964.8285	1197.18546	3345.43755	0	100	681820	0	0	3
421	103	0	6.18708638	97075.7637	98964.929	97075.7637	99964.8285	1209.02441	3345.43755	0	100	681849	0	0	3
422	103	0	6.20178254	97050.7282	98901.5208	97050.7282	99964.8285	1225.92789	3345.43755	0	100	681880	0	0	3
423	103	0	6.21647871	97066.1225	98840.5399	97050.7282	99964.8285	1250.53151	3345.43755	0	100	681921	0	0	3
424	104	0	6.23117488	97110.4816	98781.8443	97050.7282	99964.8285	1278.8181	3345.43755	0	100	681946	0	0	3
425	104	0	6.24587104	97206.7033	98726.656	97050.7282	99964.8285	1310.89383	3345.43755	0	100	681961	0	0	3
426	104	0	6.26056721	97333.7526	98674.7326	97050.7282	99964.8285	1343.7929	3345.43755	0	100	681940	0	0	3
427	104	0	6.27526338	97508.0114	98627.2116	97050.7282	99964.8285	1374.96199	3345.43755	0	100	681876	0	0	3
428	105	0	6.28995955	97705.3373	98583.8997	97050.7282	99964.8285	1404.89918	3345.43755	0	100	681801	0	0	3
429	105	0	6.30465571	97898.4823	98544.6791	97050.7282	99964.8285	1434.41834	3345.43755	0	100	681684	0	0	3
430	105	0	6.31935188	98094.005	98508.6786	97050.7282	99964.8285	1463.23579	3345.43755	0	100	681564	0	0	3
431	105	0	6.33404805	98318.4494	98476.8926	97050.7282	99964.8285	1488.07381	3345.43755	0	100	681479	0	0	3
432	106	0	6.34874421	98508.1367	98447.8302	97050.7282	99964.8285	1507.30543	3345.43755	0	100	681486	0	0	3
433	106	0	6.36344038	98725.8158	98422.7222	97050.7282	99964.8285	1522.83367	3345.43755	0	100	681499	0	0	3
434	106	0	6.37813655	98913	98400.4847	97050.7282	99964.8285	1532.76337	3345.43755	0	100	681654	0	0	3
435	106	0	6.39283272	99048.8481	98380.4818	97050.7282	99964.8285	1538.82763	3345.43755	0	100	681787	0	0	3
436	107	0	6.40752888	99146.6947	98361.482	97050.7282	99964.8285	1542.16625	3345.43755	0	100	681906	0	0	3
437	107	0	6.42222505	99227.8538	98342.7641	97050.7282	99964.8285	1544.25019	3345.43755	0	100	682000	0	0	3
438	107	0	6.43692122	99249.6568	98322.4473	97050.7282	99964.8285	1547.26802	3345.43755	0	100	682059	0	0	3
439	108	0	6.45161738	99264.6753	98302.4429	97050.7282	99905.8289	1547.77927	3345.43755	0	100	682110	0	0	3
440	108	0	6.46631355	99209.6317	98282.5515	97050.7282	99769.4843	1542.78985	3345.43755	0	100	682153	0	0	3
441	108	0	6.48100972	99132.1109	98264.3409	97050.7282	99610.4641	1530.98445	3345.43755	0	100	682185	0	0	3
442	109	0	6.49570589	99012.2033	98247.2477	97050.7282	99408.4922	1511.04901	3345.43755	0	100	682189	0	0	3
443	109	0	6.51040205	98872.832	98231.9431	97050.7282	99264.6753	1484.20298	3345.43755	0	100	682311	0	0	3
444	109	0	6.52509822	98706.107	98216.8103	97050.7282	99264.6753	1452.10934	3345.43755	0	100	682203	0	0	3
445	109	0	6.53979439	98531.435	98201.4721	97050.7282	99264.6753	1416.69947	3345.43755	0	100	682357	0	0	3
446	110	0	6.55449055	98358.4883	98185.7427	97050.7282	99264.6753	1377.65227	3345.43755	0	100	682312	0	0	3
447	110	0	6.56918672	98209.8462	98171.2649	97050.7282	99264.6753	1333.52267	3345.43755	0	100	682150	0	0	3
448	110	0	6.58388289	98061.3902	98159.0115	97050.7282	99264.6753	1282.26145	3345.43755	0	100	681937	0	0	3
449	110	0	6.59857906	97940.1023	98151.2333	97050.7282	99264.6753	1222.8484	3345.43755	0	100	681719	0	0	3
450	111	0	6.61327522	97789.1396	98146.8001	97050.7282	99264.6753	1157.47122	3345.43755	0	100	681492	0	0	3
451	111	0	6.62797139	97692.9856	98147.0114	97050.7282	99264.6753	1087.60413	3345.43755	0	100	681284	0	0	3
452	112	0	6.64266756	97627.4398	98150.7849	97050.7282	99264.6753	1018.0685	3345.43755	0	100	681027	0	0	3
453	112	0	6.65736372	97590.105	98158.1241	97050.7282	99264.6753	950.087297	3345.43755	0	100	680872	0	0	3
454	112	0	6.67205989	97562.8673	98167.8616	97050.7282	99264.6753	883.155165	3345.43755	0	100	680957	0	0	3
455	112	0	6.68675606	97524.81	98179.2575	97050.7282	99264.6753	818.12891	3345.43755	0	100	681060	0	0	3
456	113	0	6.70145223	97472.9408	98190.6054	97050.7282	99264.6753	754.720736	3345.43755	0	100	681199	0	0	3
457	113	0	6.71614839	97502.5145	98203.5136	97066.1225	99264.6753	693.739831	3345.43755	0	100	681349	0	0	3
458	113	0	6.73084456	97574.5066	98218.0389	97110.4816	99264.6753	635.044173	3345.43755	0	100	681446	0	0	3
459	113	0	6.74554073	97686.8972	98234.5079	97206.7033	99264.6753	579.855915	3345.43755	0	100	681472	0	0	3
460	114	0	6.7602369	97795.8364	98251.3402	97333.7526	99264.6753	527.932513	3345.43755	0	100	681469	0	0	3
461	114	0	6.77493306	97891.4191	98267.2736	97472.9408	99264.6753	480.411492	3345.43755	0	100	681483	0	0	3
462	115	0	6.78962923	98015.7232	98281.7796	97472.9408	99264.6753	437.09965	3345.43755	0	100	681505	0	0	3
463	115	0	6.8043254	98125.2068	98293.7759	97472.9408	99264.6753	397.879005	3345.43755	0	100	681516	0	0	3
464	115	0	6.81902156	98262.6261	98304.18	97472.9408	99264.6753	361.878479	3345.43755	0	100	681500	0	0	3
465	115	0	6.83371773	98394.9589	98312.7787	97472.9408	99264.6753	330.092498	3345.43755	0	100	681442	0	0	3
466	116	0	6.8484139	98550.2667	98319.402	97472.9408	99264.6753	301.03007	3345.43755	0	100	681330	0	0	3
467	116	0	6.86311007	98672.2162	98324.09	97472.9408	99264.6753	275.922088	3345.43755	0	100	681201	0	0	3
468	116	0	6.87780623	98801.0791	98326.2404	97472.9408	99264.6753	253.684663	3345.43755	0	100	681364	0	0	3
469	116	0	6.8925024	98860.7445	98324.7474	97472.9408	99264.6753	233.68172	3345.43755	0	100	681568	0	0	3
470	117	0	6.90719857	98903.3274	98320.5897	97472.9408	99264.6753	214.681928	3345.43755	0	100	681750	0	0	3
471	117	0	6.92189473	98886.5041	98313.1556	97472.9408	99264.6753	195.964057	3345.43755	0	100	681904	0	0	3
472	117	0	6.9365909	98831.0432	98301.8182	97472.9408	99264.6753	179.440326	3345.43755	0	100	681983	0	0	3
473	118	0	6.95128707	98711.044	98286.4293	97472.9408	99264.6753	179.440326	3345.43755	0	100	682015	0	0	3
474	118	0	6.96598324	98572.0486	98266.6399	97472.9408	99209.6317	179.440326	3345.43755	0	100	681986	0	0	3
475	118	0	6.9806794	98375.4899	98242.8073	97472.9408	99132.1109	179.440326	3345.43755	0	100	681947	0	0	3
476	118	0	6.99537557	98194.0335	98216.0051	97472.9408	99012.2033	179.440326	3345.43755	0	100	681820	0	0	3
477	118	0	7.01007174	97969.5222	98186.2142	97472.9408	98903.3274	179.440326	3345.43755	0	100	681654	0	0	3
478	119	0	7.0247679	97803.5604	98155.6636	97472.9408	98903.3274	179.440326	3345.43755	0	100	681451	0	0	3
479	119	0	7.03946407	97596.6938	98123.9661	97472.9408	98903.3274	202.274339	3345.43755	0	100	681262	0	0	3
480	119	0	7.05416024	97437.2267	98092.703	97437.2267	98903.3274	233.537434	3345.43755	0	100	681124	0	0	3
481	119	0	7.06885641	97269.4023	98061.5862	97269.4023	98903.3274	264.654176	3345.43755	0	100	681313	0	0	3
482	120	0	7.08355257	97132.3296	98030.8	97132.3296	98903.3274	295.440365	3345.43755	0	100	681469	0	0	3
483	120	0	7.09824874	97011.2758	98000.7968	97011.2758	98903.3274	325.443633	3345.43755	0	100	681627	0	0	3
484	120	0	7.11294491	96881.4841	97970.5505	96881.4841	98903.3274	355.689868	3345.43755	0	100	681692	0	0	3
485	120	0	7.12764107	96763.0154	97941.2327	96763.0154	98903.3274	385.007703	3345.43755	0	100	681857	0	0	3
486	121	0	7.14233724	96670.5348	97912.0198	96670.5348	98903.3274	414.220582	3345.43755	0	100	682083	0	0	3
487	121	0	7.15703341	96626.8772	97883.4323	96626.8772	98903.3274	442.808085	3345.43755	0	100	682289	0	0	3
488	121	0	7.17172958	96594.8015	97854.9951	96594.8015	98903.3274	471.245327	3345.43755	0	100	682497	0	0	3
489	121	0	7.18642574	96610.0636	97827.7721	96594.8015	98903.3274	498.46829	3345.43755	0	100	682691	0	0	3
490	122	0	7.20112191	96669.6581	97803.3392	96594.8015	98903.3274	522.9012	3345.43755	0	100	682829	0	0	3
491	122	0	7.21581808	96752.5075	97782.7554	96594.8015	98903.3274	543.485008	3345.43755	0	100	682920	0	0	3
492	123	0	7.23051424	96865.3647	97764.5511	96594.8015	98903.3274	561.689286	3345.43755	0	100	683341	0	0	3
493	123	0	7.24521041	97027.9293	97748.9346	96594.8015	98903.3274	577.30578	3345.43755	0	100	683126	0	0	3
494	123	0	7.25990658	97214.1123	97735.4265	96594.8015	98903.3274	590.813919	3345.43755	0	100	683659	0	0	3
495	123	0	7.27460275	97437.7193	97725.1946	96594.8015	98903.3274	601.045838	3345.43755	0	100	683718	0	0	3
496	124	0	7.28929891	97702.5855	97719.7993	96594.8015	98903.3274	606.441084	3345.43755	0	100	683687	0	0	3
497	124	0	7.30399508	97964.5743	97718.3379	96594.8015	98903.3274	607.902482	3345.43755	0	100	683478	0	0	3
498	124	0	7.31869125	98183.8129	97720.0124	96594.8015	98903.3274	607.902482	3345.43755	0	100	683125	0	0	3
499	124	0	7.33338741	98360.3415	97722.8043	96594.8015	98903.3274	607.902482	3345.43755	0	100	682749	0	0	3
500	125	0	7.34808358	98487.7383	97725.4551	96594.8015	98903.3274	607.902482	3345.43755	0	100	682340	0	0	3
501	125	0	7.36277975	98601.4634	97726.9179	96594.8015	98903.3274	607.902482	3345.43755	0	100	681921	0	0	3
502	126	0	7.37747592	98643.3448	97726.093	96594.8015	98903.3274	607.902482	3345.43755	0	100	681789	0	0	3
503	126	0	7.39217208	98659.5041	97722.048	96594.8015	98903.3274	606.409468	3345.43755	0	100	681919	0	0	3
504	126	0	7.40686825	98596.9462	97714.5109	96594.8015	98903.3274	606.078794	3345.43755	0	100	682011	0	0	3
505	126	0	7.42156442	98526.5655	97703.7462	96594.8015	98886.5041	609.409407	3345.43755	0	100	682037	0	0	3
506	127	0	7.43626058	98430.9749	97690.7311	96594.8015	98831.0432	611.087084	3345.43755	0	100	682038	0	0	3
507	127	0	7.45095675	98326.1847	97676.3066	96594.8015	98711.044	610.122675	3345.43755	0	100	681964	0	0	3
508	127	0	7.46565292	98199.3205	97661.6859	96594.8015	98659.5041	604.954012	3345.43755	0	100	681877	0	0	3
509	128	0	7.48034909	98067.9042	97647.2818	96594.8015	98659.5041	595.525516	3345.43755	0	100	681748	0	0	3
510	128	0	7.49504525	97920.0217	97634.2684	96594.8015	98659.5041	581.736683	3345.43755	0	100	681644	0	0	3
511	128	0	7.50974142	97775.6899	97622.3157	96594.8015	98659.5041	563.898468	3345.43755	0	100	681516	0	0	3
512	128	0	7.52443759	97616.4665	97612.2284	96594.8015	98659.5041	543.435153	3345.43755	0	100	681419	0	0	3
513	129	0	7.53913375	97478.43	97602.939	96594.8015	98659.5041	521.02707	3345.43755	0	100	681338	0	0	3
514	129	0	7.55382992	97348.303	97595.8421	96594.8015	98659.5041	496.860857	3345.43755	0	100	681259	0	0	3
515	129	0	7.56852609	97255.0893	97590.6382	96594.8015	98659.5041	470.948041	3345.43755	0	100	681246	0	0	3
516	129	0	7.58322226	97145.785	97587.1063	96594.8015	98659.5041	443.693776	3345.43755	0	100	681415	0	0	3
517	130	0	7.59791842	97065.1482	97585.1868	96594.8015	98659.5041	415.609974	3345.43755	0	100	681602	0	0	3
518	130	0	7.61261459	96956.5891	97583.6243	96594.8015	98659.5041	386.926217	3345.43755	0	100	681834	0	0	3
519	130	0	7.62731076	96926.9313	97584.9228	96594.8015	98659.5041	357.608382	3345.43755	0	100	682055	0	0	3
520	130	0	7.64200692	96879.2726	97588.2445	96594.8015	98659.5041	328.395503	3345.43755	0	100	682314	0	0	3
521	131	0	7.65670309	96902.3217	97594.8669	96594.8015	98659.5041	299.808	3345.43755	0	100	682525	0	0	3
522	131	0	7.67139926	96963.121	97604.4739	96594.8015	98659.5041	271.370757	3345.43755	0	100	682673	0	0	3
523	131	0	7.68609543	97073.1313	97618.1405	96610.0636	98659.5041	244.147795	3345.43755	0	100	682787	0	0	3
524	131	0	7.70079159	97199.3123	97634.9761	96669.6581	98659.5041	219.714885	3345.43755	0	100	682819	0	0	3
525	132	0	7.71548776	97333.4241	97653.9409	96752.5075	98659.5041	199.131077	3345.43755	0	100	682798	0	0	3
526	132	0	7.73018393	97447.5908	97673.8004	96865.3647	98659.5041	180.926799	3345.43755	0	100	682745	0	0	3
527	132	0	7.74488009	97563.8496	97693.7571	96879.2726	98659.5041	165.310304	3345.43755	0	100	682655	0	0	3
528	132	0	7.75957626	97691.0154	97712.7024	96879.2726	98659.5041	151.802165	3345.43755	0	100	682526	0	0	3
529	133	0	7.77427243	97813.8994	97729.8392	96879.2726	98659.5041	146.21489	3345.43755	0	100	682468	0	0	3
530	133	0	7.7889686	97911.8041	97743.3845	96879.2726	98659.5041	159.76017	3345.43755	0	100	682380	0	0	3
531	133	0	7.80366476	98006.6188	97752.0712	96879.2726	98659.5041	168.446837	3345.43755	0	100	682210	0	0	3
532	133	0	7.81836093	98088.223	97755.604	96879.2726	98659.5041	171.979658	3345.43755	0	100	682017	0	0	3
533	134	0	7.8330571	98137.3572	97754.2767	96879.2726	98659.5041	171.979658	3345.43755	0	100	681858	0	0	3
534	134	0	7.84775327	98202.2913	97749.761	96879.2726	98659.5041	171.979658	3345.43755	0	100	682069	0	0	3
535	134	0	7.86244943	98251.1188	97743.0004	96879.2726	98659.5041	171.979658	3345.43755	0	100	682284	0	0	3
536	134	0	7.8771456	98277.9885	97733.7583	96879.2726	98659.5041	171.979658	3345.43755	0	100	682494	0	0	3
537	135	0	7.89184177	98261.8456	97722.8583	96879.2726	98659.5041	171.979658	3345.43755	0	100	682654	0	0	3
538	135	0	7.90653793	98171.9194	97708.9273	96879.2726	98596.9462	171.979658	3345.43755	0	100	682837	0	0	3
539	135	0	7.9212341	98096.5217	97694.6294	96879.2726	98526.5655	171.979658	3345.43755	0	100	682991	0	0	3
540	135	0	7.93593027	98011.4067	97679.9106	96879.2726	98430.9749	171.979658	3345.43755	0	100	683202	0	0	3
541	136	0	7.95062644	97922.7392	97665.3896	96879.2726	98326.1847	171.979658	3345.43755	0	100	683145	0	0	3
542	136	0	7.9653226	97834.6195	97651.3449	96879.2726	98277.9885	171.979658	3345.43755	0	100	683150	0	0	3
543	136	0	7.98001877	97732.3907	97638.004	96879.2726	98277.9885	171.979658	3345.43755	0	100	683054	0	0	3
544	137	0	7.99471494	97613.9608	97625.0342	96879.2726	98277.9885	171.979658	3345.43755	0	100	682931	0	0	3
545	137	0	8.0094111	97501.9774	97613.0901	96879.2726	98277.9885	171.979658	3345.43755	0	100	682723	0	0	3
546	137	0	8.02410727	97396.8271	97602.2655	96879.2726	98277.9885	171.979658	3345.43755	0	100	682460	0	0	3
547	137	0	8.03880344	97309.7403	97593.5018	96879.2726	98277.9885	171.979658	3345.43755	0	100	682174	0	0	3
548	138	0	8.05349961	97235.6316	97586.5647	96879.2726	98277.9885	171.979658	3345.43755	0	100	681919	0	0	3
549	138	0	8.06819577	97167.7223	97581.4053	96879.2726	98277.9885	174.198683	3345.43755	0	100	681647	0	0	3
550	138	0	8.08289194	97060.5043	97575.8457	96879.2726	98277.9885	179.758252	3345.43755	0	100	681532	0	0	3
551	138	0	8.09758811	96999.5392	97571.6673	96879.2726	98277.9885	183.936703	3345.43755	0	100	681710	0	0	3
552	138	0	8.11228427	96935.3535	97567.9589	96879.2726	98277.9885	187.645123	3345.43755	0	100	681902	0	0	3
553	139	0	8.12698044	96928.5507	97567.1578	96879.2726	98277.9885	188.446221	3345.43755	0	100	682106	0	0	3
554	139	0	8.14167661	96928.1223	97567.1918	96879.2726	98277.9885	188.446221	3345.43755	0	100	682302	0	0	3
555	139	0	8.15637278	97000.8182	97570.6645	96902.3217	98277.9885	188.446221	3345.43755	0	100	682437	0	0	3
556	140	0	8.17106894	97097.5615	97576.2428	96928.1223	98277.9885	188.446221	3345.43755	0	100	682535	0	0	3
557	140	0	8.18576511	97227.2151	97583.7883	96928.1223	98277.9885	188.446221	3345.43755	0	100	682548	0	0	3
558	140	0	8.20046128	97305.1425	97590.4172	96928.1223	98277.9885	188.446221	3345.43755	0	100	682561	0	0	3
559	140	0	8.21515744	97431.028	97597.0377	96928.1223	98277.9885	188.446221	3345.43755	0	100	682526	0	0	3
560	141	0	8.22985361	97526.1034	97602.5428	96928.1223	98277.9885	188.446221	3345.43755	0	100	682466	0	0	3
561	141	0	8.24454978	97664.7999	97608.7488	96928.1223	98277.9885	188.446221	3345.43755	0	100	682382	0	0	3
562	141	0	8.25924595	97754.1253	97614.1852	96928.1223	98277.9885	188.446221	3345.43755	0	100	682253	0	0	3
563	141	0	8.27394211	97860.7088	97619.0336	96928.1223	98277.9885	188.446221	3345.43755	0	100	682165	0	0	3
564	141	0	8.28863828	97909.0725	97621.7528	96928.1223	98277.9885	188.446221	3345.43755	0	100	682078	0	0	3
565	142	0	8.30333445	97994.9731	97624.1291	96928.1223	98277.9885	188.446221	3345.43755	0	100	681935	0	0	3
566	142	0	8.31803061	98018.2949	97624.4627	96928.1223	98277.9885	188.446221	3345.43755	0	100	681841	0	0	3
567	142	0	8.33272678	98066.736	97623.8488	96928.1223	98277.9885	187.118915	3345.43755	0	100	681968	0	0	3
568	142	0	8.34742295	98049.605	97621.3416	96928.1223	98277.9885	182.603197	3345.43755	0	100	682055	0	0	3
569	143	0	8.36211912	98048.8994	97616.959	96928.1223	98277.9885	175.842641	3345.43755	0	100	682155	0	0	3
570	143	0	8.37681528	98014.8327	97610.2079	96928.1223	98277.9885	166.600498	3345.43755	0	100	682212	0	0	3
571	143	0	8.39151145	97977.6846	97601.6278	96928.1223	98261.8456	155.700521	3345.43755	0	100	682234	0	0	3
572	144	0	8.40620762	97929.1219	97592.1214	96928.1223	98171.9194	141.76953	3345.43755	0	100	682207	0	0	3
573	144	0	8.42090378	97875.9381	97583.6648	96928.1223	98096.5217	127.471687	3345.43755	0	100	682173	0	0	3
574	144	0	8.43559995	97807.7218	97575.4134	96928.1223	98066.736	112.752866	3345.43755	0	100	682081	0	0	3
575	144	0	8.45029612	97734.5124	97567.5021	96928.1223	98066.736	98.2318483	3345.43755	0	100	681935	0	0	3
576	145	0	8.46499229	97650.0156	97559.71	96928.1223	98066.736	91.6348717	3345.43755	0	100	681785	0	0	3
577	145	0	8.47968845	97567.514	97552.0784	96928.1223	98066.736	85.9256077	3345.43755	0	100	681562	0	0	3
578	145	0	8.49438462	97479.1907	97544.8441	96928.1223	98066.736	80.190083	3345.43755	0	100	681298	0	0	3
579	145	0	8.50908079	97407.292	97538.9393	96928.1223	98066.736	85.5233798	3345.43755	0	100	681050	0	0	3
580	146	0	8.52377695	97331.7513	97534.0757	96928.1223	98066.736	90.3869842	3345.43755	0	100	681146	0	0	3
581	146	0	8.53847312	97277.3036	97530.6608	96928.1223	98066.736	93.8019427	3345.43755	0	100	681251	0	0	3
582	146	0	8.55316929	97179.5375	97526.9407	96928.1223	98066.736	97.522021	3345.43755	0	100	681375	0	0	3
583	146	0	8.56786546	97110.8197	97523.3746	96928.1223	98066.736	101.088074	3345.43755	0	100	681534	0	0	3
584	147	0	8.58256162	97008.3609	97518.8214	96928.1223	98066.736	105.641256	3345.43755	0	100	681751	0	0	3
585	147	0	8.59725779	96989.847	97516.8027	96928.1223	98066.736	107.660038	3345.43755	0	100	681927	0	0	3
586	147	0	8.61195396	96992.0365	97516.5883	96928.1223	98066.736	107.874401	3345.43755	0	100	682138	0	0	3
587	147	0	8.62665012	97037.0663	97519.4944	96928.1223	98066.736	107.874401	3345.43755	0	100	682322	0	0	3
588	148	0	8.64134629	97092.0688	97524.1663	96928.1223	98066.736	107.874401	3345.43755	0	100	682483	0	0	3
589	148	0	8.65604246	97200.7281	97531.9551	96989.847	98066.736	107.874401	3345.43755	0	100	682536	0	0	3
590	148	0	8.67073863	97299.2204	97540.4808	96989.847	98066.736	107.874401	3345.43755	0	100	682580	0	0	3
591	148	0	8.68543479	97416.9446	97549.6061	96989.847	98066.736	107.874401	3345.43755	0	100	682562	0	0	3
592	149	0	8.70013096	97486.6282	97557.0179	96989.847	98066.736	107.874401	3345.43755	0	100	682532	0	0	3
593	149	0	8.71482713	97606.4417	97565.6264	96989.847	98066.736	107.874401	3345.43755	0	100	682466	0	0	3
594	149	0	8.72952329	97683.2825	97572.8337	96989.847	98066.736	107.874401	3345.43755	0	100	682369	0	0	3
595	149	0	8.74421946	97767.8866	97579.7418	96989.847	98066.736	107.874401	3345.43755	0	100	682290	0	0	3
596	149	0	8.75891563	97789.9516	97583.3175	96989.847	98066.736	107.874401	3345.43755	0	100	682552	0	0	3
597	150	0	8.7736118	97841.5738	97585.8161	96989.847	98066.736	107.874401	3345.43755	0	100	682791	0	0	3
598	150	0	8.78830796	97838.4515	97585.1802	96989.847	98066.736	107.874401	3345.43755	0	100	683006	0	0	3
599	150	0	8.80300413	97865.626	97583.9388	96989.847	98066.736	107.874401	3345.43755	0	100	683194	0	0	3
600	150	0	8.8177003	97846.5908	97579.6993	96989.847	98066.736	107.874401	3345.43755	0	100	683339	0	0	3
601	151	0	8.83239647	97849.8817	97574.8875	96989.847	98066.736	107.260487	3345.43755	0	100	683812	0	0	3
602	151	0	8.84709263	97846.4361	97568.5932	96989.847	98049.605	104.75328	3345.43755	0	100	683594	0	0	3
603	151	0	8.8617888	97839.5285	97562.5911	96989.847	98048.8994	100.370654	3345.43755	0	100	684346	0	0	3
604	151	0	8.87648497	97815.0233	97555.9089	96989.847	98014.8327	93.6196209	3345.43755	0	100	683922	0	0	3
605	151	0	8.89118113	97748.8721	97548.31	96989.847	97977.6846	85.0395101	3345.43755	0	100	684566	0	0	3
606	152	0	8.9058773	97691.2517	97540.1262	96989.847	97929.1219	75.533119	3345.43755	0	100	684474	0	0	3
607	152	0	8.92057347	97641.3799	97531.905	96989.847	97875.9381	69.2277725	3345.43755	0	100	684259	0	0	3
608	152	0	8.93526964	97587.4335	97523.662	96989.847	97865.626	69.2277725	3345.43755	0	100	683954	0	0	3
609	152	0	8.9499658	97538.7976	97515.9785	96989.847	97865.626	69.8376028	3345.43755	0	100	683591	0	0	3
610	153	0	8.96466197	97484.1048	97508.824	96989.847	97865.626	76.9921053	3345.43755	0	100	683227	0	0	3
611	153	0	8.97935814	97435.1324	97502.6844	96989.847	97865.626	83.1316271	3345.43755	0	100	682843	0	0	3
612	153	0	8.9940543	97382.2649	97497.3916	96989.847	97865.626	88.4244573	3345.43755	0	100	682484	0	0	3
613	153	0	9.00875047	97345.5247	97493.5726	96989.847	97865.626	92.2434862	3345.43755	0	100	682119	0	0	3
614	153	0	9.02344664	97294.4379	97490.3482	96989.847	97865.626	95.4678898	3345.43755	0	100	681802	0	0	3
615	154	0	9.03814281	97256.4022	97488.1954	96989.847	97865.626	97.620719	3345.43755	0	100	681517	0	0	3
616	154	0	9.05283897	97186.4372	97485.5992	96989.847	97865.626	100.216902	3345.43755	0	100	681563	0	0	3
617	154	0	9.06753514	97171.4419	97485.3679	96989.847	97865.626	100.448204	3345.43755	0	100	681700	0	0	3
618	154	0	9.08223131	97119.3793	97485.6124	96989.847	97865.626	100.448204	3345.43755	0	100	681881	0	0	3
619	155	0	9.09692747	97127.12	97489.0055	96989.847	97865.626	100.448204	3345.43755	0	100	682059	0	0	3
620	155	0	9.11162364	97158.0106	97493.8102	96992.0365	97865.626	100.448204	3345.43755	0	100	682188	0	0	3
621	155	0	9.12631981	97193.4951	97499.5662	97037.0663	97865.626	100.448204	3345.43755	0	100	682277	0	0	3
622	155	0	9.14101598	97276.4372	97506.4054	97092.0688	97865.626	100.448204	3345.43755	0	100	682338	0	0	3
623	155	0	9.15571214	97376.0821	97514.52	97119.3793	97865.626	100.448204	3345.43755	0	100	682338	0	0	3
624	156	0	9.17040831	97480.3935	97522.5105	97119.3793	97865.626	100.448204	3345.43755	0	100	682299	0	0	3
625	156	0	9.18510448	97606.4808	97531.2893	97119.3793	97865.626	100.448204	3345.43755	0	100	682192	0	0	3
626	156	0	9.19980064	97679.5197	97538.7915	97119.3793	97865.626	100.448204	3345.43755	0	100	682073	0	0	3
627	156	0	9.21449681	97764.8427	97546.7405	97119.3793	97865.626	100.448204	3345.43755	0	100	681917	0	0	3
628	157	0	9.22919298	97800.4754	97552.2843	97119.3793	97865.626	100.448204	3345.43755	0	100	681729	0	0	3
629	157	0	9.24388915	97854.4265	97557.1741	97119.3793	97865.626	100.448204	3345.43755	0	100	681588	0	0	3
630	157	0	9.25858531	97835.9488	97559.1187	97119.3793	97865.626	100.448204	3345.43755	0	100	681445	0	0	3
631	157	0	9.27328148	97840.1591	97560.5532	97119.3793	97865.626	100.448204	3345.43755	0	100	681390	0	0	3
632	158	0	9.28797765	97786.5579	97558.9814	97119.3793	97865.626	99.8122807	3345.43755	0	100	681490	0	0	3
633	158	0	9.30267381	97747.9065	97556.3944	97119.3793	97865.626	98.5709539	3345.43755	0	100	681595	0	0	3
634	158	0	9.31736998	97662.8593	97550.601	97119.3793	97854.4265	94.3314585	3345.43755	0	100	681970	0	0	3
635	158	0	9.33206615	97610.9518	97543.8685	97119.3793	97854.4265	89.5196531	3345.43755	0	100	682064	0	0	3
636	158	0	9.34676232	97528.6003	97534.689	97119.3793	97854.4265	83.2253701	3345.43755	0	100	682114	0	0	3
637	159	0	9.36145848	97484.3875	97524.3448	97119.3793	97854.4265	77.2231859	3345.43755	0	100	682160	0	0	3
638	159	0	9.37615465	97380.982	97511.2434	97119.3793	97854.4265	75.1853664	3345.43755	0	100	682169	0	0	3
639	159	0	9.39085082	97314.9643	97496.956	97119.3793	97854.4265	75.1853664	3345.43755	0	100	682164	0	0	3
640	159	0	9.40554698	97203.5745	97481.3761	97119.3793	97854.4265	79.177137	3345.43755	0	100	682109	0	0	3
641	160	0	9.42024315	97126.8885	97465.2514	97119.3793	97854.4265	95.3017979	3345.43755	0	100	682032	0	0	3
642	160	0	9.43493932	97023.5253	97447.5985	97023.5253	97854.4265	112.954786	3345.43755	0	100	681970	0	0	3
643	160	0	9.44963549	96955.018	97429.5294	96955.018	97854.4265	131.023801	3345.43755	0	100	681898	0	0	3
644	160	0	9.46433165	96865.795	97410.3008	96865.795	97854.4265	150.252447	3345.43755	0	100	681773	0	0	3
645	161	0	9.47902782	96794.4496	97390.5964	96794.4496	97854.4265	169.956881	3345.43755	0	100	681735	0	0	3
646	161	0	9.49372399	96723.8793	97370.2748	96723.8793	97854.4265	190.278398	3345.43755	0	100	681979	0	0	3
647	161	0	9.50842015	96674.0669	97350.0406	96674.0669	97854.4265	210.512625	3345.43755	0	100	682062	0	0	3
648	161	0	9.52311632	96632.1977	97329.6598	96632.1977	97854.4265	230.893396	3345.43755	0	100	682288	0	0	3
649	162	0	9.53781249	96623.8717	97310.5008	96623.8717	97854.4265	250.05243	3345.43755	0	100	682329	0	0	3
650	162	0	9.55250866	96627.7926	97292.5405	96623.8717	97854.4265	268.012704	3345.43755	0	100	682665	0	0	3
651	162	0	9.56720482	96652.9321	97277.2975	96623.8717	97854.4265	283.255708	3345.43755	0	100	682601	0	0	3
652	162	0	9.58190099	96697.0962	97263.7448	96623.8717	97854.4265	296.808442	3345.43755	0	100	683076	0	0	3
653	163	0	9.59659716	96772.7061	97253.8398	96623.8717	97854.4265	306.71339	3345.43755	0	100	682868	0	0	3
654	163	0	9.61129332	96830.5635	97245.3668	96623.8717	97854.4265	315.186433	3345.43755	0	100	683488	0	0	3
655	163	0	9.62598949	96919.7069	97238.5581	96623.8717	97854.4265	321.995111	3345.43755	0	100	683228	0	0	3
656	163	0	9.64068566	97036.0579	97234.0599	96623.8717	97854.4265	326.493319	3345.43755	0	100	683793	0	0	3
657	164	0	9.65538183	97173.9678	97231.1322	96623.8717	97854.4265	329.421017	3345.43755	0	100	683388	0	0	3
658	164	0	9.67007799	97315.7245	97229.4077	96623.8717	97854.4265	331.145522	3345.43755	0	100	683895	0	0	3
659	164	0	9.68477416	97431.5217	97228.0114	96623.8717	97854.4265	332.54186	3345.43755	0	100	683794	0	0	3
660	164	0	9.69947033	97525.2502	97225.6905	96623.8717	97854.4265	334.862734	3345.43755	0	100	683534	0	0	3
661	165	0	9.71416649	97614.4968	97223.8327	96623.8717	97854.4265	336.720531	3345.43755	0	100	683209	0	0	3
662	165	0	9.72886266	97635.3278	97220.1323	96623.8717	97854.4265	340.420958	3345.43755	0	100	682850	0	0	3
663	165	0	9.74355883	97661.7621	97216.169	96623.8717	97854.4265	344.384194	3345.43755	0	100	682535	0	0	3
664	165	0	9.758255	97638.8877	97210.0108	96623.8717	97840.1591	350.542445	3345.43755	0	100	682253	0	0	3
665	165	0	9.77295116	97621.2872	97203.8776	96623.8717	97840.1591	356.675632	3345.43755	0	100	682010	0	0	3
666	166	0	9.78764733	97557.6999	97195.8073	96623.8717	97786.5579	363.174012	3345.43755	0	100	681792	0	0	3
667	166	0	9.8023435	97511.6665	97187.9533	96623.8717	97747.9065	368.441053	3345.43755	0	100	681636	0	0	3
668	166	0	9.81703966	97434.3846	97178.9955	96623.8717	97662.8593	371.605487	3345.43755	0	100	681704	0	0	3
669	166	0	9.83173583	97375.3264	97170.7803	96623.8717	97661.7621	373.08817	3345.43755	0	100	681457	0	0	3
670	166	0	9.846432	97303.4042	97161.9932	96623.8717	97661.7621	372.695774	3345.43755	0	100	681732	0	0	3
671	167	0	9.86112817	97248.9128	97154.0022	96623.8717	97661.7621	370.342599	3345.43755	0	100	681750	0	0	3
672	167	0	9.87582433	97202.2976	97145.9425	96623.8717	97661.7621	365.300981	3345.43755	0	100	681722	0	0	3
673	167	0	9.8905205	97175.9354	97140.084	96623.8717	97661.7621	356.872056	3345.43755	0	100	681595	0	0	3
674	167	0	9.90521667	97155.3968	97135.5249	96623.8717	97661.7621	345.851194	3345.43755	0	100	681495	0	0	3
675	168	0	9.91991284	97118.5932	97133.0969	96623.8717	97661.7621	332.15457	3345.43755	0	100	681390	0	0	3
676	168	0	9.934609	97099.5794	97132.3166	96623.8717	97661.7621	315.281843	3345.43755	0	100	681437	0	0	3
677	168	0	9.94930517	97106.5646	97134.6892	96623.8717	97661.7621	297.212828	3345.43755	0	100	681489	0	0	3
678	168	0	9.96400134	97077.9015	97138.2001	96623.8717	97661.7621	277.984183	3345.43755	0	100	681430	0	0	3
679	168	0	9.9786975	97085.457	97144.4762	96623.8717	97661.7621	258.279749	3345.43755	0	100	681619	0	0	3
680	169	0	9.99339367	97066.5932	97152.2517	96623.8717	97661.7621	237.958232	3345.43755	0	100	681563	0	0	3
681	169	0	10.0080898	97093.3176	97162.8071	96623.8717	97661.7621	217.724004	3345.43755	0	100	681619	0	0	3
