Iteration	CPUTime	PhysTime	Travels	Value	AvValue	MinValue	MaxValue	Delta	Criteria	Progress	dGMaxMin	CriteriaType	CriteriaVarType	CriteriaPercentage
1	5	0	0.0146961672	0	0	0	0	0	0	0	0	0	0	0	3
2	5	0	0.0293923343	0	0	0	0	0	0	0	0	0	0	0	3
3	6	0	0.0440885015	0	0	0	0	0	0	0	0	0	0	0	3
4	6	0	0.0587846687	0	0	0	0	0	0	0	0	0	0	0	3
5	6	0	0.0734808358	0	0	0	0	0	0	0	0	0	0	0	3
6	7	0	0.088177003	0	0	0	0	0	0	0	0	0	0	0	3
7	7	0	0.10287317	0	0	0	0	0	0	0	0	0	0	0	3
8	7	0	0.117569337	0	0	0	0	0	0	0	0	0	0	0	3
9	7	0	0.132265504	0	0	0	0	0	0	0	0	0	0	0	3
10	7	0	0.146961672	0	0	0	0	0	0	0	0	0	0	0	3
11	8	0	0.161657839	0	0	0	0	0	0	0	0	0	0	0	3
12	8	0	0.176354006	0	0	0	0	0	0	0	0	0	0	0	3
13	8	0	0.191050173	0	0	0	0	0	0	0	0	0	0	0	3
14	8	0	0.20574634	0	0	0	0	0	0	0	0	0	0	0	3
15	8	0	0.220442507	0	0	0	0	0	0	0	0	0	0	0	3
16	8	0	0.235138675	0	0	0	0	0	0	0	0	0	0	0	3
17	9	0	0.249834842	0	0	0	0	0	0	0	0	0	0	0	3
18	9	0	0.264531009	0	0	0	0	0	0	0	0	0	0	0	3
19	9	0	0.279227176	0	0	0	0	0	0	0	0	0	0	0	3
20	9	0	0.293923343	0	0	0	0	0	0	0	0	0	0	0	3
21	9	0	0.30861951	0	0	0	0	0	0	0	0	0	0	0	3
22	10	0	0.323315678	0	0	0	0	0	0	0	0	0	0	0	3
23	10	0	0.338011845	0	0	0	0	0	0	0	0	0	0	0	3
24	10	0	0.352708012	0	0	0	0	0	0	0	0	0	0	0	3
25	10	0	0.367404179	0	0	0	0	0	0	0	0	0	0	0	3
26	10	0	0.382100346	0	0	0	0	0	0	0	0	0	0	0	3
27	10	0	0.396796513	0	0	0	0	0	0	0	0	0	0	0	3
28	11	0	0.411492681	0	0	0	0	0	0	0	0	0	0	0	3
29	11	0	0.426188848	0	0	0	0	0	0	0	0	0	0	0	3
30	11	0	0.440885015	0	0	0	0	0	0	0	0	0	0	0	3
31	11	0	0.455581182	0	0	0	0	0	0	0	0	0	0	0	3
32	11	0	0.470277349	0	0	0	0	0	0	0	0	0	0	0	3
33	11	0	0.484973516	0	0	0	0	0	0	0	0	0	0	0	3
34	12	0	0.499669684	0	0	0	0	0	0	0	0	0	0	0	3
35	12	0	0.514365851	0	0	0	0	0	0	0	0	0	0	0	3
36	12	0	0.529062018	0	0	0	0	0	0	0	0	0	0	0	3
37	12	0	0.543758185	0	0	0	0	0	0	0	0	0	0	0	3
38	12	0	0.558454352	0	0	0	0	0	0	0	0	0	0	0	3
39	12	0	0.573150519	0	0	0	0	0	0	0	0	0	0	0	3
40	13	0	0.587846687	0	0	0	0	0	0	0	0	0	0	0	3
41	13	0	0.602542854	0	0	0	0	0	0	0	0	0	0	0	3
42	13	0	0.617239021	0	0	0	0	0	0	0	0	0	0	0	3
43	13	0	0.631935188	0	0	0	0	0	0	0	0	0	0	0	3
44	13	0	0.646631355	0	0	0	0	0	0	0	0	0	0	0	3
45	13	0	0.661327522	0	0	0	0	0	0	0	0	0	0	0	3
46	14	0	0.67602369	0	0	0	0	0	0	0	0	0	0	0	3
47	14	0	0.690719857	0	0	0	0	0	0	0	0	0	0	0	3
48	14	0	0.705416024	0	0	0	0	0	0	0	0	0	0	0	3
49	14	0	0.720112191	0	0	0	0	0	0	0	0	0	0	0	3
50	14	0	0.734808358	0	0	0	0	0	0	0	0	0	0	0	3
51	14	0	0.749504525	0	0	0	0	0	0	0	0	0	0	0	3
52	15	0	0.764200692	0	0	0	0	0	0	0	0	0	0	0	3
53	15	0	0.77889686	0	0	0	0	0	0	0	0	0	0	0	3
54	15	0	0.793593027	0	0	0	0	0	0	0	0	0	0	0	3
55	15	0	0.808289194	0	0	0	0	0	0	0	0	0	0	0	3
56	15	0	0.822985361	0	0	0	0	0	0	0	0	0	0	0	3
57	15	0	0.837681528	0	0	0	0	0	0	0	0	0	0	0	3
58	16	0	0.852377695	0	0	0	0	0	0	0	0	0	0	0	3
59	16	0	0.867073863	0	0	0	0	0	0	0	0	0	0	0	3
60	16	0	0.88177003	0	0	0	0	0	0	0	0	0	0	0	3
61	16	0	0.896466197	0	0	0	0	0	0	0	0	0	0	0	3
62	16	0	0.911162364	0	0	0	0	0	0	0	0	0	0	0	3
63	16	0	0.925858531	0	0	0	0	0	0	0	0	0	0	0	3
64	17	0	0.940554698	0	0	0	0	0	0	0	0	0	0	0	3
65	17	0	0.955250866	0	0	0	0	0	0	0	0	0	0	0	3
66	17	0	0.969947033	0	0	0	0	0	0	0	0	0	0	0	3
67	17	0	0.9846432	0	0	0	0	0	0	0	0	0	0	0	3
68	17	0	0.999339367	0	0	0	0	0	0	0	0	0	0	0	3
69	17	0	1.01403553	0	0	0	0	0	5e-06	0	0	0	0	0	3
70	18	0	1.0287317	0	0	0	0	0	5e-06	0	0	0	0	0	3
71	18	0	1.04342787	0	0	0	0	0	5e-06	0	0	0	0	0	3
72	18	0	1.05812404	0	0	0	0	0	5e-06	0	0	0	0	0	3
73	18	0	1.0728202	0	0	0	0	0	5e-06	0	0	0	0	0	3
74	19	0	1.08751637	0	0	0	0	0	5e-06	0	0	0	0	0	3
75	19	0	1.10221254	0	0	0	0	0	5e-06	0	0	0	0	0	3
76	19	0	1.1169087	0	0	0	0	0	5e-06	0	0	0	0	0	3
77	19	0	1.13160487	0	0	0	0	0	5e-06	0	0	0	0	0	3
78	19	0	1.14630104	0	0	0	0	0	5e-06	0	0	0	0	0	3
79	20	0	1.16099721	0	0	0	0	0	5e-06	0	0	0	0	0	3
80	20	0	1.17569337	0	0	0	0	0	5e-06	0	0	0	0	0	3
81	20	0	1.19038954	0	0	0	0	0	5e-06	0	0	0	0	0	3
82	20	0	1.20508571	0	0	0	0	0	5e-06	0	0	0	0	0	3
83	20	0	1.21978187	0	0	0	0	0	5e-06	0	0	0	0	0	3
84	21	0	1.23447804	0	0	0	0	0	5e-06	0	0	0	0	0	3
85	21	0	1.24917421	0	0	0	0	0	5e-06	0	0	0	0	0	3
86	21	0	1.26387038	0	0	0	0	0	5e-06	0	0	0	0	0	3
87	21	0	1.27856654	0	0	0	0	0	5e-06	0	0	0	0	0	3
88	22	0	1.29326271	0	0	0	0	0	5e-06	0	0	0	0	0	3
89	22	0	1.30795888	0	0	0	0	0	5e-06	0	0	0	0	0	3
90	22	0	1.32265504	0	0	0	0	0	5e-06	0	0	0	0	0	3
91	22	0	1.33735121	0	0	0	0	0	5e-06	0	0	0	0	0	3
92	22	0	1.35204738	0	0	0	0	0	5e-06	0	0	0	0	0	3
93	23	0	1.36674355	0	0	0	0	0	5e-06	0	0	0	0	0	3
94	23	0	1.38143971	0	0	0	0	0	5e-06	0	0	0	0	0	3
95	23	0	1.39613588	0	0	0	0	0	5e-06	0	0	0	0	0	3
96	23	0	1.41083205	0	0	0	0	0	5e-06	0	0	0	0	0	3
97	24	0	1.42552821	0	0	0	0	0	5e-06	0	0	0	0	0	3
98	24	0	1.44022438	0	0	0	0	0	5e-06	0	0	0	0	0	3
99	24	0	1.45492055	0	0	0	0	0	5e-06	0	0	0	0	0	3
100	24	0	1.46961672	0	0	0	0	0	5e-06	0	0	0	0	0	3
101	24	0	1.48431288	0	0	0	0	0	5e-06	0	0	0	0	0	3
102	25	0	1.49900905	0	0	0	0	0	5e-06	0	0	0	0	0	3
103	25	0	1.51370522	0	0	0	0	0	5e-06	0	0	0	0	0	3
104	25	0	1.52840138	0	0	0	0	0	5e-06	0	0	0	0	0	3
105	25	0	1.54309755	0	0	0	0	0	5e-06	0	0	0	0	0	3
106	26	0	1.55779372	0	0	0	0	0	5e-06	0	0	0	0	0	3
107	26	0	1.57248989	0	0	0	0	0	5e-06	0	0	0	0	0	3
108	26	0	1.58718605	0	0	0	0	0	5e-06	0	0	0	0	0	3
109	26	0	1.60188222	0	0	0	0	0	5e-06	0	0	0	0	0	3
110	26	0	1.61657839	0	0	0	0	0	5e-06	0	0	0	0	0	3
111	27	0	1.63127456	0	0	0	0	0	5e-06	0	0	0	0	0	3
112	27	0	1.64597072	0	0	0	0	0	5e-06	0	0	0	0	0	3
113	27	0	1.66066689	0	0	0	0	0	5e-06	0	0	0	0	0	3
114	27	0	1.67536306	0	0	0	0	0	5e-06	0	0	0	0	0	3
115	28	0	1.69005922	0	0	0	0	0	5e-06	0	0	0	0	0	3
116	28	0	1.70475539	0	0	0	0	0	5e-06	0	0	0	0	0	3
117	28	0	1.71945156	0	0	0	0	0	5e-06	0	0	0	0	0	3
118	28	0	1.73414773	0	0	0	0	0	5e-06	0	0	0	0	0	3
119	28	0	1.74884389	0	0	0	0	0	5e-06	0	0	0	0	0	3
120	29	0	1.76354006	0	0	0	0	0	5e-06	0	0	0	0	0	3
121	29	0	1.77823623	0	0	0	0	0	5e-06	0	0	0	0	0	3
122	29	0	1.79293239	0	0	0	0	0	5e-06	0	0	0	0	0	3
123	29	0	1.80762856	0	0	0	0	0	5e-06	0	0	0	0	0	3
124	30	0	1.82232473	0	0	0	0	0	5e-06	0	0	0	0	0	3
125	30	0	1.8370209	0	0	0	0	0	5e-06	0	0	0	0	0	3
126	30	0	1.85171706	0	0	0	0	0	5e-06	0	0	0	0	0	3
127	30	0	1.86641323	0	0	0	0	0	5e-06	0	0	0	0	0	3
128	30	0	1.8811094	0	0	0	0	0	5e-06	0	0	0	0	0	3
129	31	0	1.89580556	0	0	0	0	0	5e-06	0	0	0	0	0	3
130	31	0	1.91050173	0	0	0	0	0	5e-06	0	0	0	0	0	3
131	31	0	1.9251979	0	0	0	0	0	5e-06	0	0	0	0	0	3
132	31	0	1.93989407	0	0	0	0	0	5e-06	0	0	0	0	0	3
133	32	0	1.95459023	0	0	0	0	0	5e-06	0	0	0	0	0	3
134	32	0	1.9692864	0	0	0	0	0	5e-06	0	0	0	0	0	3
135	32	0	1.98398257	0	0	0	0	0	5e-06	0	0	0	0	0	3
136	32	0	1.99867873	0	0	0	0	0	5e-06	0	0	0	0	0	3
137	32	0	2.0133749	0	0	0	0	0	5e-06	0	0	0	0	0	3
138	33	0	2.02807107	0	0	0	0	0	5e-06	0	0	0	0	0	3
139	33	0	2.04276724	0	0	0	0	0	5e-06	0	0	0	0	0	3
140	33	0	2.0574634	0	0	0	0	0	5e-06	0	0	0	0	0	3
141	33	0	2.07215957	0	0	0	0	0	5e-06	0	0	0	0	0	3
142	34	0	2.08685574	0	0	0	0	0	5e-06	0	0	0	0	0	3
143	34	0	2.1015519	0	0	0	0	0	5e-06	0	0	0	0	0	3
144	34	0	2.11624807	0	0	0	0	0	5e-06	0	0	0	0	0	3
145	34	0	2.13094424	0	0	0	0	0	5e-06	0	0	0	0	0	3
146	34	0	2.14564041	0	0	0	0	0	5e-06	0	0	0	0	0	3
147	35	0	2.16033657	0	0	0	0	0	5e-06	0	0	0	0	0	3
148	35	0	2.17503274	0	0	0	0	0	5e-06	0	0	0	0	0	3
149	35	0	2.18972891	0	0	0	0	0	5e-06	0	0	0	0	0	3
150	35	0	2.20442507	0	0	0	0	0	5e-06	0	0	0	0	0	3
151	36	0	2.21912124	0	0	0	0	0	5e-06	0	0	0	0	0	3
152	36	0	2.23381741	0	0	0	0	0	5e-06	0	0	0	0	0	3
153	36	0	2.24851358	0	0	0	0	0	5e-06	0	0	0	0	0	3
154	36	0	2.26320974	0	0	0	0	0	5e-06	0	0	0	0	0	3
155	36	0	2.27790591	0	0	0	0	0	5e-06	0	0	0	0	0	3
156	37	0	2.29260208	0	0	0	0	0	5e-06	0	0	0	0	0	3
157	37	0	2.30729824	0	0	0	0	0	5e-06	0	0	0	0	0	3
158	37	0	2.32199441	0	0	0	0	0	5e-06	0	0	0	0	0	3
159	37	0	2.33669058	0	0	0	0	0	5e-06	0	0	0	0	0	3
160	37	0	2.35138675	0	0	0	0	0	5e-06	0	0	0	0	0	3
161	38	0	2.36608291	0	0	0	0	0	5e-06	0	0	0	0	0	3
162	38	0	2.38077908	0	0	0	0	0	5e-06	0	0	0	0	0	3
163	38	0	2.39547525	0	0	0	0	0	5e-06	0	0	0	0	0	3
164	38	0	2.41017141	0	0	0	0	0	5e-06	0	0	0	0	0	3
165	39	0	2.42486758	0	0	0	0	0	5e-06	0	0	0	0	0	3
166	39	0	2.43956375	0	0	0	0	0	5e-06	0	0	0	0	0	3
167	39	0	2.45425992	0	0	0	0	0	5e-06	0	0	0	0	0	3
168	39	0	2.46895608	0	0	0	0	0	5e-06	0	0	0	0	0	3
169	39	0	2.48365225	0	0	0	0	0	5e-06	0	0	0	0	0	3
170	40	0	2.49834842	0	0	0	0	0	5e-06	0	0	0	0	0	3
171	40	0	2.51304458	0	0	0	0	0	5e-06	0	0	0	0	0	3
172	40	0	2.52774075	0	0	0	0	0	5e-06	0	0	0	0	0	3
173	40	0	2.54243692	0	0	0	0	0	5e-06	0	0	0	0	0	3
174	40	0	2.55713309	0	0	0	0	0	5e-06	0	0	0	0	0	3
175	41	0	2.57182925	0	0	0	0	0	5e-06	0	0	0	0	0	3
176	41	0	2.58652542	0	0	0	0	0	5e-06	0	0	0	0	0	3
177	41	0	2.60122159	0	0	0	0	0	5e-06	0	0	0	0	0	3
178	41	0	2.61591776	0	0	0	0	0	5e-06	0	0	0	0	0	3
179	42	0	2.63061392	0	0	0	0	0	5e-06	0	0	0	0	0	3
180	42	0	2.64531009	0	0	0	0	0	5e-06	0	0	0	0	0	3
181	42	0	2.66000626	0	0	0	0	0	5e-06	0	0	0	0	0	3
182	42	0	2.67470242	0	0	0	0	0	5e-06	0	0	0	0	0	3
183	42	0	2.68939859	0	0	0	0	0	5e-06	0	0	0	0	0	3
184	43	0	2.70409476	0	0	0	0	0	5e-06	0	0	0	0	0	3
185	43	0	2.71879093	0	0	0	0	0	5e-06	0	0	0	0	0	3
186	43	0	2.73348709	0	0	0	0	0	5e-06	0	0	0	0	0	3
187	43	0	2.74818326	0	0	0	0	0	5e-06	0	0	0	0	0	3
188	44	0	2.76287943	0	0	0	0	0	5e-06	0	0	0	0	0	3
189	44	0	2.77757559	0	0	0	0	0	5e-06	0	0	0	0	0	3
190	44	0	2.79227176	0	0	0	0	0	5e-06	0	0	0	0	0	3
191	44	0	2.80696793	0	0	0	0	0	5e-06	0	0	0	0	0	3
192	44	0	2.8216641	0	0	0	0	0	5e-06	0	0	0	0	0	3
193	45	0	2.83636026	0	0	0	0	0	5e-06	0	0	0	0	0	3
194	45	0	2.85105643	0	0	0	0	0	5e-06	0	0	0	0	0	3
195	45	0	2.8657526	0	0	0	0	0	5e-06	0	0	0	0	0	3
196	45	0	2.88044876	0	0	0	0	0	5e-06	0	0	0	0	0	3
197	46	0	2.89514493	0	0	0	0	0	5e-06	0	0	0	0	0	3
198	46	0	2.9098411	0	0	0	0	0	5e-06	0	0	0	0	0	3
199	46	0	2.92453727	0	0	0	0	0	5e-06	0	0	0	0	0	3
200	46	0	2.93923343	0	0	0	0	0	5e-06	0	0	0	0	0	3
201	46	0	2.9539296	0	0	0	0	0	5e-06	0	0	0	0	0	3
202	47	0	2.96862577	0	0	0	0	0	5e-06	0	0	0	0	0	3
203	47	0	2.98332193	0	0	0	0	0	5e-06	0	0	0	0	0	3
204	47	0	2.9980181	0	0	0	0	0	5e-06	0	0	0	0	0	3
205	47	0	3.01271427	0	0	0	0	0	5e-06	0	0	0	0	0	3
206	48	0	3.02741044	0	0	0	0	0	5e-06	0	0	0	0	0	3
207	48	0	3.0421066	0	0	0	0	0	5e-06	0	0	0	0	0	3
208	48	0	3.05680277	0	0	0	0	0	5e-06	0	0	0	0	0	3
209	48	0	3.07149894	0	0	0	0	0	5e-06	0	0	0	0	0	3
210	48	0	3.0861951	0	0	0	0	0	5e-06	0	0	0	0	0	3
211	49	0	3.10089127	0	0	0	0	0	5e-06	0	0	0	0	0	3
212	49	0	3.11558744	0	0	0	0	0	5e-06	0	0	0	0	0	3
213	49	0	3.13028361	0	0	0	0	0	5e-06	0	0	0	0	0	3
214	49	0	3.14497977	0	0	0	0	0	5e-06	0	0	0	0	0	3
215	50	0	3.15967594	0	0	0	0	0	5e-06	0	0	0	0	0	3
216	50	0	3.17437211	0	0	0	0	0	5e-06	0	0	0	0	0	3
217	50	0	3.18906827	0	0	0	0	0	5e-06	0	0	0	0	0	3
218	50	0	3.20376444	0	0	0	0	0	5e-06	0	0	0	0	0	3
219	50	0	3.21846061	0	0	0	0	0	5e-06	0	0	0	0	0	3
220	51	0	3.23315678	0	0	0	0	0	5e-06	0	0	0	0	0	3
221	51	0	3.24785294	0	0	0	0	0	5e-06	0	0	0	0	0	3
222	51	0	3.26254911	0	0	0	0	0	5e-06	0	0	0	0	0	3
223	51	0	3.27724528	0	0	0	0	0	5e-06	0	0	0	0	0	3
224	52	0	3.29194144	0	0	0	0	0	5e-06	0	0	0	0	0	3
225	52	0	3.30663761	0	0	0	0	0	5e-06	0	0	0	0	0	3
226	52	0	3.32133378	0	0	0	0	0	5e-06	0	0	0	0	0	3
227	52	0	3.33602995	0	0	0	0	0	5e-06	0	0	0	0	0	3
228	52	0	3.35072611	0	0	0	0	0	5e-06	0	0	0	0	0	3
229	53	0	3.36542228	0	0	0	0	0	5e-06	0	0	0	0	0	3
230	53	0	3.38011845	0	0	0	0	0	5e-06	0	0	0	0	0	3
231	53	0	3.39481461	0	0	0	0	0	5e-06	0	0	0	0	0	3
232	53	0	3.40951078	0	0	0	0	0	5e-06	0	0	0	0	0	3
233	54	0	3.42420695	0	0	0	0	0	5e-06	0	0	0	0	0	3
234	54	0	3.43890312	0	0	0	0	0	5e-06	0	0	0	0	0	3
235	54	0	3.45359928	0	0	0	0	0	5e-06	0	0	0	0	0	3
236	54	0	3.46829545	0	0	0	0	0	5e-06	0	0	0	0	0	3
237	54	0	3.48299162	0	0	0	0	0	5e-06	0	0	0	0	0	3
238	55	0	3.49768778	0	0	0	0	0	5e-06	0	0	0	0	0	3
239	55	0	3.51238395	0	0	0	0	0	5e-06	0	0	0	0	0	3
240	55	0	3.52708012	0	0	0	0	0	5e-06	0	0	0	0	0	3
241	55	0	3.54177629	0	0	0	0	0	5e-06	0	0	0	0	0	3
242	55	0	3.55647245	0	0	0	0	0	5e-06	0	0	0	0	0	3
243	56	0	3.57116862	0	0	0	0	0	5e-06	0	0	0	0	0	3
244	56	0	3.58586479	0	0	0	0	0	5e-06	0	0	0	0	0	3
245	56	0	3.60056095	0	0	0	0	0	5e-06	0	0	0	0	0	3
246	56	0	3.61525712	0	0	0	0	0	5e-06	0	0	0	0	0	3
247	57	0	3.62995329	0	0	0	0	0	5e-06	0	0	0	0	0	3
248	57	0	3.64464946	0	0	0	0	0	5e-06	0	0	0	0	0	3
249	57	0	3.65934562	0	0	0	0	0	5e-06	0	0	0	0	0	3
250	57	0	3.67404179	0	0	0	0	0	5e-06	0	0	0	0	0	3
251	58	0	3.68873796	0	0	0	0	0	5e-06	0	0	0	0	0	3
252	58	0	3.70343413	0	0	0	0	0	5e-06	0	0	0	0	0	3
253	58	0	3.71813029	0	0	0	0	0	5e-06	0	0	0	0	0	3
254	58	0	3.73282646	0	0	0	0	0	5e-06	0	0	0	0	0	3
255	59	0	3.74752263	0	0	0	0	0	5e-06	0	0	0	0	0	3
256	59	0	3.76221879	0	0	0	0	0	5e-06	0	0	0	0	0	3
257	59	0	3.77691496	0	0	0	0	0	5e-06	0	0	0	0	0	3
258	59	0	3.79161113	0	0	0	0	0	5e-06	0	0	0	0	0	3
259	60	0	3.8063073	0	0	0	0	0	5e-06	0	0	0	0	0	3
260	60	0	3.82100346	0	0	0	0	0	5e-06	0	0	0	0	0	3
261	60	0	3.83569963	0	0	0	0	0	5e-06	0	0	0	0	0	3
262	60	0	3.8503958	0	0	0	0	0	5e-06	0	0	0	0	0	3
263	61	0	3.86509196	0	0	0	0	0	5e-06	0	0	0	0	0	3
264	61	0	3.87978813	0	0	0	0	0	5e-06	0	0	0	0	0	3
265	61	0	3.8944843	0	0	0	0	0	5e-06	0	0	0	0	0	3
266	62	0	3.90918047	0	0	0	0	0	5e-06	0	0	0	0	0	3
267	62	0	3.92387663	0	0	0	0	0	5e-06	0	0	0	0	0	3
268	62	0	3.9385728	0	0	0	0	0	5e-06	0	0	0	0	0	3
269	62	0	3.95326897	0	0	0	0	0	5e-06	0	0	0	0	0	3
270	63	0	3.96796513	0	0	0	0	0	5e-06	0	0	0	0	0	3
271	63	0	3.9826613	0	0	0	0	0	5e-06	0	0	0	0	0	3
272	63	0	3.99735747	0	0	0	0	0	5e-06	0	0	0	0	0	3
273	63	0	4.01205364	0	0	0	0	0	5e-06	0	0	0	0	0	3
274	64	0	4.0267498	0	0	0	0	0	5e-06	0	0	0	0	0	3
275	64	0	4.04144597	0	0	0	0	0	5e-06	0	0	0	0	0	3
276	64	0	4.05614214	0	0	0	0	0	5e-06	0	0	0	0	0	3
277	64	0	4.0708383	0	0	0	0	0	5e-06	0	0	0	0	0	3
278	64	0	4.08553447	0	0	0	0	0	5e-06	0	0	0	0	0	3
279	65	0	4.10023064	0	0	0	0	0	5e-06	0	0	0	0	0	3
280	65	0	4.11492681	0	0	0	0	0	5e-06	0	0	0	0	0	3
281	65	0	4.12962297	0	0	0	0	0	5e-06	0	0	0	0	0	3
282	65	0	4.14431914	0	0	0	0	0	5e-06	0	0	0	0	0	3
283	66	0	4.15901531	0	0	0	0	0	5e-06	0	0	0	0	0	3
284	66	0	4.17371147	0	0	0	0	0	5e-06	0	0	0	0	0	3
285	66	0	4.18840764	0	0	0	0	0	5e-06	0	0	0	0	0	3
286	66	0	4.20310381	0	0	0	0	0	5e-06	0	0	0	0	0	3
287	67	0	4.21779998	0	0	0	0	0	5e-06	0	0	0	0	0	3
288	67	0	4.23249614	0	0	0	0	0	5e-06	0	0	0	0	0	3
289	67	0	4.24719231	0	0	0	0	0	5e-06	0	0	0	0	0	3
290	67	0	4.26188848	0	0	0	0	0	5e-06	0	0	0	0	0	3
291	67	0	4.27658464	0	0	0	0	0	5e-06	0	0	0	0	0	3
292	68	0	4.29128081	0	0	0	0	0	5e-06	0	0	0	0	0	3
293	68	0	4.30597698	0	0	0	0	0	5e-06	0	0	0	0	0	3
294	68	0	4.32067315	0	0	0	0	0	5e-06	0	0	0	0	0	3
295	69	0	4.33536931	0	0	0	0	0	5e-06	0	0	0	0	0	3
296	69	0	4.35006548	0	0	0	0	0	5e-06	0	0	0	0	0	3
297	69	0	4.36476165	0	0	0	0	0	5e-06	0	0	0	0	0	3
298	69	0	4.37945781	0	0	0	0	0	5e-06	0	0	0	0	0	3
299	70	0	4.39415398	0	0	0	0	0	5e-06	0	0	0	0	0	3
300	70	0	4.40885015	0	0	0	0	0	5e-06	0	0	0	0	0	3
301	70	0	4.42354632	0	0	0	0	0	5e-06	0	0	0	0	0	3
302	70	0	4.43824248	0	0	0	0	0	5e-06	0	0	0	0	0	3
303	71	0	4.45293865	0	0	0	0	0	5e-06	0	0	0	0	0	3
304	71	0	4.46763482	0	0	0	0	0	5e-06	0	0	0	0	0	3
305	71	0	4.48233098	0	0	0	0	0	5e-06	0	0	0	0	0	3
306	71	0	4.49702715	0	0	0	0	0	5e-06	0	0	0	0	0	3
307	71	0	4.51172332	0	0	0	0	0	5e-06	0	0	0	0	0	3
308	72	0	4.52641949	0	0	0	0	0	5e-06	0	0	0	0	0	3
309	72	0	4.54111565	0	0	0	0	0	5e-06	0	0	0	0	0	3
310	72	0	4.55581182	0	0	0	0	0	5e-06	0	0	0	0	0	3
311	73	0	4.57050799	0	0	0	0	0	5e-06	0	0	0	0	0	3
312	73	0	4.58520415	0	0	0	0	0	5e-06	0	0	0	0	0	3
313	73	0	4.59990032	0	0	0	0	0	5e-06	0	0	0	0	0	3
314	73	0	4.61459649	0	0	0	0	0	5e-06	0	0	0	0	0	3
315	74	0	4.62929266	0	0	0	0	0	5e-06	0	0	0	0	0	3
316	74	0	4.64398882	0	0	0	0	0	5e-06	0	0	0	0	0	3
317	74	0	4.65868499	0	0	0	0	0	5e-06	0	0	0	0	0	3
318	74	0	4.67338116	0	0	0	0	0	5e-06	0	0	0	0	0	3
319	75	0	4.68807733	0	0	0	0	0	5e-06	0	0	0	0	0	3
320	75	0	4.70277349	0	0	0	0	0	5e-06	0	0	0	0	0	3
321	75	0	4.71746966	0	0	0	0	0	5e-06	0	0	0	0	0	3
322	75	0	4.73216583	0	0	0	0	0	5e-06	0	0	0	0	0	3
323	76	0	4.74686199	0	0	0	0	0	5e-06	0	0	0	0	0	3
324	76	0	4.76155816	0	0	0	0	0	5e-06	0	0	0	0	0	3
325	76	0	4.77625433	0	0	0	0	0	5e-06	0	0	0	0	0	3
326	76	0	4.7909505	0	0	0	0	0	5e-06	0	0	0	0	0	3
327	77	0	4.80564666	0	0	0	0	0	5e-06	0	0	0	0	0	3
328	77	0	4.82034283	0	0	0	0	0	5e-06	0	0	0	0	0	3
329	77	0	4.835039	0	0	0	0	0	5e-06	0	0	0	0	0	3
330	77	0	4.84973516	0	0	0	0	0	5e-06	0	0	0	0	0	3
331	78	0	4.86443133	0	0	0	0	0	5e-06	0	0	0	0	0	3
332	78	0	4.8791275	0	0	0	0	0	5e-06	0	0	0	0	0	3
333	78	0	4.89382367	0	0	0	0	0	5e-06	0	0	0	0	0	3
334	79	0	4.90851983	0	0	0	0	0	5e-06	0	0	0	0	0	3
335	79	0	4.923216	0	0	0	0	0	5e-06	0	0	0	0	0	3
336	79	0	4.93791217	0	0	0	0	0	5e-06	0	0	0	0	0	3
337	79	0	4.95260833	0	0	0	0	0	5e-06	0	0	0	0	0	3
338	80	0	4.9673045	0	0	0	0	0	5e-06	0	0	0	0	0	3
339	80	0	4.98200067	0	0	0	0	0	5e-06	0	0	0	0	0	3
340	80	0	4.99669684	0	0	0	0	0	5e-06	0	0	0	0	0	3
341	80	0	5.011393	0	0	0	0	0	5e-06	0	0	0	0	0	3
342	81	0	5.02608917	0	0	0	0	0	5e-06	0	0	0	0	0	3
343	81	0	5.04078534	0	0	0	0	0	5e-06	0	0	0	0	0	3
344	81	0	5.0554815	0	0	0	0	0	5e-06	0	0	0	0	0	3
345	82	0	5.07017767	0	0	0	0	0	5e-06	0	0	0	0	0	3
346	82	0	5.08487384	0	0	0	0	0	5e-06	0	0	0	0	0	3
347	82	0	5.09957001	0	0	0	0	0	5e-06	0	0	0	0	0	3
348	82	0	5.11426617	0	0	0	0	0	5e-06	0	0	0	0	0	3
349	83	0	5.12896234	0	0	0	0	0	5e-06	0	0	0	0	0	3
350	83	0	5.14365851	0	0	0	0	0	5e-06	0	0	0	0	0	3
351	83	0	5.15835467	0	0	0	0	0	5e-06	0	0	0	0	0	3
352	83	0	5.17305084	0	0	0	0	0	5e-06	0	0	0	0	0	3
353	84	0	5.18774701	0	0	0	0	0	5e-06	0	0	0	0	0	3
354	84	0	5.20244318	0	0	0	0	0	5e-06	0	0	0	0	0	3
355	84	0	5.21713934	0	0	0	0	0	5e-06	0	0	0	0	0	3
356	84	0	5.23183551	0	0	0	0	0	5e-06	0	0	0	0	0	3
357	85	0	5.24653168	0	0	0	0	0	5e-06	0	0	0	0	0	3
358	85	0	5.26122784	0	0	0	0	0	5e-06	0	0	0	0	0	3
359	85	0	5.27592401	0	0	0	0	0	5e-06	0	0	0	0	0	3
360	85	0	5.29062018	0	0	0	0	0	5e-06	0	0	0	0	0	3
361	86	0	5.30531635	0	0	0	0	0	5e-06	0	0	0	0	0	3
362	86	0	5.32001251	0	0	0	0	0	5e-06	0	0	0	0	0	3
363	86	0	5.33470868	0	0	0	0	0	5e-06	0	0	0	0	0	3
364	86	0	5.34940485	0	0	0	0	0	5e-06	0	0	0	0	0	3
365	87	0	5.36410101	0	0	0	0	0	5e-06	0	0	0	0	0	3
366	87	0	5.37879718	0	0	0	0	0	5e-06	0	0	0	0	0	3
367	87	0	5.39349335	0	0	0	0	0	5e-06	0	0	0	0	0	3
368	87	0	5.40818952	0	0	0	0	0	5e-06	0	0	0	0	0	3
369	88	0	5.42288568	0	0	0	0	0	5e-06	0	0	0	0	0	3
370	88	0	5.43758185	0	0	0	0	0	5e-06	0	0	0	0	0	3
371	88	0	5.45227802	0	0	0	0	0	5e-06	0	0	0	0	0	3
372	88	0	5.46697418	0	0	0	0	0	5e-06	0	0	0	0	0	3
373	88	0	5.48167035	0	0	0	0	0	5e-06	0	0	0	0	0	3
374	89	0	5.49636652	0	0	0	0	0	5e-06	0	0	0	0	0	3
375	89	0	5.51106269	0	0	0	0	0	5e-06	0	0	0	0	0	3
376	89	0	5.52575885	0	0	0	0	0	5e-06	0	0	0	0	0	3
377	89	0	5.54045502	0	0	0	0	0	5e-06	0	0	0	0	0	3
378	90	0	5.55515119	0	0	0	0	0	5e-06	0	0	0	0	0	3
379	90	0	5.56984735	0	0	0	0	0	5e-06	0	0	0	0	0	3
380	90	0	5.58454352	0	0	0	0	0	5e-06	0	0	0	0	0	3
381	90	0	5.59923969	0	0	0	0	0	5e-06	0	0	0	0	0	3
382	91	0	5.61393586	0	0	0	0	0	5e-06	0	0	0	0	0	3
383	91	0	5.62863202	0	0	0	0	0	5e-06	0	0	0	0	0	3
384	91	0	5.64332819	0	0	0	0	0	5e-06	0	0	0	0	0	3
385	91	0	5.65802436	0	0	0	0	0	5e-06	0	0	0	0	0	3
386	92	0	5.67272052	0	0	0	0	0	5e-06	0	0	0	0	0	3
387	92	0	5.68741669	0	0	0	0	0	5e-06	0	0	0	0	0	3
388	92	0	5.70211286	0	0	0	0	0	5e-06	0	0	0	0	0	3
389	92	0	5.71680903	0	0	0	0	0	5e-06	0	0	0	0	0	3
390	93	0	5.73150519	0	0	0	0	0	5e-06	0	0	0	0	0	3
391	93	0	5.74620136	0	0	0	0	0	5e-06	0	0	0	0	0	3
392	93	0	5.76089753	0	0	0	0	0	5e-06	0	0	0	0	0	3
393	93	0	5.7755937	0	0	0	0	0	5e-06	0	0	0	0	0	3
394	94	0	5.79028986	0	0	0	0	0	5e-06	0	0	0	0	0	3
395	94	0	5.80498603	0	0	0	0	0	5e-06	0	0	0	0	0	3
396	94	0	5.8196822	0	0	0	0	0	5e-06	0	0	0	0	0	3
397	94	0	5.83437836	0	0	0	0	0	5e-06	0	0	0	0	0	3
398	95	0	5.84907453	0	0	0	0	0	5e-06	0	0	0	0	0	3
399	95	0	5.8637707	0	0	0	0	0	5e-06	0	0	0	0	0	3
400	95	0	5.87846687	0	0	0	0	0	5e-06	0	0	0	0	0	3
401	96	0	5.89316303	0	0	0	0	0	5e-06	0	0	0	0	0	3
402	96	0	5.9078592	0	0	0	0	0	5e-06	0	0	0	0	0	3
403	96	0	5.92255537	0	0	0	0	0	5e-06	0	0	0	0	0	3
404	97	0	5.93725153	0	0	0	0	0	5e-06	0	0	0	0	0	3
405	97	0	5.9519477	0	0	0	0	0	5e-06	0	0	0	0	0	3
406	97	0	5.96664387	0	0	0	0	0	5e-06	0	0	0	0	0	3
407	97	0	5.98134004	0	0	0	0	0	5e-06	0	0	0	0	0	3
408	98	0	5.9960362	0	0	0	0	0	5e-06	0	0	0	0	0	3
409	98	0	6.01073237	0	0	0	0	0	5e-06	0	0	0	0	0	3
410	99	0	6.02542854	0	0	0	0	0	5e-06	0	0	0	0	0	3
411	99	0	6.0401247	0	0	0	0	0	5e-06	0	0	0	0	0	3
412	99	0	6.05482087	0	0	0	0	0	5e-06	0	0	0	0	0	3
413	100	0	6.06951704	0	0	0	0	0	5e-06	0	0	0	0	0	3
414	100	0	6.08421321	0	0	0	0	0	5e-06	0	0	0	0	0	3
415	100	0	6.09890937	0	0	0	0	0	5e-06	0	0	0	0	0	3
416	100	0	6.11360554	0	0	0	0	0	5e-06	0	0	0	0	0	3
417	102	0	6.12830171	0	0	0	0	0	5e-06	0	0	0	0	0	3
418	102	0	6.14299787	0	0	0	0	0	5e-06	0	0	0	0	0	3
419	102	0	6.15769404	0	0	0	0	0	5e-06	0	0	0	0	0	3
420	103	0	6.17239021	0	0	0	0	0	5e-06	0	0	0	0	0	3
421	103	0	6.18708638	0	0	0	0	0	5e-06	0	0	0	0	0	3
422	103	0	6.20178254	0	0	0	0	0	5e-06	0	0	0	0	0	3
423	103	0	6.21647871	0	0	0	0	0	5e-06	0	0	0	0	0	3
424	104	0	6.23117488	0	0	0	0	0	5e-06	0	0	0	0	0	3
425	104	0	6.24587104	0	0	0	0	0	5e-06	0	0	0	0	0	3
426	104	0	6.26056721	0	0	0	0	0	5e-06	0	0	0	0	0	3
427	104	0	6.27526338	0	0	0	0	0	5e-06	0	0	0	0	0	3
428	105	0	6.28995955	0	0	0	0	0	5e-06	0	0	0	0	0	3
429	105	0	6.30465571	0	0	0	0	0	5e-06	0	0	0	0	0	3
430	105	0	6.31935188	0	0	0	0	0	5e-06	0	0	0	0	0	3
431	105	0	6.33404805	0	0	0	0	0	5e-06	0	0	0	0	0	3
432	106	0	6.34874421	0	0	0	0	0	5e-06	0	0	0	0	0	3
433	106	0	6.36344038	0	0	0	0	0	5e-06	0	0	0	0	0	3
434	106	0	6.37813655	0	0	0	0	0	5e-06	0	0	0	0	0	3
435	106	0	6.39283272	0	0	0	0	0	5e-06	0	0	0	0	0	3
436	107	0	6.40752888	0	0	0	0	0	5e-06	0	0	0	0	0	3
437	107	0	6.42222505	0	0	0	0	0	5e-06	0	0	0	0	0	3
438	107	0	6.43692122	0	0	0	0	0	5e-06	0	0	0	0	0	3
439	108	0	6.45161738	0	0	0	0	0	5e-06	0	0	0	0	0	3
440	108	0	6.46631355	0	0	0	0	0	5e-06	0	0	0	0	0	3
441	108	0	6.48100972	0	0	0	0	0	5e-06	0	0	0	0	0	3
442	109	0	6.49570589	0	0	0	0	0	5e-06	0	0	0	0	0	3
443	109	0	6.51040205	0	0	0	0	0	5e-06	0	0	0	0	0	3
444	109	0	6.52509822	0	0	0	0	0	5e-06	0	0	0	0	0	3
445	109	0	6.53979439	0	0	0	0	0	5e-06	0	0	0	0	0	3
446	110	0	6.55449055	0	0	0	0	0	5e-06	0	0	0	0	0	3
447	110	0	6.56918672	0	0	0	0	0	5e-06	0	0	0	0	0	3
448	110	0	6.58388289	0	0	0	0	0	5e-06	0	0	0	0	0	3
449	110	0	6.59857906	0	0	0	0	0	5e-06	0	0	0	0	0	3
450	111	0	6.61327522	0	0	0	0	0	5e-06	0	0	0	0	0	3
451	111	0	6.62797139	0	0	0	0	0	5e-06	0	0	0	0	0	3
452	112	0	6.64266756	0	0	0	0	0	5e-06	0	0	0	0	0	3
453	112	0	6.65736372	0	0	0	0	0	5e-06	0	0	0	0	0	3
454	112	0	6.67205989	0	0	0	0	0	5e-06	0	0	0	0	0	3
455	112	0	6.68675606	0	0	0	0	0	5e-06	0	0	0	0	0	3
456	113	0	6.70145223	0	0	0	0	0	5e-06	0	0	0	0	0	3
457	113	0	6.71614839	0	0	0	0	0	5e-06	0	0	0	0	0	3
458	113	0	6.73084456	0	0	0	0	0	5e-06	0	0	0	0	0	3
459	113	0	6.74554073	0	0	0	0	0	5e-06	0	0	0	0	0	3
460	114	0	6.7602369	0	0	0	0	0	5e-06	0	0	0	0	0	3
461	114	0	6.77493306	0	0	0	0	0	5e-06	0	0	0	0	0	3
462	115	0	6.78962923	0	0	0	0	0	5e-06	0	0	0	0	0	3
463	115	0	6.8043254	0	0	0	0	0	5e-06	0	0	0	0	0	3
464	115	0	6.81902156	0	0	0	0	0	5e-06	0	0	0	0	0	3
465	115	0	6.83371773	0	0	0	0	0	5e-06	0	0	0	0	0	3
466	116	0	6.8484139	0	0	0	0	0	5e-06	0	0	0	0	0	3
467	116	0	6.86311007	0	0	0	0	0	5e-06	0	0	0	0	0	3
468	116	0	6.87780623	0	0	0	0	0	5e-06	0	0	0	0	0	3
469	116	0	6.8925024	0	0	0	0	0	5e-06	0	0	0	0	0	3
470	117	0	6.90719857	0	0	0	0	0	5e-06	0	0	0	0	0	3
471	117	0	6.92189473	0	0	0	0	0	5e-06	0	0	0	0	0	3
472	117	0	6.9365909	0	0	0	0	0	5e-06	0	0	0	0	0	3
473	118	0	6.95128707	0	0	0	0	0	5e-06	0	0	0	0	0	3
474	118	0	6.96598324	0	0	0	0	0	5e-06	0	0	0	0	0	3
475	118	0	6.9806794	0	0	0	0	0	5e-06	0	0	0	0	0	3
476	118	0	6.99537557	0	0	0	0	0	5e-06	0	0	0	0	0	3
477	118	0	7.01007174	0	0	0	0	0	5e-06	0	0	0	0	0	3
478	119	0	7.0247679	0	0	0	0	0	5e-06	0	0	0	0	0	3
479	119	0	7.03946407	0	0	0	0	0	5e-06	0	0	0	0	0	3
480	119	0	7.05416024	0	0	0	0	0	5e-06	0	0	0	0	0	3
481	119	0	7.06885641	0	0	0	0	0	5e-06	0	0	0	0	0	3
482	120	0	7.08355257	0	0	0	0	0	5e-06	0	0	0	0	0	3
483	120	0	7.09824874	0	0	0	0	0	5e-06	0	0	0	0	0	3
484	120	0	7.11294491	0	0	0	0	0	5e-06	0	0	0	0	0	3
485	120	0	7.12764107	0	0	0	0	0	5e-06	0	0	0	0	0	3
486	121	0	7.14233724	0	0	0	0	0	5e-06	0	0	0	0	0	3
487	121	0	7.15703341	0	0	0	0	0	5e-06	0	0	0	0	0	3
488	121	0	7.17172958	0	0	0	0	0	5e-06	0	0	0	0	0	3
489	121	0	7.18642574	0	0	0	0	0	5e-06	0	0	0	0	0	3
490	122	0	7.20112191	0	0	0	0	0	5e-06	0	0	0	0	0	3
491	122	0	7.21581808	0	0	0	0	0	5e-06	0	0	0	0	0	3
492	123	0	7.23051424	0	0	0	0	0	5e-06	0	0	0	0	0	3
493	123	0	7.24521041	0	0	0	0	0	5e-06	0	0	0	0	0	3
494	123	0	7.25990658	0	0	0	0	0	5e-06	0	0	0	0	0	3
495	123	0	7.27460275	0	0	0	0	0	5e-06	0	0	0	0	0	3
496	124	0	7.28929891	0	0	0	0	0	5e-06	0	0	0	0	0	3
497	124	0	7.30399508	0	0	0	0	0	5e-06	0	0	0	0	0	3
498	124	0	7.31869125	0	0	0	0	0	5e-06	0	0	0	0	0	3
499	124	0	7.33338741	0	0	0	0	0	5e-06	0	0	0	0	0	3
500	125	0	7.34808358	0	0	0	0	0	5e-06	0	0	0	0	0	3
501	125	0	7.36277975	0	0	0	0	0	5e-06	0	0	0	0	0	3
502	126	0	7.37747592	0	0	0	0	0	5e-06	0	0	0	0	0	3
503	126	0	7.39217208	0	0	0	0	0	5e-06	0	0	0	0	0	3
504	126	0	7.40686825	0	0	0	0	0	5e-06	0	0	0	0	0	3
505	126	0	7.42156442	0	0	0	0	0	5e-06	0	0	0	0	0	3
506	127	0	7.43626058	0	0	0	0	0	5e-06	0	0	0	0	0	3
507	127	0	7.45095675	0	0	0	0	0	5e-06	0	0	0	0	0	3
508	127	0	7.46565292	0	0	0	0	0	5e-06	0	0	0	0	0	3
509	128	0	7.48034909	0	0	0	0	0	5e-06	0	0	0	0	0	3
510	128	0	7.49504525	0	0	0	0	0	5e-06	0	0	0	0	0	3
511	128	0	7.50974142	0	0	0	0	0	5e-06	0	0	0	0	0	3
512	128	0	7.52443759	0	0	0	0	0	5e-06	0	0	0	0	0	3
513	129	0	7.53913375	0	0	0	0	0	5e-06	0	0	0	0	0	3
514	129	0	7.55382992	0	0	0	0	0	5e-06	0	0	0	0	0	3
515	129	0	7.56852609	0	0	0	0	0	5e-06	0	0	0	0	0	3
516	129	0	7.58322226	0	0	0	0	0	5e-06	0	0	0	0	0	3
517	130	0	7.59791842	0	0	0	0	0	5e-06	0	0	0	0	0	3
518	130	0	7.61261459	0	0	0	0	0	5e-06	0	0	0	0	0	3
519	130	0	7.62731076	0	0	0	0	0	5e-06	0	0	0	0	0	3
520	130	0	7.64200692	0	0	0	0	0	5e-06	0	0	0	0	0	3
521	131	0	7.65670309	0	0	0	0	0	5e-06	0	0	0	0	0	3
522	131	0	7.67139926	0	0	0	0	0	5e-06	0	0	0	0	0	3
523	131	0	7.68609543	0	0	0	0	0	5e-06	0	0	0	0	0	3
524	131	0	7.70079159	0	0	0	0	0	5e-06	0	0	0	0	0	3
525	132	0	7.71548776	0	0	0	0	0	5e-06	0	0	0	0	0	3
526	132	0	7.73018393	0	0	0	0	0	5e-06	0	0	0	0	0	3
527	132	0	7.74488009	0	0	0	0	0	5e-06	0	0	0	0	0	3
528	132	0	7.75957626	0	0	0	0	0	5e-06	0	0	0	0	0	3
529	133	0	7.77427243	0	0	0	0	0	5e-06	0	0	0	0	0	3
530	133	0	7.7889686	0	0	0	0	0	5e-06	0	0	0	0	0	3
531	133	0	7.80366476	0	0	0	0	0	5e-06	0	0	0	0	0	3
532	133	0	7.81836093	0	0	0	0	0	5e-06	0	0	0	0	0	3
533	134	0	7.8330571	0	0	0	0	0	5e-06	0	0	0	0	0	3
534	134	0	7.84775327	0	0	0	0	0	5e-06	0	0	0	0	0	3
535	134	0	7.86244943	0	0	0	0	0	5e-06	0	0	0	0	0	3
536	134	0	7.8771456	0	0	0	0	0	5e-06	0	0	0	0	0	3
537	135	0	7.89184177	0	0	0	0	0	5e-06	0	0	0	0	0	3
538	135	0	7.90653793	0	0	0	0	0	5e-06	0	0	0	0	0	3
539	135	0	7.9212341	0	0	0	0	0	5e-06	0	0	0	0	0	3
540	135	0	7.93593027	0	0	0	0	0	5e-06	0	0	0	0	0	3
541	136	0	7.95062644	0	0	0	0	0	5e-06	0	0	0	0	0	3
542	136	0	7.9653226	0	0	0	0	0	5e-06	0	0	0	0	0	3
543	136	0	7.98001877	0	0	0	0	0	5e-06	0	0	0	0	0	3
544	137	0	7.99471494	0	0	0	0	0	5e-06	0	0	0	0	0	3
545	137	0	8.0094111	0	0	0	0	0	5e-06	0	0	0	0	0	3
546	137	0	8.02410727	0	0	0	0	0	5e-06	0	0	0	0	0	3
547	137	0	8.03880344	0	0	0	0	0	5e-06	0	0	0	0	0	3
548	138	0	8.05349961	0	0	0	0	0	5e-06	0	0	0	0	0	3
549	138	0	8.06819577	0	0	0	0	0	5e-06	0	0	0	0	0	3
550	138	0	8.08289194	0	0	0	0	0	5e-06	0	0	0	0	0	3
551	138	0	8.09758811	0	0	0	0	0	5e-06	0	0	0	0	0	3
552	138	0	8.11228427	0	0	0	0	0	5e-06	0	0	0	0	0	3
553	139	0	8.12698044	0	0	0	0	0	5e-06	0	0	0	0	0	3
554	139	0	8.14167661	0	0	0	0	0	5e-06	0	0	0	0	0	3
555	139	0	8.15637278	0	0	0	0	0	5e-06	0	0	0	0	0	3
556	140	0	8.17106894	0	0	0	0	0	5e-06	0	0	0	0	0	3
557	140	0	8.18576511	0	0	0	0	0	5e-06	0	0	0	0	0	3
558	140	0	8.20046128	0	0	0	0	0	5e-06	0	0	0	0	0	3
559	140	0	8.21515744	0	0	0	0	0	5e-06	0	0	0	0	0	3
560	141	0	8.22985361	0	0	0	0	0	5e-06	0	0	0	0	0	3
561	141	0	8.24454978	0	0	0	0	0	5e-06	0	0	0	0	0	3
562	141	0	8.25924595	0	0	0	0	0	5e-06	0	0	0	0	0	3
563	141	0	8.27394211	0	0	0	0	0	5e-06	0	0	0	0	0	3
564	141	0	8.28863828	0	0	0	0	0	5e-06	0	0	0	0	0	3
565	142	0	8.30333445	0	0	0	0	0	5e-06	0	0	0	0	0	3
566	142	0	8.31803061	0	0	0	0	0	5e-06	0	0	0	0	0	3
567	142	0	8.33272678	0	0	0	0	0	5e-06	0	0	0	0	0	3
568	142	0	8.34742295	0	0	0	0	0	5e-06	0	0	0	0	0	3
569	143	0	8.36211912	0	0	0	0	0	5e-06	0	0	0	0	0	3
570	143	0	8.37681528	0	0	0	0	0	5e-06	0	0	0	0	0	3
571	143	0	8.39151145	0	0	0	0	0	5e-06	0	0	0	0	0	3
572	144	0	8.40620762	0	0	0	0	0	5e-06	0	0	0	0	0	3
573	144	0	8.42090378	0	0	0	0	0	5e-06	0	0	0	0	0	3
574	144	0	8.43559995	0	0	0	0	0	5e-06	0	0	0	0	0	3
575	144	0	8.45029612	0	0	0	0	0	5e-06	0	0	0	0	0	3
576	145	0	8.46499229	0	0	0	0	0	5e-06	0	0	0	0	0	3
577	145	0	8.47968845	0	0	0	0	0	5e-06	0	0	0	0	0	3
578	145	0	8.49438462	0	0	0	0	0	5e-06	0	0	0	0	0	3
579	145	0	8.50908079	0	0	0	0	0	5e-06	0	0	0	0	0	3
580	146	0	8.52377695	0	0	0	0	0	5e-06	0	0	0	0	0	3
581	146	0	8.53847312	0	0	0	0	0	5e-06	0	0	0	0	0	3
582	146	0	8.55316929	0	0	0	0	0	5e-06	0	0	0	0	0	3
583	146	0	8.56786546	0	0	0	0	0	5e-06	0	0	0	0	0	3
584	147	0	8.58256162	0	0	0	0	0	5e-06	0	0	0	0	0	3
585	147	0	8.59725779	0	0	0	0	0	5e-06	0	0	0	0	0	3
586	147	0	8.61195396	0	0	0	0	0	5e-06	0	0	0	0	0	3
587	147	0	8.62665012	0	0	0	0	0	5e-06	0	0	0	0	0	3
588	148	0	8.64134629	0	0	0	0	0	5e-06	0	0	0	0	0	3
589	148	0	8.65604246	0	0	0	0	0	5e-06	0	0	0	0	0	3
590	148	0	8.67073863	0	0	0	0	0	5e-06	0	0	0	0	0	3
591	148	0	8.68543479	0	0	0	0	0	5e-06	0	0	0	0	0	3
592	149	0	8.70013096	0	0	0	0	0	5e-06	0	0	0	0	0	3
593	149	0	8.71482713	0	0	0	0	0	5e-06	0	0	0	0	0	3
594	149	0	8.72952329	0	0	0	0	0	5e-06	0	0	0	0	0	3
595	149	0	8.74421946	0	0	0	0	0	5e-06	0	0	0	0	0	3
596	149	0	8.75891563	0	0	0	0	0	5e-06	0	0	0	0	0	3
597	150	0	8.7736118	0	0	0	0	0	5e-06	0	0	0	0	0	3
598	150	0	8.78830796	0	0	0	0	0	5e-06	0	0	0	0	0	3
599	150	0	8.80300413	0	0	0	0	0	5e-06	0	0	0	0	0	3
600	150	0	8.8177003	0	0	0	0	0	5e-06	0	0	0	0	0	3
601	151	0	8.83239647	0	0	0	0	0	5e-06	0	0	0	0	0	3
602	151	0	8.84709263	0	0	0	0	0	5e-06	0	0	0	0	0	3
603	151	0	8.8617888	0	0	0	0	0	5e-06	0	0	0	0	0	3
604	151	0	8.87648497	0	0	0	0	0	5e-06	0	0	0	0	0	3
605	151	0	8.89118113	0	0	0	0	0	5e-06	0	0	0	0	0	3
606	152	0	8.9058773	0	0	0	0	0	5e-06	0	0	0	0	0	3
607	152	0	8.92057347	0	0	0	0	0	5e-06	0	0	0	0	0	3
608	152	0	8.93526964	0	0	0	0	0	5e-06	0	0	0	0	0	3
609	152	0	8.9499658	0	0	0	0	0	5e-06	0	0	0	0	0	3
610	153	0	8.96466197	0	0	0	0	0	5e-06	0	0	0	0	0	3
611	153	0	8.97935814	0	0	0	0	0	5e-06	0	0	0	0	0	3
612	153	0	8.9940543	0	0	0	0	0	5e-06	0	0	0	0	0	3
613	153	0	9.00875047	0	0	0	0	0	5e-06	0	0	0	0	0	3
614	153	0	9.02344664	0	0	0	0	0	5e-06	0	0	0	0	0	3
615	154	0	9.03814281	0	0	0	0	0	5e-06	0	0	0	0	0	3
616	154	0	9.05283897	0	0	0	0	0	5e-06	0	0	0	0	0	3
617	154	0	9.06753514	0	0	0	0	0	5e-06	0	0	0	0	0	3
618	154	0	9.08223131	0	0	0	0	0	5e-06	0	0	0	0	0	3
619	155	0	9.09692747	0	0	0	0	0	5e-06	0	0	0	0	0	3
620	155	0	9.11162364	0	0	0	0	0	5e-06	0	0	0	0	0	3
621	155	0	9.12631981	0	0	0	0	0	5e-06	0	0	0	0	0	3
622	155	0	9.14101598	0	0	0	0	0	5e-06	0	0	0	0	0	3
623	155	0	9.15571214	0	0	0	0	0	5e-06	0	0	0	0	0	3
624	156	0	9.17040831	0	0	0	0	0	5e-06	0	0	0	0	0	3
625	156	0	9.18510448	0	0	0	0	0	5e-06	0	0	0	0	0	3
626	156	0	9.19980064	0	0	0	0	0	5e-06	0	0	0	0	0	3
627	156	0	9.21449681	0	0	0	0	0	5e-06	0	0	0	0	0	3
628	157	0	9.22919298	0	0	0	0	0	5e-06	0	0	0	0	0	3
629	157	0	9.24388915	0	0	0	0	0	5e-06	0	0	0	0	0	3
630	157	0	9.25858531	0	0	0	0	0	5e-06	0	0	0	0	0	3
631	157	0	9.27328148	0	0	0	0	0	5e-06	0	0	0	0	0	3
632	158	0	9.28797765	0	0	0	0	0	5e-06	0	0	0	0	0	3
633	158	0	9.30267381	0	0	0	0	0	5e-06	0	0	0	0	0	3
634	158	0	9.31736998	0	0	0	0	0	5e-06	0	0	0	0	0	3
635	158	0	9.33206615	0	0	0	0	0	5e-06	0	0	0	0	0	3
636	158	0	9.34676232	0	0	0	0	0	5e-06	0	0	0	0	0	3
637	159	0	9.36145848	0	0	0	0	0	5e-06	0	0	0	0	0	3
638	159	0	9.37615465	0	0	0	0	0	5e-06	0	0	0	0	0	3
639	159	0	9.39085082	0	0	0	0	0	5e-06	0	0	0	0	0	3
640	159	0	9.40554698	0	0	0	0	0	5e-06	0	0	0	0	0	3
641	160	0	9.42024315	0	0	0	0	0	5e-06	0	0	0	0	0	3
642	160	0	9.43493932	0	0	0	0	0	5e-06	0	0	0	0	0	3
643	160	0	9.44963549	0	0	0	0	0	5e-06	0	0	0	0	0	3
644	160	0	9.46433165	0	0	0	0	0	5e-06	0	0	0	0	0	3
645	161	0	9.47902782	0	0	0	0	0	5e-06	0	0	0	0	0	3
646	161	0	9.49372399	0	0	0	0	0	5e-06	0	0	0	0	0	3
647	161	0	9.50842015	0	0	0	0	0	5e-06	0	0	0	0	0	3
648	161	0	9.52311632	0	0	0	0	0	5e-06	0	0	0	0	0	3
649	162	0	9.53781249	0	0	0	0	0	5e-06	0	0	0	0	0	3
650	162	0	9.55250866	0	0	0	0	0	5e-06	0	0	0	0	0	3
651	162	0	9.56720482	0	0	0	0	0	5e-06	0	0	0	0	0	3
652	162	0	9.58190099	0	0	0	0	0	5e-06	0	0	0	0	0	3
653	163	0	9.59659716	0	0	0	0	0	5e-06	0	0	0	0	0	3
654	163	0	9.61129332	0	0	0	0	0	5e-06	0	0	0	0	0	3
655	163	0	9.62598949	0	0	0	0	0	5e-06	0	0	0	0	0	3
656	163	0	9.64068566	0	0	0	0	0	5e-06	0	0	0	0	0	3
657	164	0	9.65538183	0	0	0	0	0	5e-06	0	0	0	0	0	3
658	164	0	9.67007799	0	0	0	0	0	5e-06	0	0	0	0	0	3
659	164	0	9.68477416	0	0	0	0	0	5e-06	0	0	0	0	0	3
660	164	0	9.69947033	0	0	0	0	0	5e-06	0	0	0	0	0	3
661	165	0	9.71416649	0	0	0	0	0	5e-06	0	0	0	0	0	3
662	165	0	9.72886266	0	0	0	0	0	5e-06	0	0	0	0	0	3
663	165	0	9.74355883	0	0	0	0	0	5e-06	0	0	0	0	0	3
664	165	0	9.758255	0	0	0	0	0	5e-06	0	0	0	0	0	3
665	165	0	9.77295116	0	0	0	0	0	5e-06	0	0	0	0	0	3
666	166	0	9.78764733	0	0	0	0	0	5e-06	0	0	0	0	0	3
667	166	0	9.8023435	0	0	0	0	0	5e-06	0	0	0	0	0	3
668	166	0	9.81703966	0	0	0	0	0	5e-06	0	0	0	0	0	3
669	166	0	9.83173583	0	0	0	0	0	5e-06	0	0	0	0	0	3
670	166	0	9.846432	0	0	0	0	0	5e-06	0	0	0	0	0	3
671	167	0	9.86112817	0	0	0	0	0	5e-06	0	0	0	0	0	3
672	167	0	9.87582433	0	0	0	0	0	5e-06	0	0	0	0	0	3
673	167	0	9.8905205	0	0	0	0	0	5e-06	0	0	0	0	0	3
674	167	0	9.90521667	0	0	0	0	0	5e-06	0	0	0	0	0	3
675	168	0	9.91991284	0	0	0	0	0	5e-06	0	0	0	0	0	3
676	168	0	9.934609	0	0	0	0	0	5e-06	0	0	0	0	0	3
677	168	0	9.94930517	0	0	0	0	0	5e-06	0	0	0	0	0	3
678	168	0	9.96400134	0	0	0	0	0	5e-06	0	0	0	0	0	3
679	168	0	9.9786975	0	0	0	0	0	5e-06	0	0	0	0	0	3
680	169	0	9.99339367	0	0	0	0	0	5e-06	0	0	0	0	0	3
681	169	0	10.0080898	0	0	0	0	0	5e-06	0	0	0	0	0	3
