Iteration	CPUTime	PhysTime	Travels	Value	AvValue	MinValue	MaxValue	Delta	Criteria	Progress	dGMaxMin	CriteriaType	CriteriaVarType	CriteriaPercentage
1	5	0	0.0146961672	289.464364	289.464364	289.464364	289.464364	0	0	0	0	51.2691	0	0	3
2	5	0	0.0293923343	290.332704	289.898534	289.464364	290.332704	0.434169775	0	0	0	22.8077	0	0	3
3	6	0	0.0440885015	290.860135	290.219068	289.464364	290.860135	0.754703621	0	0	0	23.7092	0	0	3
4	6	0	0.0587846687	291.265174	290.480594	289.464364	291.265174	1.01623015	0	0	0	21.5716	0	0	3
5	6	0	0.0734808358	291.705667	290.725609	289.464364	291.705667	1.26124475	0	0	0	16.883	0	0	3
6	7	0	0.088177003	291.750675	290.896453	289.464364	291.750675	1.43208905	0	0	0	13.5626	0	0	3
7	7	0	0.10287317	291.879842	291.036937	289.464364	291.879842	1.57257318	0	0	0	12.242	0	0	3
8	7	0	0.117569337	292.145483	291.175505	289.464364	292.145483	1.7111414	0	0	0	9.17947	0	0	3
9	7	0	0.132265504	292.281697	291.298416	289.464364	292.281697	1.83405155	0	0	0	7.0299	0	0	3
10	7	0	0.146961672	292.279072	291.396481	289.464364	292.281697	1.9321172	0	0	0	18.7759	0	0	3
11	8	0	0.161657839	292.101046	291.460533	289.464364	292.281697	1.99616856	0	0	0	30.9681	0	0	3
12	8	0	0.176354006	291.891699	291.496463	289.464364	292.281697	2.03209912	0	0	0	14.7353	0	0	3
13	8	0	0.191050173	291.686779	291.511103	289.464364	292.281697	2.04673878	0	0	0	15.458	0	0	3
14	8	0	0.20574634	291.491619	291.509711	289.464364	292.281697	2.04673878	0	0	0	17.1026	0	0	3
15	8	0	0.220442507	291.289016	291.494998	289.464364	292.281697	2.04673878	0	0	0	19.7934	0	0	3
16	8	0	0.235138675	290.9828	291.462986	289.464364	292.281697	2.04673878	0	0	0	23.6161	0	0	3
17	9	0	0.249834842	290.647296	291.415004	289.464364	292.281697	2.04673878	0	0	0	27.0301	0	0	3
18	9	0	0.264531009	290.299659	291.35304	289.464364	292.281697	2.04673878	0	0	0	30.295	0	0	3
19	9	0	0.279227176	289.936329	291.278477	289.464364	292.281697	2.04673878	0	0	0	33.4981	0	0	3
20	9	0	0.293923343	289.555992	291.192352	289.464364	292.281697	2.04673878	0	0	0	36.6686	0	0	3
21	9	0	0.30861951	288.98067	291.087034	288.98067	292.281697	2.04673878	0	0	0	41.7213	0	0	3
22	10	0	0.323315678	288.393233	290.964589	288.393233	292.281697	2.04673878	0	0	0	46.8954	0	0	3
23	10	0	0.338011845	287.82144	290.82793	287.82144	292.281697	2.04673878	0	0	0	51.6717	0	0	3
24	10	0	0.352708012	287.311416	290.681409	287.311416	292.281697	2.04673878	0	0	0	55.5517	0	0	3
25	10	0	0.367404179	286.887366	290.529647	286.887366	292.281697	2.04673878	0	0	0	58.3258	0	0	3
26	10	0	0.382100346	286.426476	290.371833	286.426476	292.281697	2.04673878	0	0	0	61.164	0	0	3
27	10	0	0.396796513	286.035347	290.211222	286.035347	292.281697	2.04673878	0	0	0	64.2361	0	0	3
28	11	0	0.411492681	285.673904	290.049175	285.673904	292.281697	2.04673878	0	0	0	67.089	0	0	3
29	11	0	0.426188848	285.331512	289.886497	285.331512	292.281697	2.04673878	0	0	0	69.7776	0	0	3
30	11	0	0.440885015	285.02865	289.724569	285.02865	292.281697	2.04673878	0	0	0	72.1336	0	0	3
31	11	0	0.455581182	284.751276	289.56414	284.751276	292.281697	2.04673878	0	0	0	73.9461	0	0	3
32	11	0	0.470277349	284.551165	289.407484	284.551165	292.281697	2.10361835	0	0	0	75.4	0	0	3
33	11	0	0.484973516	284.40817	289.25599	284.40817	292.281697	2.25511272	0	0	0	76.5771	0	0	3
34	12	0	0.499669684	284.30295	289.110312	284.30295	292.281697	2.40079035	0	0	0	77.7493	0	0	3
35	12	0	0.514365851	284.223908	288.970701	284.223908	292.281697	2.54040192	0	0	0	78.7687	0	0	3
36	12	0	0.529062018	284.195052	288.820149	284.195052	292.281697	2.69095368	0	0	0	79.5465	0	0	3
37	12	0	0.543758185	284.18247	288.644428	284.18247	292.281697	2.86667463	0	0	0	80.1894	0	0	3
38	12	0	0.558454352	284.156227	288.452888	284.156227	292.281697	3.05821486	0	0	0	80.724	0	0	3
39	12	0	0.573150519	284.11693	288.248652	284.11693	292.281697	3.26245041	0	0	0	81.1394	0	0	3
40	13	0	0.587846687	284.085495	288.030933	284.085495	292.281697	3.4801696	0	0	0	81.5203	0	0	3
41	13	0	0.602542854	284.075313	287.811637	284.075313	292.281697	3.69946566	0	0	0	81.798	0	0	3
42	13	0	0.617239021	284.085421	287.588939	284.075313	292.281697	3.92216341	0	0	0	82.0098	0	0	3
43	13	0	0.631935188	284.089863	287.358779	284.075313	292.281697	4.15232399	0	0	0	82.1585	0	0	3
44	13	0	0.646631355	284.09121	287.124765	284.075313	292.279072	4.3863379	0	0	0	82.2895	0	0	3
45	13	0	0.661327522	284.090024	286.890792	284.075313	292.101046	4.62031071	0	0	0	82.376	0	0	3
46	14	0	0.67602369	284.074268	286.661456	284.074268	291.891699	4.84964723	0	0	0	82.4086	0	0	3
47	14	0	0.690719857	284.069102	286.437953	284.069102	291.686779	5.07315002	0	0	0	82.4237	0	0	3
48	14	0	0.705416024	284.082735	286.220694	284.069102	291.491619	5.28901674	0	0	0	82.4463	0	0	3
49	14	0	0.720112191	284.096129	286.009395	284.069102	291.289016	5.48560346	0	0	0	82.4317	0	0	3
50	14	0	0.734808358	284.099352	285.803976	284.069102	290.9828	5.65901005	0	0	0	82.441	0	0	3
51	14	0	0.749504525	284.079961	285.606752	284.069102	290.647296	5.80825228	0	0	0	82.4564	0	0	3
52	15	0	0.764200692	284.05984	285.418539	284.05984	290.299659	5.93450172	0	0	0	82.4435	0	0	3
53	15	0	0.77889686	284.04496	285.239833	284.04496	289.936329	5.8913692	0	0	0	82.4241	0	0	3
54	15	0	0.793593027	284.047059	285.071568	284.04496	289.555992	5.51103193	0	0	0	82.4043	0	0	3
55	15	0	0.808289194	284.050337	284.914264	284.04496	288.98067	4.93570995	0	0	0	82.3972	0	0	3
56	15	0	0.822985361	284.044056	284.773218	284.044056	288.393233	4.34917702	0	0	0	82.4119	0	0	3
57	15	0	0.837681528	284.037535	284.648769	284.037535	287.82144	3.78390555	0	0	0	82.4429	0	0	3
58	16	0	0.852377695	284.027757	284.540378	284.027757	287.311416	3.28365939	0	0	0	83.0788	0	0	3
59	16	0	0.867073863	284.012842	284.446133	284.012842	286.887366	2.87452379	0	0	0	83.7919	0	0	3
60	16	0	0.88177003	284.003593	284.36374	284.003593	286.426476	2.42288227	0	0	0	84.475	0	0	3
61	16	0	0.896466197	283.997762	284.294348	283.997762	286.035347	2.03758489	0	0	0	85.2192	0	0	3
62	16	0	0.911162364	283.992883	284.235992	283.992883	285.673904	1.6810211	0	0	0	86.075	0	0	3
63	16	0	0.925858531	283.986525	284.187781	283.986525	285.331512	1.34498694	0	0	0	86.8541	0	0	3
64	17	0	0.940554698	283.975143	284.149028	283.975143	285.02865	1.05350693	0	0	0	87.5652	0	0	3
65	17	0	0.955250866	283.96315	284.118585	283.96315	284.751276	0.788126427	0	0	0	88.2242	0	0	3
66	17	0	0.969947033	283.952097	284.095751	283.952097	284.551165	0.599067954	0	0	0	88.843	0	0	3
67	17	0	0.9846432	283.945234	284.078439	283.945234	284.40817	0.462936353	0	0	0	89.4402	0	0	3
68	17	0	0.999339367	283.942753	284.065141	283.942753	284.30295	0.36019774	0	0	0	90.0305	0	0	3
69	17	0	1.01403553	283.935547	284.054644	283.935547	284.223908	0.288360708	0.250384493	0	0	90.6176	0	0	3
70	18	0	1.0287317	283.925745	284.046125	283.925745	284.195052	0.269307366	0.250678559	0	0	91.2983	0	0	3
71	18	0	1.04342787	283.912704	284.038058	283.912704	284.18247	0.269766689	0.250874175	0	0	91.9753	0	0	3
72	18	0	1.05812404	283.897464	284.029915	283.897464	284.156227	0.258763594	0.25109178	0	0	92.6341	0	0	3
73	18	0	1.0728202	283.878604	284.021983	283.878604	284.11693	0.238325487	0.25134203	0	0	93.2878	0	0	3
74	19	0	1.08751637	283.864986	284.014784	283.864986	284.099352	0.234365197	0.251573886	0	0	93.9378	0	0	3
75	19	0	1.10221254	283.854896	284.008196	283.854896	284.099352	0.24445603	0.251778911	0	0	94.5663	0	0	3
76	19	0	1.1169087	283.844814	284.00161	283.844814	284.099352	0.254538074	0.251968566	0	0	95.174	0	0	3
77	19	0	1.13160487	283.835728	283.994476	283.835728	284.099352	0.263623813	0.252144879	0	0	95.7527	0	0	3
78	19	0	1.14630104	283.836093	283.987225	283.835728	284.099352	0.263623813	0.252273263	0	0	96.3096	0	0	3
79	20	0	1.16099721	283.835531	283.97992	283.835531	284.099352	0.263821075	0.251842483	0	0	96.8411	0	0	3
80	20	0	1.17569337	283.832851	283.972572	283.832851	284.099352	0.266500786	0.25092639	0	0	97.4013	0	0	3
81	20	0	1.19038954	283.830005	283.965593	283.830005	284.099352	0.26934633	0.250384493	0	0	98.0422	0	0	3
82	20	0	1.20508571	283.826068	283.95865	283.826068	284.099352	0.273283882	0.250384493	0	0	98.6457	0	0	3
83	20	0	1.21978187	283.820853	283.951167	283.820853	284.099352	0.278498328	0.250384493	0	0	99.208	0	0	3
84	21	0	1.23447804	283.816065	283.943165	283.816065	284.099352	0.283286934	0.250384493	0	0	99.7285	0	0	3
85	21	0	1.24917421	283.805782	283.934778	283.805782	284.079961	0.274178629	0.250384493	0	0	100.216	0	0	3
86	21	0	1.26387038	283.801585	283.926824	283.801585	284.05984	0.258254499	0.250384493	0	0	100.678	0	0	3
87	21	0	1.27856654	283.804399	283.919526	283.801585	284.050337	0.248751906	0.250384493	0	0	101.113	0	0	3
88	22	0	1.29326271	283.807492	283.912741	283.801585	284.050337	0.248751906	0.250384493	0	0	101.534	0	0	3
89	22	0	1.30795888	283.805504	283.905839	283.801585	284.050337	0.248751906	0.250384493	0	0	101.941	0	0	3
90	22	0	1.32265504	283.798992	283.898658	283.798992	284.044056	0.245064633	0.250384493	0	0	102.341	0	0	3
91	22	0	1.33735121	283.790293	283.891408	283.790293	284.037535	0.247241741	0.250384493	0	0	102.732	0	0	3
92	22	0	1.35204738	283.781229	283.884085	283.781229	284.027757	0.246528376	0.250384493	0	0	103.164	0	0	3
93	23	0	1.36674355	283.772788	283.8768	283.772788	284.012842	0.240053451	0.250384493	0	0	103.58	0	0	3
94	23	0	1.38143971	283.764512	283.869705	283.764512	284.003593	0.239081408	0.250384493	0	0	104.022	0	0	3
95	23	0	1.39613588	283.755989	283.86263	283.755989	283.997762	0.24177369	0.250384493	0	0	104.481	0	0	3
96	23	0	1.41083205	283.747204	283.855472	283.747204	283.992883	0.245678528	0.250384493	0	0	104.924	0	0	3
97	24	0	1.42552821	283.738231	283.848196	283.738231	283.986525	0.24829472	0.250384493	0	0	105.337	0	0	3
98	24	0	1.44022438	283.728579	283.840826	283.728579	283.975143	0.246564003	0.250384493	0	0	105.721	0	0	3
99	24	0	1.45492055	283.718863	283.833504	283.718863	283.96315	0.244287173	0.250384493	0	0	106.087	0	0	3
100	24	0	1.46961672	283.707751	283.826207	283.707751	283.952097	0.244345613	0.250384493	0	0	106.442	0	0	3
101	24	0	1.48431288	283.696893	283.818915	283.696893	283.945234	0.248340834	0.250384493	0	0	106.791	0	0	3
102	25	0	1.49900905	283.686605	283.811526	283.686605	283.942753	0.253615383	0.250384493	0	0	107.14	0	0	3
103	25	0	1.51370522	283.677346	283.803943	283.677346	283.935547	0.250701194	0.250384493	0	0	107.487	0	0	3
104	25	0	1.52840138	283.669408	283.796339	283.669408	283.925745	0.249786221	0.250384493	0	0	107.823	0	0	3
105	25	0	1.54309755	283.662815	283.788826	283.662815	283.912704	0.249231389	0.250384493	0	0	108.147	0	0	3
106	26	0	1.55779372	283.658449	283.781562	283.658449	283.897464	0.239014315	0.250384493	0	0	108.461	0	0	3
107	26	0	1.57248989	283.656971	283.774691	283.656971	283.878604	0.22163336	0.250384493	0	0	108.758	0	0	3
108	26	0	1.58718605	283.658044	283.768389	283.656971	283.864986	0.208015666	0.250384493	0	0	109.042	0	0	3
109	26	0	1.60188222	283.658796	283.762498	283.656971	283.854896	0.197924833	0.250384493	0	0	109.353	0	0	3
110	26	0	1.61657839	283.658015	283.756873	283.656971	283.844814	0.187842789	0.250384493	0	0	109.692	0	0	3
111	27	0	1.63127456	283.655258	283.751457	283.655258	283.836093	0.180834995	0.250384493	0	0	110.012	0	0	3
112	27	0	1.64597072	283.651453	283.746192	283.651453	283.836093	0.184640841	0.250384493	0	0	110.318	0	0	3
113	27	0	1.66066689	283.647266	283.740797	283.647266	283.835531	0.188264515	0.250384493	0	0	110.61	0	0	3
114	27	0	1.67536306	283.643118	283.735299	283.643118	283.832851	0.189733123	0.250384493	0	0	110.89	0	0	3
115	28	0	1.69005922	283.639656	283.729779	283.639656	283.830005	0.190349692	0.250384493	0	0	111.157	0	0	3
116	28	0	1.70475539	283.636381	283.724247	283.636381	283.826068	0.189686599	0.250384493	0	0	111.435	0	0	3
117	28	0	1.71945156	283.633717	283.718751	283.633717	283.820853	0.18713586	0.250384493	0	0	111.778	0	0	3
118	28	0	1.73414773	283.63104	283.713328	283.63104	283.816065	0.185024636	0.250384493	0	0	112.118	0	0	3
119	28	0	1.74884389	283.627676	283.707946	283.627676	283.807492	0.179815911	0.250384493	0	0	112.453	0	0	3
120	29	0	1.76354006	283.624021	283.702753	283.624021	283.807492	0.183470695	0.250384493	0	0	112.781	0	0	3
121	29	0	1.77823623	283.620573	283.697581	283.620573	283.807492	0.186918745	0.250384493	0	0	113.104	0	0	3
122	29	0	1.79293239	283.617638	283.692245	283.617638	283.807492	0.189853863	0.250384493	0	0	113.413	0	0	3
123	29	0	1.80762856	283.615315	283.686754	283.615315	283.805504	0.190189341	0.250384493	0	0	113.707	0	0	3
124	30	0	1.82232473	283.613744	283.681275	283.613744	283.798992	0.185247885	0.250384493	0	0	113.987	0	0	3
125	30	0	1.8370209	283.61335	283.675971	283.61335	283.790293	0.176942577	0.250384493	0	0	114.252	0	0	3
126	30	0	1.85171706	283.614409	283.670946	283.61335	283.781229	0.167878339	0.250384493	0	0	114.502	0	0	3
127	30	0	1.86641323	283.61709	283.666256	283.61335	283.772788	0.159437904	0.250384493	0	0	114.74	0	0	3
128	30	0	1.8811094	283.620975	283.661919	283.61335	283.764512	0.151161462	0.250384493	0	0	114.962	0	0	3
129	31	0	1.89580556	283.625604	283.65795	283.61335	283.755989	0.142638281	0.250384493	0	0	115.165	0	0	3
130	31	0	1.91050173	283.629541	283.654337	283.61335	283.747204	0.133853844	0.250384493	0	0	115.351	0	0	3
131	31	0	1.9251979	283.635266	283.651139	283.61335	283.738231	0.124880352	0.250384493	0	0	115.52	0	0	3
132	31	0	1.93989407	283.641427	283.648373	283.61335	283.728579	0.115228906	0.250384493	0	0	115.675	0	0	3
133	32	0	1.95459023	283.646027	283.646014	283.61335	283.718863	0.105512499	0.250384493	0	0	115.82	0	0	3
134	32	0	1.9692864	283.651906	283.644101	283.61335	283.707751	0.0944008176	0.250384493	0	0	115.993	0	0	3
135	32	0	1.98398257	283.653853	283.642561	283.61335	283.696893	0.0835427409	0.250384493	0	0	116.213	0	0	3
136	32	0	1.99867873	283.648908	283.64119	283.61335	283.686605	0.0732547524	0.250384493	0	0	116.485	0	0	3
137	32	0	2.0133749	283.647305	283.640067	283.61335	283.677346	0.0639954863	0.250384493	0	0	116.746	0	0	3
138	33	0	2.02807107	283.647599	283.639218	283.61335	283.669408	0.05605777	0.250384493	0	0	117	0	0	3
139	33	0	2.04276724	283.650513	283.638678	283.61335	283.662815	0.0494650738	0.250384493	0	0	117.236	0	0	3
140	33	0	2.0574634	283.652926	283.638395	283.61335	283.658796	0.0454452749	0.250384493	0	0	117.444	0	0	3
141	33	0	2.07215957	283.651419	283.638194	283.61335	283.658796	0.0454452749	0.250384493	0	0	117.626	0	0	3
142	34	0	2.08685574	283.646624	283.637899	283.61335	283.658796	0.0454452749	0.250384493	0	0	117.821	0	0	3
143	34	0	2.1015519	283.642501	283.637455	283.61335	283.658796	0.0454452749	0.250384493	0	0	118.03	0	0	3
144	34	0	2.11624807	283.641412	283.636958	283.61335	283.658015	0.0446642365	0.250384493	0	0	118.217	0	0	3
145	34	0	2.13094424	283.640775	283.636465	283.61335	283.655258	0.041908062	0.250384493	0	0	118.395	0	0	3
146	34	0	2.14564041	283.641397	283.636069	283.61335	283.653853	0.0405021765	0.250384493	0	0	118.562	0	0	3
147	35	0	2.16033657	283.639161	283.635718	283.61335	283.653853	0.0405021765	0.250384493	0	0	118.711	0	0	3
148	35	0	2.17503274	283.641034	283.63554	283.61335	283.653853	0.0405021765	0.250384493	0	0	118.848	0	0	3
149	35	0	2.18972891	283.640573	283.635467	283.61335	283.653853	0.0405021765	0.250384493	0	0	118.97	0	0	3
150	35	0	2.20442507	283.64242	283.635546	283.61335	283.653853	0.0405021765	0.250384493	0	0	119.07	0	0	3
151	36	0	2.21912124	283.648662	283.635897	283.61335	283.653853	0.0405021765	0.250384493	0	0	119.162	0	0	3
152	36	0	2.23381741	283.658205	283.636597	283.61335	283.658205	0.0448547193	0.250384493	0	0	119.236	0	0	3
153	36	0	2.24851358	283.666569	283.637612	283.61335	283.666569	0.0532183007	0.250384493	0	0	119.448	0	0	3
154	36	0	2.26320974	283.673291	283.638915	283.61335	283.673291	0.0599409015	0.250384493	0	0	119.804	0	0	3
155	36	0	2.27790591	283.675907	283.640398	283.61335	283.675907	0.0621134245	0.250384493	0	0	120.051	0	0	3
156	37	0	2.29260208	283.676054	283.641983	283.61335	283.676054	0.0567774079	0.250384493	0	0	120.33	0	0	3
157	37	0	2.30729824	283.672165	283.643541	283.61335	283.676054	0.0512866317	0.250384493	0	0	120.518	0	0	3
158	37	0	2.32199441	283.665832	283.644984	283.61335	283.676054	0.0458077588	0.250384493	0	0	120.719	0	0	3
159	37	0	2.33669058	283.661286	283.646343	283.61335	283.676054	0.0405037258	0.250384493	0	0	120.86	0	0	3
160	37	0	2.35138675	283.656787	283.647584	283.614409	283.676054	0.0354784747	0.250384493	0	0	121.018	0	0	3
161	38	0	2.36608291	283.656163	283.648777	283.61709	283.676054	0.0307888046	0.250384493	0	0	121.146	0	0	3
162	38	0	2.38077908	283.659335	283.649983	283.620975	283.676054	0.0264512876	0.250384493	0	0	121.239	0	0	3
163	38	0	2.39547525	283.664128	283.651216	283.625604	283.676054	0.0224825011	0.250384493	0	0	121.322	0	0	3
164	38	0	2.41017141	283.664669	283.652333	283.629541	283.676054	0.0188696985	0.250384493	0	0	121.364	0	0	3
165	39	0	2.42486758	283.665843	283.65337	283.635266	283.676054	0.0179024515	0.250384493	0	0	121.401	0	0	3
166	39	0	2.43956375	283.667371	283.654287	283.639161	283.676054	0.0188197344	0.250384493	0	0	121.408	0	0	3
167	39	0	2.45425992	283.670534	283.655119	283.639161	283.676054	0.0196513761	0.250384493	0	0	121.396	0	0	3
168	39	0	2.46895608	283.673197	283.655895	283.639161	283.676054	0.0204276625	0.250384493	0	0	121.383	0	0	3
169	39	0	2.48365225	283.675203	283.656561	283.639161	283.676054	0.0210932762	0.250384493	0	0	121.462	0	0	3
170	40	0	2.49834842	283.675561	283.657181	283.639161	283.676054	0.0217135134	0.250384493	0	0	121.683	0	0	3
171	40	0	2.51304458	283.680875	283.658094	283.639161	283.680875	0.0226268525	0.250384493	0	0	121.892	0	0	3
172	40	0	2.52774075	283.677722	283.658963	283.639161	283.680875	0.0234959077	0.250384493	0	0	122.165	0	0	3
173	40	0	2.54243692	283.680459	283.659902	283.639161	283.680875	0.0244347668	0.250384493	0	0	122.385	0	0	3
174	40	0	2.55713309	283.677406	283.66067	283.639161	283.680875	0.0252031276	0.250384493	0	0	122.557	0	0	3
175	41	0	2.57182925	283.677188	283.661364	283.639161	283.680875	0.0258963308	0.250384493	0	0	122.687	0	0	3
176	41	0	2.58652542	283.671	283.661923	283.639161	283.680875	0.0264557955	0.250384493	0	0	122.783	0	0	3
177	41	0	2.60122159	283.669468	283.662576	283.639161	283.680875	0.0271084768	0.250384493	0	0	122.842	0	0	3
178	41	0	2.61591776	283.667844	283.6633	283.639161	283.680875	0.0278325501	0.250384493	0	0	122.872	0	0	3
179	42	0	2.63061392	283.67099	283.664145	283.639161	283.680875	0.0286776239	0.250384493	0	0	122.876	0	0	3
180	42	0	2.64531009	283.670841	283.665004	283.639161	283.680875	0.029536644	0.250384493	0	0	122.868	0	0	3
181	42	0	2.66000626	283.663896	283.665647	283.639161	283.680875	0.030179482	0.250384493	0	0	122.858	0	0	3
182	42	0	2.67470242	283.669531	283.666515	283.640573	283.680875	0.0310472018	0.250384493	0	0	122.988	0	0	3
183	42	0	2.68939859	283.666248	283.667235	283.640573	283.680875	0.031767606	0.250384493	0	0	123.155	0	0	3
184	43	0	2.70409476	283.665195	283.667938	283.64242	283.680875	0.0323921029	0.250384493	0	0	123.269	0	0	3
185	43	0	2.71879093	283.665386	283.668595	283.648662	283.680875	0.0322130674	0.250384493	0	0	123.384	0	0	3
186	43	0	2.73348709	283.666479	283.669104	283.656163	283.680875	0.0247122806	0.250384493	0	0	123.483	0	0	3
187	43	0	2.74818326	283.672829	283.669521	283.656163	283.680875	0.0247122806	0.250384493	0	0	123.579	0	0	3
188	44	0	2.76287943	283.680717	283.669926	283.656163	283.680875	0.0247122806	0.250384493	0	0	123.661	0	0	3
189	44	0	2.77757559	283.676951	283.67003	283.656163	283.680875	0.0247122806	0.250384493	0	0	123.754	0	0	3
190	44	0	2.79227176	283.680727	283.670168	283.656163	283.680875	0.0247122806	0.250384493	0	0	123.848	0	0	3
191	44	0	2.80696793	283.68203	283.670339	283.656163	283.68203	0.0258666602	0.250384493	0	0	123.93	0	0	3
192	44	0	2.8216641	283.676367	283.670459	283.656163	283.68203	0.0254746427	0.250384493	0	0	124.051	0	0	3
193	45	0	2.83636026	283.664031	283.670407	283.656163	283.68203	0.024116285	0.250384493	0	0	124.095	0	0	3
194	45	0	2.85105643	283.65152	283.670128	283.65152	283.68203	0.022875248	0.250384493	0	0	124.217	0	0	3
195	45	0	2.8657526	283.656551	283.670122	283.65152	283.68203	0.0216822804	0.250384493	0	0	124.311	0	0	3
196	45	0	2.88044876	283.655964	283.670116	283.65152	283.68203	0.0204752939	0.250384493	0	0	124.42	0	0	3
197	46	0	2.89514493	283.659551	283.670122	283.65152	283.68203	0.019242345	0.250384493	0	0	124.542	0	0	3
198	46	0	2.9098411	283.655252	283.669868	283.65152	283.68203	0.0181262024	0.250384493	0	0	124.635	0	0	3
199	46	0	2.92453727	283.664985	283.669877	283.65152	283.68203	0.0170889806	0.250384493	0	0	124.782	0	0	3
200	46	0	2.93923343	283.663087	283.669799	283.65152	283.68203	0.0161716978	0.250384493	0	0	124.905	0	0	3
201	46	0	2.9539296	283.673672	283.669979	283.65152	283.68203	0.015340056	0.250384493	0	0	125.02	0	0	3
202	47	0	2.96862577	283.66849	283.66992	283.65152	283.68203	0.0145637696	0.250384493	0	0	125.12	0	0	3
203	47	0	2.98332193	283.671439	283.66987	283.65152	283.68203	0.0138981559	0.250384493	0	0	125.272	0	0	3
204	47	0	2.9980181	283.663973	283.669549	283.65152	283.68203	0.0132779188	0.250384493	0	0	125.346	0	0	3
205	47	0	3.01271427	283.666136	283.66928	283.65152	283.68203	0.0123645796	0.250384493	0	0	125.478	0	0	3
206	48	0	3.02741044	283.666212	283.668861	283.65152	283.68203	0.0114955245	0.250384493	0	0	125.584	0	0	3
207	48	0	3.0421066	283.671622	283.668687	283.65152	283.68203	0.0105566653	0.250384493	0	0	125.697	0	0	3
208	48	0	3.05680277	283.663226	283.668194	283.65152	283.68203	0.00978830458	0.250384493	0	0	125.775	0	0	3
209	48	0	3.07149894	283.662856	283.667779	283.65152	283.68203	0.00909510134	0.250384493	0	0	125.881	0	0	3
210	48	0	3.0861951	283.659531	283.667274	283.65152	283.68203	0.00853563662	0.250384493	0	0	125.878	0	0	3
211	49	0	3.10089127	283.666999	283.66716	283.65152	283.68203	0.00788295531	0.250384493	0	0	126.053	0	0	3
212	49	0	3.11558744	283.662215	283.666953	283.65152	283.68203	0.00715888201	0.250384493	0	0	126.063	0	0	3
213	49	0	3.13028361	283.66188	283.666782	283.65152	283.68203	0.0063138083	0.250384493	0	0	126.2	0	0	3
214	49	0	3.14497977	283.652491	283.666254	283.65152	283.68203	0.0054547882	0.250384493	0	0	126.182	0	0	3
215	50	0	3.15967594	283.652767	283.665737	283.65152	283.68203	0.00481195017	0.250384493	0	0	126.304	0	0	3
216	50	0	3.17437211	283.643787	283.665163	283.643787	283.68203	0.00529600466	0.250384493	0	0	126.304	0	0	3
217	50	0	3.18906827	283.647149	283.664523	283.643787	283.68203	0.00593550848	0.250384493	0	0	126.414	0	0	3
218	50	0	3.20376444	283.641397	283.663813	283.641397	283.68203	0.00664553361	0.250384493	0	0	126.431	0	0	3
219	50	0	3.21846061	283.651507	283.663422	283.641397	283.68203	0.00703663421	0.250384493	0	0	126.549	0	0	3
220	51	0	3.23315678	283.650327	283.662992	283.641397	283.68203	0.00746690461	0.250384493	0	0	126.555	0	0	3
221	51	0	3.24785294	283.657616	283.662739	283.641397	283.68203	0.00772014073	0.250384493	0	0	126.674	0	0	3
222	51	0	3.26254911	283.652391	283.662155	283.641397	283.68203	0.0083040894	0.250384493	0	0	126.696	0	0	3
223	51	0	3.27724528	283.652582	283.661351	283.641397	283.68203	0.00910793737	0.250384493	0	0	126.779	0	0	3
224	52	0	3.29194144	283.648728	283.660544	283.641397	283.68203	0.00991429771	0.250384493	0	0	126.864	0	0	3
225	52	0	3.30663761	283.651898	283.659721	283.641397	283.68203	0.0107379728	0.250384493	0	0	126.95	0	0	3
226	52	0	3.32133378	283.646422	283.658703	283.641397	283.676367	0.0117553394	0.250384493	0	0	127.003	0	0	3
227	52	0	3.33602995	283.650624	283.657968	283.641397	283.673672	0.0124394156	0.250384493	0	0	127.129	0	0	3
228	52	0	3.35072611	283.641679	283.657329	283.641397	283.673672	0.0127989947	0.250384493	0	0	127.237	0	0	3
229	53	0	3.36542228	283.643221	283.657092	283.641397	283.673672	0.0130298563	0.250384493	0	0	127.347	0	0	3
230	53	0	3.38011845	283.633592	283.656436	283.633592	283.673672	0.0136858244	0.250384493	0	0	127.424	0	0	3
231	53	0	3.39481461	283.6362	283.655872	283.633592	283.673672	0.0142505275	0.250384493	0	0	127.475	0	0	3
232	53	0	3.40951078	283.632033	283.655085	283.632033	283.673672	0.0148934627	0.250384493	0	0	127.509	0	0	3
233	54	0	3.42420695	283.640038	283.654651	283.632033	283.673672	0.015328144	0.250384493	0	0	127.532	0	0	3
234	54	0	3.43890312	283.63514	283.653798	283.632033	283.673672	0.0161808679	0.250384493	0	0	127.563	0	0	3
235	54	0	3.45359928	283.63882	283.653105	283.632033	283.673672	0.0168742238	0.250384493	0	0	127.609	0	0	3
236	54	0	3.46829545	283.638716	283.652106	283.632033	283.671622	0.0178145834	0.250384493	0	0	127.648	0	0	3
237	54	0	3.48299162	283.642915	283.651375	283.632033	283.671622	0.0184950649	0.250384493	0	0	127.707	0	0	3
238	55	0	3.49768778	283.642723	283.650555	283.632033	283.671622	0.0189946525	0.250384493	0	0	127.759	0	0	3
239	55	0	3.51238395	283.637619	283.649802	283.632033	283.671622	0.0194783533	0.250384493	0	0	127.843	0	0	3
240	55	0	3.52708012	283.627169	283.648688	283.627169	283.671622	0.0201727493	0.250384493	0	0	127.903	0	0	3
241	55	0	3.54177629	283.627407	283.64758	283.627169	283.671622	0.0211071788	0.250384493	0	0	127.959	0	0	3
242	55	0	3.55647245	283.619431	283.646088	283.619431	283.666999	0.0221059805	0.250384493	0	0	127.987	0	0	3
243	56	0	3.57116862	283.62292	283.644937	283.619431	283.666999	0.0228418889	0.250384493	0	0	128.028	0	0	3
244	56	0	3.58586479	283.620246	283.643719	283.619431	283.666999	0.0235548297	0.250384493	0	0	128.025	0	0	3
245	56	0	3.60056095	283.620528	283.642605	283.619431	283.666999	0.0245548855	0.250384493	0	0	128.095	0	0	3
246	56	0	3.61525712	283.608802	283.640942	283.608802	283.662215	0.0260104203	0.250384493	0	0	128.109	0	0	3
247	57	0	3.62995329	283.611005	283.639479	283.608802	283.66188	0.0273031786	0.250384493	0	0	128.183	0	0	3
248	57	0	3.64464946	283.604727	283.637846	283.604727	283.657616	0.028407595	0.250384493	0	0	128.236	0	0	3
249	57	0	3.65934562	283.610495	283.636646	283.604727	283.657616	0.0290910808	0.250384493	0	0	128.282	0	0	3
250	57	0	3.67404179	283.612448	283.635494	283.604727	283.657616	0.0296684659	0.250384493	0	0	128.315	0	0	3
251	58	0	3.68873796	283.618353	283.634768	283.604727	283.657616	0.0297556436	0.250384493	0	0	128.35	0	0	3
252	58	0	3.70343413	283.611407	283.633746	283.604727	283.657616	0.0300668014	0.250384493	0	0	128.377	0	0	3
253	58	0	3.71813029	283.617421	283.633061	283.604727	283.657616	0.0303607392	0.250384493	0	0	128.414	0	0	3
254	58	0	3.73282646	283.612592	283.63195	283.604727	283.657616	0.0310423277	0.250384493	0	0	128.443	0	0	3
255	59	0	3.74752263	283.612207	283.63086	283.604727	283.657616	0.0318782124	0.250384493	0	0	128.474	0	0	3
256	59	0	3.76221879	283.607528	283.629429	283.604727	283.652582	0.0327253304	0.250384493	0	0	128.493	0	0	3
257	59	0	3.77691496	283.604293	283.628055	283.604293	283.652582	0.0332957108	0.250384493	0	0	128.544	0	0	3
258	59	0	3.79161113	283.592603	283.626341	283.592603	283.651898	0.0342030571	0.250384493	0	0	128.581	0	0	3
259	60	0	3.8063073	283.591619	283.62471	283.591619	283.651898	0.0350110696	0.250384493	0	0	128.66	0	0	3
260	60	0	3.82100346	283.580885	283.622681	283.580885	283.650624	0.0360226572	0.250384493	0	0	128.695	0	0	3
261	60	0	3.83569963	283.579732	283.620775	283.579732	283.650624	0.0371925664	0.250384493	0	0	128.795	0	0	3
262	60	0	3.8503958	283.577011	283.618672	283.577011	283.643221	0.0386571779	0.250384493	0	0	128.836	0	0	3
263	61	0	3.86509196	283.579279	283.616889	283.577011	283.643221	0.0402029574	0.250384493	0	0	128.941	0	0	3
264	61	0	3.87978813	283.576238	283.614975	283.576238	283.642915	0.041460798	0.250384493	0	0	128.967	0	0	3
265	61	0	3.8944843	283.586467	283.613629	283.576238	283.642915	0.0422425378	0.250384493	0	0	129.02	0	0	3
266	62	0	3.90918047	283.587907	283.612249	283.576238	283.642915	0.0428361243	0.250384493	0	0	129.001	0	0	3
267	62	0	3.92387663	283.594819	283.611186	283.576238	283.642915	0.0434646993	0.250384493	0	0	129.073	0	0	3
268	62	0	3.9385728	283.588472	283.609713	283.576238	283.642915	0.0440852948	0.250384493	0	0	129.09	0	0	3
269	62	0	3.95326897	283.58824	283.608373	283.576238	283.642915	0.0447319416	0.250384493	0	0	129.138	0	0	3
270	63	0	3.96796513	283.577914	283.606632	283.576238	283.642915	0.0454733411	0.250384493	0	0	129.115	0	0	3
271	63	0	3.9826613	283.579887	283.604952	283.576238	283.642915	0.046423439	0.250384493	0	0	129.14	0	0	3
272	63	0	3.99735747	283.566771	283.602776	283.566771	283.642723	0.047778542	0.250384493	0	0	129.108	0	0	3
273	63	0	4.01205364	283.565285	283.600564	283.565285	283.637619	0.0492380984	0.250384493	0	0	129.147	0	0	3
274	64	0	4.0267498	283.560475	283.598359	283.560475	283.627407	0.0503288618	0.250384493	0	0	129.124	0	0	3
275	64	0	4.04144597	283.563413	283.596538	283.560475	283.627407	0.051041751	0.250384493	0	0	129.169	0	0	3
276	64	0	4.05614214	283.559009	283.594584	283.559009	283.62292	0.0515048368	0.250384493	0	0	129.156	0	0	3
277	64	0	4.0708383	283.564678	283.593019	283.559009	283.62292	0.0519176108	0.250384493	0	0	129.196	0	0	3
278	64	0	4.08553447	283.564213	283.591342	283.559009	283.620528	0.0523775208	0.250384493	0	0	129.173	0	0	3
279	65	0	4.10023064	283.571232	283.589941	283.559009	283.620528	0.05266354	0.250384493	0	0	129.204	0	0	3
280	65	0	4.11492681	283.564349	283.588336	283.559009	283.618353	0.0526058905	0.250384493	0	0	129.185	0	0	3
281	65	0	4.12962297	283.56053	283.586957	283.559009	283.618353	0.0525219374	0.250384493	0	0	129.238	0	0	3
282	65	0	4.14431914	283.555262	283.585365	283.555262	283.618353	0.052481653	0.250384493	0	0	129.219	0	0	3
283	66	0	4.15901531	283.551011	283.58383	283.551011	283.618353	0.0528165172	0.250384493	0	0	129.292	0	0	3
284	66	0	4.17371147	283.551216	283.582136	283.551011	283.618353	0.053358271	0.250384493	0	0	129.267	0	0	3
285	66	0	4.18840764	283.554793	283.580489	283.551011	283.618353	0.0542788921	0.250384493	0	0	129.349	0	0	3
286	66	0	4.20310381	283.555812	283.578702	283.551011	283.617421	0.055044583	0.250384493	0	0	129.337	0	0	3
287	67	0	4.21779998	283.557571	283.577164	283.551011	283.617421	0.0558977151	0.250384493	0	0	129.393	0	0	3
288	67	0	4.23249614	283.549371	283.575219	283.549371	283.612592	0.0567301371	0.250384493	0	0	129.418	0	0	3
289	67	0	4.24719231	283.550707	283.573451	283.549371	283.612207	0.0574091558	0.250384493	0	0	129.554	0	0	3
290	67	0	4.26188848	283.553887	283.571785	283.549371	283.607528	0.0576443842	0.250384493	0	0	129.598	0	0	3
291	67	0	4.27658464	283.561734	283.570477	283.549371	283.604293	0.0549216554	0.250384493	0	0	129.731	0	0	3
292	68	0	4.29128081	283.55255	283.568998	283.549371	283.594819	0.045447991	0.250384493	0	0	129.803	0	0	3
293	68	0	4.30597698	283.552386	283.567849	283.549371	283.594819	0.045447991	0.250384493	0	0	129.978	0	0	3
294	68	0	4.32067315	283.540638	283.566393	283.540638	283.594819	0.0541808468	0.250384493	0	0	130.062	0	0	3
295	69	0	4.33536931	283.54808	283.565455	283.540638	283.594819	0.0541808468	0.250384493	0	0	130.195	0	0	3
296	69	0	4.35006548	283.543127	283.564409	283.540638	283.594819	0.0541808468	0.250384493	0	0	130.273	0	0	3
297	69	0	4.36476165	283.548877	283.563606	283.540638	283.594819	0.0532836624	0.250384493	0	0	130.367	0	0	3
298	69	0	4.37945781	283.537822	283.562421	283.537822	283.594819	0.0525543278	0.250384493	0	0	130.429	0	0	3
299	70	0	4.39415398	283.531056	283.56113	283.531056	283.594819	0.0524988029	0.250384493	0	0	130.494	0	0	3
300	70	0	4.40885015	283.522068	283.55929	283.522068	283.594819	0.052958961	0.250384493	0	0	130.54	0	0	3
301	70	0	4.42354632	283.529902	283.557633	283.522068	283.594819	0.0535529788	0.250384493	0	0	130.604	0	0	3
302	70	0	4.43824248	283.521616	283.555541	283.521616	283.588472	0.0541711814	0.250384493	0	0	130.662	0	0	3
303	71	0	4.45293865	283.533489	283.55397	283.521616	283.58824	0.0544021197	0.250384493	0	0	130.733	0	0	3
304	71	0	4.46763482	283.523323	283.552116	283.521616	283.579887	0.0545167326	0.250384493	0	0	130.78	0	0	3
305	71	0	4.48233098	283.524372	283.550586	283.521616	283.579887	0.0543656853	0.250384493	0	0	130.834	0	0	3
306	71	0	4.49702715	283.513702	283.548695	283.513702	283.571232	0.0540811499	0.250384493	0	0	130.871	0	0	3
307	71	0	4.51172332	283.523334	283.547454	283.513702	283.571232	0.0531096779	0.250384493	0	0	130.904	0	0	3
308	72	0	4.52641949	283.516156	283.54605	283.513702	283.571232	0.0523092448	0.250384493	0	0	130.938	0	0	3
309	72	0	4.54111565	283.522277	283.544959	283.513702	283.571232	0.0515790133	0.250384493	0	0	130.97	0	0	3
310	72	0	4.55581182	283.506718	283.543339	283.506718	283.571232	0.0512446271	0.250384493	0	0	131.001	0	0	3
311	73	0	4.57050799	283.512291	283.542004	283.506718	283.571232	0.051015034	0.250384493	0	0	131.023	0	0	3
312	73	0	4.58520415	283.501885	283.54021	283.501885	283.571232	0.0511317671	0.250384493	0	0	131.061	0	0	3
313	73	0	4.59990032	283.508776	283.538626	283.501885	283.571232	0.0513152847	0.250384493	0	0	131.118	0	0	3
314	73	0	4.61459649	283.498927	283.53656	283.498927	283.564349	0.0517760093	0.250384493	0	0	131.171	0	0	3
315	74	0	4.62929266	283.50901	283.534979	283.498927	283.561734	0.0519779064	0.250384493	0	0	131.176	0	0	3
316	74	0	4.64398882	283.498643	283.533211	283.498643	283.561734	0.0521534393	0.250384493	0	0	131.219	0	0	3
317	74	0	4.65868499	283.496783	283.53154	283.496783	283.561734	0.0522895206	0.250384493	0	0	131.195	0	0	3
318	74	0	4.67338116	283.485971	283.529682	283.485971	283.561734	0.0524541123	0.250384493	0	0	131.22	0	0	3
319	75	0	4.68807733	283.497279	283.528141	283.485971	283.561734	0.0523478608	0.250384493	0	0	131.255	0	0	3
320	75	0	4.70277349	283.492682	283.526366	283.485971	283.561734	0.0523355754	0.250384493	0	0	131.258	0	0	3
321	75	0	4.71746966	283.5046	283.524903	283.485971	283.561734	0.0522606127	0.250384493	0	0	131.246	0	0	3
322	75	0	4.73216583	283.496912	283.52317	283.485971	283.561734	0.0520494699	0.250384493	0	0	131.258	0	0	3
323	76	0	4.74686199	283.496189	283.52165	283.485971	283.561734	0.0518008259	0.250384493	0	0	131.248	0	0	3
324	76	0	4.76155816	283.480623	283.519648	283.480623	283.561734	0.0521369088	0.250384493	0	0	131.251	0	0	3
325	76	0	4.77625433	283.478126	283.517483	283.478126	283.561734	0.0529931004	0.250384493	0	0	131.244	0	0	3
326	76	0	4.7909505	283.472155	283.514924	283.472155	283.55255	0.0540741172	0.250384493	0	0	131.241	0	0	3
327	77	0	4.80564666	283.486938	283.513049	283.472155	283.552386	0.0547997087	0.250384493	0	0	131.225	0	0	3
328	77	0	4.82034283	283.476778	283.510889	283.472155	283.548877	0.0555033672	0.250384493	0	0	131.228	0	0	3
329	77	0	4.835039	283.484322	283.50928	283.472155	283.548877	0.0561751205	0.250384493	0	0	131.26	0	0	3
330	77	0	4.84973516	283.466757	283.506957	283.466757	283.548877	0.0574527608	0.250384493	0	0	131.281	0	0	3
331	78	0	4.86443133	283.470866	283.504892	283.466757	283.548877	0.0587135472	0.250384493	0	0	131.31	0	0	3
332	78	0	4.8791275	283.457371	283.502278	283.457371	283.537822	0.0601435246	0.250384493	0	0	131.338	0	0	3
333	78	0	4.89382367	283.464809	283.500192	283.457371	283.533489	0.0609386891	0.250384493	0	0	131.356	0	0	3
334	79	0	4.90851983	283.451996	283.497933	283.451996	283.533489	0.0613575716	0.250384493	0	0	131.356	0	0	3
335	79	0	4.923216	283.45667	283.496064	283.451996	283.533489	0.0615688031	0.250384493	0	0	131.362	0	0	3
336	79	0	4.93791217	283.438676	283.493458	283.438676	283.533489	0.0620837278	0.250384493	0	0	131.377	0	0	3
337	79	0	4.95260833	283.438913	283.491095	283.438676	283.533489	0.062875736	0.250384493	0	0	131.415	0	0	3
338	80	0	4.9673045	283.421781	283.487903	283.421781	283.524372	0.0642126252	0.250384493	0	0	131.405	0	0	3
339	80	0	4.98200067	283.426265	283.48513	283.421781	283.524372	0.0654559378	0.250384493	0	0	131.396	0	0	3
340	80	0	4.99669684	283.413994	283.481976	283.413994	283.523334	0.0667185855	0.250384493	0	0	131.434	0	0	3
341	80	0	5.011393	283.420987	283.479327	283.413994	283.523334	0.0681265267	0.250384493	0	0	131.446	0	0	3
342	81	0	5.02608917	283.408343	283.476042	283.408343	283.522277	0.0700082906	0.250384493	0	0	131.55	0	0	3
343	81	0	5.04078534	283.413589	283.473111	283.408343	283.522277	0.0718474131	0.250384493	0	0	131.504	0	0	3
344	81	0	5.0554815	283.399856	283.469614	283.399856	283.512291	0.0737252918	0.250384493	0	0	131.538	0	0	3
345	82	0	5.07017767	283.40549	283.466721	283.399856	283.512291	0.0752827188	0.250384493	0	0	131.445	0	0	3
346	82	0	5.08487384	283.393705	283.463333	283.393705	283.50901	0.0768767902	0.250384493	0	0	131.454	0	0	3
347	82	0	5.09957001	283.400286	283.46043	283.393705	283.50901	0.0781956977	0.250384493	0	0	131.318	0	0	3
348	82	0	5.11426617	283.387678	283.456971	283.387678	283.50901	0.0795897803	0.250384493	0	0	131.254	0	0	3
349	83	0	5.12896234	283.393559	283.45396	283.387678	283.50901	0.0810192	0.250384493	0	0	131.191	0	0	3
350	83	0	5.14365851	283.377059	283.45019	283.377059	283.5046	0.0830210499	0.250384493	0	0	131.134	0	0	3
351	83	0	5.15835467	283.379828	283.446795	283.377059	283.5046	0.0847449411	0.250384493	0	0	131.087	0	0	3
352	83	0	5.17305084	283.361704	283.442936	283.361704	283.5046	0.0867460411	0.250384493	0	0	131.075	0	0	3
353	84	0	5.18774701	283.370637	283.439641	283.361704	283.5046	0.0885002259	0.250384493	0	0	131.042	0	0	3
354	84	0	5.20244318	283.361897	283.435773	283.361704	283.5046	0.0905936959	0.250384493	0	0	130.998	0	0	3
355	84	0	5.21713934	283.37105	283.432297	283.361704	283.5046	0.0926056965	0.250384493	0	0	130.95	0	0	3
356	84	0	5.23183551	283.362426	283.428235	283.361704	283.496912	0.0949346733	0.250384493	0	0	130.912	0	0	3
357	85	0	5.24653168	283.374819	283.424747	283.361704	283.496189	0.0969035461	0.250384493	0	0	130.965	0	0	3
358	85	0	5.26122784	283.368678	283.421104	283.361704	283.486938	0.0985443501	0.250384493	0	0	130.996	0	0	3
359	85	0	5.27592401	283.38156	283.418273	283.361704	283.486938	0.0992101153	0.250384493	0	0	131.046	0	0	3
360	85	0	5.29062018	283.370699	283.415204	283.361704	283.486938	0.0997200421	0.250384493	0	0	131.095	0	0	3
361	86	0	5.30531635	283.378146	283.412518	283.361704	283.486938	0.100531366	0.250384493	0	0	131.152	0	0	3
362	86	0	5.32001251	283.365197	283.40904	283.361704	283.484322	0.101849428	0.250384493	0	0	131.223	0	0	3
363	86	0	5.33470868	283.372437	283.406059	283.361704	283.484322	0.103221551	0.250384493	0	0	131.281	0	0	3
364	86	0	5.34940485	283.362556	283.40258	283.361704	283.470866	0.10437708	0.250384493	0	0	131.297	0	0	3
365	87	0	5.36410101	283.37261	283.39989	283.361704	283.470866	0.105002405	0.250384493	0	0	131.314	0	0	3
366	87	0	5.37879718	283.362076	283.396781	283.361704	283.464809	0.103105505	0.250384493	0	0	131.324	0	0	3
367	87	0	5.39349335	283.371054	283.394315	283.361704	283.464809	0.103105505	0.250384493	0	0	131.314	0	0	3
368	87	0	5.40818952	283.359445	283.391305	283.359445	283.45667	0.0972252214	0.250384493	0	0	131.295	0	0	3
369	88	0	5.42288568	283.368651	283.388923	283.359445	283.45667	0.0972252214	0.250384493	0	0	131.264	0	0	3
370	88	0	5.43758185	283.358052	283.386106	283.358052	283.438913	0.080861036	0.250384493	0	0	131.242	0	0	3
371	88	0	5.45227802	283.366836	283.384053	283.358052	283.438913	0.080861036	0.250384493	0	0	131.212	0	0	3
372	88	0	5.46697418	283.356771	283.381706	283.356771	283.426265	0.0694942059	0.250384493	0	0	131.196	0	0	3
373	88	0	5.48167035	283.365303	283.380093	283.356771	283.426265	0.0694942059	0.250384493	0	0	131.17	0	0	3
374	89	0	5.49636652	283.356496	283.378099	283.356496	283.420987	0.0644908093	0.250384493	0	0	131.205	0	0	3
375	89	0	5.51106269	283.364037	283.376672	283.356496	283.420987	0.0644908093	0.250384493	0	0	131.275	0	0	3
376	89	0	5.52575885	283.361663	283.374977	283.356496	283.413589	0.0570927673	0.250384493	0	0	131.349	0	0	3
377	89	0	5.54045502	283.365819	283.373762	283.356496	283.413589	0.0570927673	0.250384493	0	0	131.399	0	0	3
378	90	0	5.55515119	283.350649	283.371964	283.350649	283.40549	0.0548409075	0.250384493	0	0	131.451	0	0	3
379	90	0	5.56984735	283.35502	283.370683	283.350649	283.40549	0.0548409075	0.250384493	0	0	131.474	0	0	3
380	90	0	5.58454352	283.348702	283.36906	283.348702	283.400286	0.0515840007	0.250384493	0	0	131.521	0	0	3
381	90	0	5.59923969	283.362936	283.368181	283.348702	283.400286	0.0515840007	0.250384493	0	0	131.531	0	0	3
382	91	0	5.61393586	283.353971	283.366858	283.348702	283.393559	0.0448572859	0.250384493	0	0	131.559	0	0	3
383	91	0	5.62863202	283.36542	283.366222	283.348702	283.393559	0.0448572859	0.250384493	0	0	131.548	0	0	3
384	91	0	5.64332819	283.34838	283.364931	283.34838	283.38156	0.0331804023	0.250384493	0	0	131.545	0	0	3
385	91	0	5.65802436	283.355363	283.364311	283.34838	283.38156	0.0331804023	0.250384493	0	0	131.521	0	0	3
386	92	0	5.67272052	283.352434	283.363528	283.34838	283.38156	0.0331804023	0.250384493	0	0	131.521	0	0	3
387	92	0	5.68741669	283.366304	283.36366	283.34838	283.38156	0.0331804023	0.250384493	0	0	131.491	0	0	3
388	92	0	5.70211286	283.35734	283.36328	283.34838	283.38156	0.0331804023	0.250384493	0	0	131.465	0	0	3
389	92	0	5.71680903	283.361065	283.363256	283.34838	283.38156	0.0331804023	0.250384493	0	0	131.507	0	0	3
390	93	0	5.73150519	283.354527	283.362784	283.34838	283.38156	0.0331804023	0.250384493	0	0	131.551	0	0	3
391	93	0	5.74620136	283.368799	283.362966	283.34838	283.38156	0.0331804023	0.250384493	0	0	131.629	0	0	3
392	93	0	5.76089753	283.351865	283.36231	283.34838	283.38156	0.0331804023	0.250384493	0	0	131.748	0	0	3
393	93	0	5.7755937	283.355299	283.361928	283.34838	283.38156	0.0331804023	0.250384493	0	0	131.8	0	0	3
394	94	0	5.79028986	283.353242	283.361119	283.34838	283.378146	0.0297664871	0.250384493	0	0	131.951	0	0	3
395	94	0	5.80498603	283.362518	283.360885	283.34838	283.378146	0.0297664871	0.250384493	0	0	132.001	0	0	3
396	94	0	5.8196822	283.34306	283.359883	283.34306	283.37261	0.0295494489	0.250384493	0	0	132.004	0	0	3
397	94	0	5.83437836	283.350955	283.359476	283.34306	283.37261	0.0295494489	0.250384493	0	0	132.029	0	0	3
398	95	0	5.84907453	283.344651	283.358682	283.34306	283.37261	0.0295494489	0.250384493	0	0	132.013	0	0	3
399	95	0	5.8637707	283.359446	283.358593	283.34306	283.37261	0.0295494489	0.250384493	0	0	132.042	0	0	3
400	95	0	5.87846687	283.348987	283.357918	283.34306	283.371054	0.0279941411	0.250384493	0	0	132.074	0	0	3
401	96	0	5.89316303	283.353408	283.357671	283.34306	283.371054	0.0279941411	0.250384493	0	0	132.103	0	0	3
402	96	0	5.9078592	283.347018	283.356984	283.34306	283.368799	0.0257393288	0.250384493	0	0	132.135	0	0	3
403	96	0	5.92255537	283.363451	283.357098	283.34306	283.368799	0.0257393288	0.250384493	0	0	132.164	0	0	3
404	97	0	5.93725153	283.347926	283.356506	283.34306	283.368799	0.0257393288	0.250384493	0	0	132.198	0	0	3
405	97	0	5.9519477	283.354402	283.356402	283.34306	283.368799	0.0257393288	0.250384493	0	0	132.225	0	0	3
406	97	0	5.96664387	283.351411	283.355961	283.34306	283.368799	0.0257393288	0.250384493	0	0	132.252	0	0	3
407	97	0	5.98134004	283.36746	283.356267	283.34306	283.368799	0.0241315745	0.250384493	0	0	132.242	0	0	3
408	98	0	5.9960362	283.348169	283.355777	283.34306	283.368799	0.0223223091	0.250384493	0	0	132.267	0	0	3
409	98	0	6.01073237	283.349055	283.355564	283.34306	283.368799	0.0211075715	0.250384493	0	0	132.23	0	0	3
410	99	0	6.02542854	283.351919	283.355218	283.34306	283.368799	0.019758844	0.250384493	0	0	132.247	0	0	3
411	99	0	6.0401247	283.367044	283.355372	283.34306	283.368799	0.0185438513	0.250384493	0	0	132.223	0	0	3
412	99	0	6.05482087	283.343787	283.354742	283.34306	283.368799	0.0172213192	0.250384493	0	0	132.19	0	0	3
413	100	0	6.06951704	283.356592	283.354912	283.34306	283.368799	0.0159402936	0.250384493	0	0	132.173	0	0	3
414	100	0	6.08421321	283.344159	283.354602	283.34306	283.368799	0.0144582988	0.250384493	0	0	132.114	0	0	3
415	100	0	6.09890937	283.345576	283.354513	283.34306	283.368799	0.0136685109	0.250384493	0	0	132.113	0	0	3
416	100	0	6.11360554	283.378609	283.35496	283.34306	283.378609	0.0123452216	0.250384493	0	0	132.063	0	0	3
417	102	0	6.12830171	283.347096	283.354764	283.34306	283.378609	0.0117092557	0.250384493	0	0	132.026	0	0	3
418	102	0	6.14299787	283.344385	283.354163	283.34306	283.378609	0.0107680267	0.250384493	0	0	132.006	0	0	3
419	102	0	6.15769404	283.336467	283.353823	283.336467	283.378609	0.0104885173	0.250384493	0	0	132.029	0	0	3
420	103	0	6.17239021	283.356534	283.353856	283.336467	283.378609	0.00983728169	0.250384493	0	0	131.939	0	0	3
421	103	0	6.18708638	283.347231	283.353707	283.336467	283.378609	0.00995251208	0.250384493	0	0	132	0	0	3
422	103	0	6.20178254	283.348368	283.353195	283.336467	283.378609	0.0100850409	0.250384493	0	0	132.103	0	0	3
423	103	0	6.21647871	283.341374	283.352739	283.336467	283.378609	0.0105174479	0.250384493	0	0	131.912	0	0	3
424	104	0	6.23117488	283.359596	283.352697	283.336467	283.378609	0.0102694321	0.250384493	0	0	131.846	0	0	3
425	104	0	6.24587104	283.343142	283.352371	283.336467	283.378609	0.0105947176	0.250384493	0	0	131.864	0	0	3
426	104	0	6.26056721	283.342026	283.351606	283.336467	283.378609	0.0107038452	0.250384493	0	0	131.831	0	0	3
427	104	0	6.27526338	283.343435	283.351366	283.336467	283.378609	0.0105624699	0.250384493	0	0	131.956	0	0	3
428	105	0	6.28995955	283.354076	283.351331	283.336467	283.378609	0.00978833833	0.250384493	0	0	131.952	0	0	3
429	105	0	6.30465571	283.349597	283.351227	283.336467	283.378609	0.00965870071	0.250384493	0	0	131.991	0	0	3
430	105	0	6.31935188	283.359812	283.351149	283.336467	283.378609	0.00873354387	0.250384493	0	0	132.031	0	0	3
431	105	0	6.33404805	283.350196	283.351353	283.336467	283.378609	0.00832664696	0.250384493	0	0	132.045	0	0	3
432	106	0	6.34874421	283.351673	283.351374	283.336467	283.378609	0.00753277139	0.250384493	0	0	132.06	0	0	3
433	106	0	6.36344038	283.347855	283.351465	283.336467	283.378609	0.00744391807	0.250384493	0	0	132.047	0	0	3
434	106	0	6.37813655	283.34952	283.351182	283.336467	283.378609	0.00676898071	0.250384493	0	0	132.04	0	0	3
435	106	0	6.39283272	283.360032	283.351497	283.336467	283.378609	0.00652132625	0.250384493	0	0	132.011	0	0	3
436	107	0	6.40752888	283.362329	283.351752	283.336467	283.378609	0.00594903151	0.250384493	0	0	131.981	0	0	3
437	107	0	6.42222505	283.349587	283.351825	283.336467	283.378609	0.00594903151	0.250384493	0	0	131.931	0	0	3
438	107	0	6.43692122	283.35455	283.351571	283.336467	283.378609	0.00535687064	0.250384493	0	0	131.943	0	0	3
439	108	0	6.45161738	283.356432	283.351814	283.336467	283.378609	0.00525259424	0.250384493	0	0	131.951	0	0	3
440	108	0	6.46631355	283.36053	283.351989	283.336467	283.378609	0.00511729436	0.250384493	0	0	131.931	0	0	3
441	108	0	6.48100972	283.355555	283.352108	283.336467	283.378609	0.00511729436	0.250384493	0	0	131.902	0	0	3
442	109	0	6.49570589	283.358526	283.351852	283.336467	283.378609	0.00462774772	0.250384493	0	0	131.862	0	0	3
443	109	0	6.51040205	283.360055	283.352192	283.336467	283.378609	0.00441513543	0.250384493	0	0	131.889	0	0	3
444	109	0	6.52509822	283.348694	283.352182	283.336467	283.378609	0.00422263146	0.250384493	0	0	131.972	0	0	3
445	109	0	6.53979439	283.353156	283.352217	283.336467	283.378609	0.00422263146	0.250384493	0	0	132.013	0	0	3
446	110	0	6.55449055	283.358196	283.351964	283.336467	283.378609	0.00381112466	0.250384493	0	0	132.071	0	0	3
447	110	0	6.56918672	283.354386	283.352267	283.336467	283.378609	0.00381112466	0.250384493	0	0	132.094	0	0	3
448	110	0	6.58388289	283.357993	283.352307	283.336467	283.378609	0.00381112466	0.250384493	0	0	132.126	0	0	3
449	110	0	6.59857906	283.35472	283.352609	283.336467	283.378609	0.00381112466	0.250384493	0	0	132.126	0	0	3
450	111	0	6.61327522	283.358953	283.352991	283.336467	283.378609	0.00381112466	0.250384493	0	0	132.149	0	0	3
451	111	0	6.62797139	283.359355	283.352441	283.336467	283.362329	0.00361469269	0.250384493	0	0	132.139	0	0	3
452	112	0	6.64266756	283.365379	283.352963	283.336467	283.365379	0.00301370563	0.250384493	0	0	132.133	0	0	3
453	112	0	6.65736372	283.362366	283.353477	283.336467	283.365379	0.00270678034	0.250384493	0	0	132.091	0	0	3
454	112	0	6.67205989	283.361196	283.354184	283.341374	283.365379	0.00303438414	0.250384493	0	0	132.059	0	0	3
455	112	0	6.68675606	283.357426	283.354209	283.341374	283.365379	0.0030598911	0.250384493	0	0	131.984	0	0	3
456	113	0	6.70145223	283.364018	283.354689	283.341374	283.365379	0.00353952517	0.250384493	0	0	131.94	0	0	3
457	113	0	6.71614839	283.36744	283.355234	283.341374	283.36744	0.00408444353	0.250384493	0	0	131.914	0	0	3
458	113	0	6.73084456	283.361937	283.355821	283.342026	283.36744	0.00467197192	0.250384493	0	0	131.926	0	0	3
459	113	0	6.74554073	283.346599	283.35545	283.342026	283.36744	0.00467197192	0.250384493	0	0	131.928	0	0	3
460	114	0	6.7602369	283.356267	283.355825	283.342026	283.36744	0.00467565318	0.250384493	0	0	131.998	0	0	3
461	114	0	6.77493306	283.363943	283.356451	283.343435	283.36744	0.00530184484	0.250384493	0	0	132.05	0	0	3
462	115	0	6.78962923	283.358306	283.356876	283.346599	283.36744	0.00572673911	0.250384493	0	0	132.101	0	0	3
463	115	0	6.8043254	283.353874	283.35687	283.346599	283.36744	0.00572673911	0.250384493	0	0	132.131	0	0	3
464	115	0	6.81902156	283.362729	283.357245	283.346599	283.36744	0.00609617428	0.250384493	0	0	132.171	0	0	3
465	115	0	6.83371773	283.369442	283.357521	283.346599	283.369442	0.00633899818	0.250384493	0	0	132.19	0	0	3
466	116	0	6.8484139	283.341194	283.357263	283.341194	283.369442	0.00633899818	0.250384493	0	0	132.215	0	0	3
467	116	0	6.86311007	283.349415	283.357199	283.341194	283.369442	0.00633899818	0.250384493	0	0	132.211	0	0	3
468	116	0	6.87780623	283.355372	283.357414	283.341194	283.369442	0.00633899818	0.250384493	0	0	132.2	0	0	3
469	116	0	6.8925024	283.35625	283.357606	283.341194	283.369442	0.00610876411	0.250384493	0	0	132.157	0	0	3
470	117	0	6.90719857	283.351557	283.357364	283.341194	283.369442	0.00603476769	0.250384493	0	0	132.103	0	0	3
471	117	0	6.92189473	283.360822	283.357321	283.341194	283.369442	0.00603476769	0.250384493	0	0	132.037	0	0	3
472	117	0	6.9365909	283.35698	283.357532	283.341194	283.369442	0.00603476769	0.250384493	0	0	131.968	0	0	3
473	118	0	6.95128707	283.352506	283.357474	283.341194	283.369442	0.0057917222	0.250384493	0	0	131.892	0	0	3
474	118	0	6.96598324	283.3483	283.357241	283.341194	283.369442	0.00575346978	0.250384493	0	0	131.868	0	0	3
475	118	0	6.9806794	283.350694	283.35696	283.341194	283.369442	0.00575346978	0.250384493	0	0	131.897	0	0	3
476	118	0	6.99537557	283.359002	283.357059	283.341194	283.369442	0.00575346978	0.250384493	0	0	131.972	0	0	3
477	118	0	7.01007174	283.349744	283.356808	283.341194	283.369442	0.00564162995	0.250384493	0	0	132.02	0	0	3
478	119	0	7.0247679	283.349677	283.356511	283.341194	283.369442	0.00564162995	0.250384493	0	0	132.076	0	0	3
479	119	0	7.03946407	283.356805	283.356743	283.341194	283.369442	0.00564162995	0.250384493	0	0	132.108	0	0	3
480	119	0	7.05416024	283.352771	283.356732	283.341194	283.369442	0.00564162995	0.250384493	0	0	132.149	0	0	3
481	119	0	7.06885641	283.354599	283.356629	283.341194	283.369442	0.00533882315	0.250384493	0	0	132.165	0	0	3
482	120	0	7.08355257	283.345903	283.356387	283.341194	283.369442	0.00529879652	0.250384493	0	0	132.198	0	0	3
483	120	0	7.09824874	283.360806	283.356467	283.341194	283.369442	0.00516493457	0.250384493	0	0	132.202	0	0	3
484	120	0	7.11294491	283.350295	283.356341	283.341194	283.369442	0.00516493457	0.250384493	0	0	132.211	0	0	3
485	120	0	7.12764107	283.358409	283.356325	283.341194	283.369442	0.00516493457	0.250384493	0	0	132.182	0	0	3
486	121	0	7.14233724	283.351987	283.356115	283.341194	283.369442	0.00464255358	0.250384493	0	0	132.164	0	0	3
487	121	0	7.15703341	283.3616	283.356007	283.341194	283.369442	0.00412882318	0.250384493	0	0	132.112	0	0	3
488	121	0	7.17172958	283.349357	283.355635	283.341194	283.369442	0.00342226885	0.250384493	0	0	132.112	0	0	3
489	121	0	7.18642574	283.355729	283.355479	283.341194	283.369442	0.0033967619	0.250384493	0	0	132.083	0	0	3
490	122	0	7.20112191	283.351324	283.355304	283.341194	283.369442	0.00291712782	0.250384493	0	0	132.382	0	0	3
491	122	0	7.21581808	283.35714	283.355108	283.341194	283.369442	0.00249796862	0.250384493	0	0	132.493	0	0	3
492	123	0	7.23051424	283.348959	283.35458	283.341194	283.369442	0.00302600209	0.250384493	0	0	132.573	0	0	3
493	123	0	7.24521041	283.359389	283.354507	283.341194	283.369442	0.00309879913	0.250384493	0	0	132.485	0	0	3
494	123	0	7.25990658	283.349759	283.354597	283.341194	283.369442	0.00309879913	0.250384493	0	0	132.318	0	0	3
495	123	0	7.27460275	283.357171	283.354623	283.341194	283.369442	0.00309879913	0.250384493	0	0	132.126	0	0	3
496	124	0	7.28929891	283.349166	283.354201	283.341194	283.369442	0.00340488077	0.250384493	0	0	132.174	0	0	3
497	124	0	7.30399508	283.357428	283.354176	283.341194	283.369442	0.00342995434	0.250384493	0	0	132.208	0	0	3
498	124	0	7.31869125	283.352716	283.354143	283.341194	283.369442	0.00346305447	0.250384493	0	0	132.244	0	0	3
499	124	0	7.33338741	283.366544	283.354252	283.341194	283.369442	0.00346305447	0.250384493	0	0	132.256	0	0	3
500	125	0	7.34808358	283.352092	283.353756	283.341194	283.366544	0.00384978009	0.250384493	0	0	132.255	0	0	3
501	125	0	7.36277975	283.363497	283.354393	283.345903	283.366544	0.00384978009	0.250384493	0	0	132.233	0	0	3
502	126	0	7.37747592	283.364659	283.354829	283.345903	283.366544	0.00384978009	0.250384493	0	0	132.201	0	0	3
503	126	0	7.39217208	283.365522	283.355119	283.345903	283.366544	0.00384978009	0.250384493	0	0	132.162	0	0	3
504	126	0	7.40686825	283.367796	283.355449	283.345903	283.367796	0.00377581866	0.250384493	0	0	132.112	0	0	3
505	126	0	7.42156442	283.37269	283.356053	283.345903	283.37269	0.00377581866	0.250384493	0	0	132.066	0	0	3
506	127	0	7.43626058	283.362063	283.356088	283.345903	283.37269	0.00377581866	0.250384493	0	0	132.021	0	0	3
507	127	0	7.45095675	283.345116	283.355749	283.345116	283.37269	0.0037174238	0.250384493	0	0	131.985	0	0	3
508	127	0	7.46565292	283.352442	283.355747	283.345116	283.37269	0.00348506393	0.250384493	0	0	132.019	0	0	3
509	128	0	7.48034909	283.35813	283.356028	283.345116	283.37269	0.00330251769	0.250384493	0	0	132.053	0	0	3
510	128	0	7.49504525	283.360705	283.356314	283.345116	283.37269	0.00330251769	0.250384493	0	0	132.106	0	0	3
511	128	0	7.50974142	283.356982	283.356256	283.345116	283.37269	0.0030516029	0.250384493	0	0	132.135	0	0	3
512	128	0	7.52443759	283.341607	283.356024	283.341607	283.37269	0.00298684269	0.250384493	0	0	132.184	0	0	3
513	129	0	7.53913375	283.354079	283.35615	283.341607	283.37269	0.00298684269	0.250384493	0	0	132.208	0	0	3
514	129	0	7.55382992	283.357875	283.35618	283.341607	283.37269	0.00297583899	0.250384493	0	0	132.251	0	0	3
515	129	0	7.56852609	283.357914	283.356327	283.341607	283.37269	0.00287307012	0.250384493	0	0	132.263	0	0	3
516	129	0	7.58322226	283.355816	283.356362	283.341607	283.37269	0.00271104592	0.250384493	0	0	132.29	0	0	3
517	130	0	7.59791842	283.362511	283.356836	283.341607	283.37269	0.00308033568	0.250384493	0	0	132.277	0	0	3
518	130	0	7.61261459	283.356955	283.356726	283.341607	283.37269	0.00308033568	0.250384493	0	0	132.274	0	0	3
519	130	0	7.62731076	283.341369	283.356471	283.341369	283.37269	0.00308033568	0.250384493	0	0	132.237	0	0	3
520	130	0	7.64200692	283.345221	283.356095	283.341369	283.37269	0.00308033568	0.250384493	0	0	132.214	0	0	3
521	131	0	7.65670309	283.35456	283.356168	283.341369	283.37269	0.00308033568	0.250384493	0	0	132.16	0	0	3
522	131	0	7.67139926	283.353359	283.355933	283.341369	283.37269	0.00308033568	0.250384493	0	0	132.162	0	0	3
523	131	0	7.68609543	283.355458	283.356107	283.341369	283.37269	0.00308033568	0.250384493	0	0	132.121	0	0	3
524	131	0	7.70079159	283.344712	283.355792	283.341369	283.37269	0.00308033568	0.250384493	0	0	132.11	0	0	3
525	132	0	7.71548776	283.349345	283.355736	283.341369	283.37269	0.00308033568	0.250384493	0	0	132.078	0	0	3
526	132	0	7.73018393	283.345549	283.355404	283.341369	283.37269	0.00308033568	0.250384493	0	0	132.12	0	0	3
527	132	0	7.74488009	283.351806	283.355486	283.341369	283.37269	0.00308033568	0.250384493	0	0	132.158	0	0	3
528	132	0	7.75957626	283.355781	283.355383	283.341369	283.37269	0.00308033568	0.250384493	0	0	132.193	0	0	3
529	133	0	7.77427243	283.351142	283.355422	283.341369	283.37269	0.00308033568	0.250384493	0	0	132.207	0	0	3
530	133	0	7.7889686	283.354915	283.355358	283.341369	283.37269	0.00308033568	0.250384493	0	0	132.237	0	0	3
531	133	0	7.80366476	283.340043	283.355097	283.340043	283.37269	0.00308033568	0.250384493	0	0	132.239	0	0	3
532	133	0	7.81836093	283.34557	283.354758	283.340043	283.37269	0.00308033568	0.250384493	0	0	132.24	0	0	3
533	134	0	7.8330571	283.347193	283.354601	283.340043	283.37269	0.00308033568	0.250384493	0	0	132.219	0	0	3
534	134	0	7.84775327	283.358086	283.354359	283.340043	283.37269	0.00308033568	0.250384493	0	0	132.239	0	0	3
535	134	0	7.86244943	283.3475	283.354228	283.340043	283.37269	0.00260877287	0.250384493	0	0	132.224	0	0	3
536	134	0	7.8771456	283.342687	283.353633	283.340043	283.37269	0.00320333562	0.250384493	0	0	132.217	0	0	3
537	135	0	7.89184177	283.345921	283.353098	283.340043	283.37269	0.00373869589	0.250384493	0	0	132.207	0	0	3
538	135	0	7.90653793	283.359086	283.352914	283.340043	283.37269	0.00392258087	0.250384493	0	0	132.184	0	0	3
539	135	0	7.9212341	283.340793	283.352142	283.340043	283.37269	0.00469409155	0.250384493	0	0	132.155	0	0	3
540	135	0	7.93593027	283.34609	283.351382	283.340043	283.362511	0.00545409052	0.250384493	0	0	132.098	0	0	3
541	136	0	7.95062644	283.356602	283.351226	283.340043	283.362511	0.00561014453	0.250384493	0	0	132.142	0	0	3
542	136	0	7.9653226	283.355466	283.351522	283.340043	283.362511	0.00561014453	0.250384493	0	0	132.117	0	0	3
543	136	0	7.98001877	283.336794	283.351075	283.336794	283.362511	0.00576153218	0.250384493	0	0	132.128	0	0	3
544	137	0	7.99471494	283.349615	283.350832	283.336794	283.362511	0.00600481728	0.250384493	0	0	132.171	0	0	3
545	137	0	8.0094111	283.3582	283.35076	283.336794	283.362511	0.00607637531	0.250384493	0	0	132.187	0	0	3
546	137	0	8.02410727	283.360724	283.350867	283.336794	283.362511	0.00607637531	0.250384493	0	0	132.222	0	0	3
547	137	0	8.03880344	283.358028	283.351336	283.336794	283.362511	0.00607637531	0.250384493	0	0	132.229	0	0	3
548	138	0	8.05349961	283.36274	283.351584	283.336794	283.36274	0.00607637531	0.250384493	0	0	132.253	0	0	3
549	138	0	8.06819577	283.362663	283.35172	283.336794	283.36274	0.00607637531	0.250384493	0	0	132.245	0	0	3
550	138	0	8.08289194	283.34788	283.351434	283.336794	283.36274	0.00607637531	0.250384493	0	0	132.253	0	0	3
551	138	0	8.09758811	283.355634	283.351429	283.336794	283.36274	0.00607637531	0.250384493	0	0	132.225	0	0	3
552	138	0	8.11228427	283.368983	283.351613	283.336794	283.368983	0.00596635714	0.250384493	0	0	132.237	0	0	3
553	139	0	8.12698044	283.36347	283.3518	283.336794	283.368983	0.00571130734	0.250384493	0	0	132.223	0	0	3
554	139	0	8.14167661	283.355621	283.352207	283.336794	283.368983	0.0054080207	0.250384493	0	0	132.222	0	0	3
555	139	0	8.15637278	283.357795	283.352566	283.336794	283.368983	0.0054080207	0.250384493	0	0	132.175	0	0	3
556	140	0	8.17106894	283.364593	283.352853	283.336794	283.368983	0.00534689006	0.250384493	0	0	132.193	0	0	3
557	140	0	8.18576511	283.344444	283.352598	283.336794	283.368983	0.00534689006	0.250384493	0	0	132.143	0	0	3
558	140	0	8.20046128	283.350575	283.352458	283.336794	283.368983	0.00503210829	0.250384493	0	0	132.163	0	0	3
559	140	0	8.21515744	283.356328	283.35279	283.336794	283.368983	0.00497554306	0.250384493	0	0	132.188	0	0	3
560	141	0	8.22985361	283.360196	283.3531	283.336794	283.368983	0.00472573065	0.250384493	0	0	132.221	0	0	3
561	141	0	8.24454978	283.362236	283.353577	283.336794	283.368983	0.00472573065	0.250384493	0	0	132.232	0	0	3
562	141	0	8.25924595	283.369635	283.354087	283.336794	283.369635	0.00466215207	0.250384493	0	0	132.254	0	0	3
563	141	0	8.27394211	283.369263	283.354472	283.336794	283.369635	0.00466215207	0.250384493	0	0	132.259	0	0	3
564	141	0	8.28863828	283.354137	283.354557	283.336794	283.369635	0.00459770341	0.250384493	0	0	132.266	0	0	3
565	142	0	8.30333445	283.351451	283.354458	283.336794	283.369635	0.00433706191	0.250384493	0	0	132.253	0	0	3
566	142	0	8.31803061	283.357722	283.354963	283.336794	283.369635	0.00420332748	0.250384493	0	0	132.246	0	0	3
567	142	0	8.33272678	283.360814	283.355399	283.336794	283.369635	0.00463884792	0.250384493	0	0	132.218	0	0	3
568	142	0	8.34742295	283.352474	283.35555	283.336794	283.369635	0.00478975049	0.250384493	0	0	132.196	0	0	3
569	143	0	8.36211912	283.361553	283.355649	283.336794	283.369635	0.00488881205	0.250384493	0	0	132.154	0	0	3
570	143	0	8.37681528	283.346005	283.355606	283.336794	283.369635	0.00488881205	0.250384493	0	0	132.122	0	0	3
571	143	0	8.39151145	283.350942	283.355842	283.336794	283.369635	0.00508196029	0.250384493	0	0	132.076	0	0	3
572	144	0	8.40620762	283.339707	283.355664	283.336794	283.369635	0.00508196029	0.250384493	0	0	132.073	0	0	3
573	144	0	8.42090378	283.350294	283.355413	283.336794	283.369635	0.00508196029	0.250384493	0	0	132.092	0	0	3
574	144	0	8.43559995	283.347067	283.355593	283.336794	283.369635	0.00508196029	0.250384493	0	0	132.134	0	0	3
575	144	0	8.45029612	283.358581	283.355949	283.336794	283.369635	0.0051893439	0.250384493	0	0	132.154	0	0	3
576	145	0	8.46499229	283.338374	283.355429	283.336794	283.369635	0.0051893439	0.250384493	0	0	132.192	0	0	3
577	145	0	8.47968845	283.35026	283.35528	283.336794	283.369635	0.0051893439	0.250384493	0	0	132.205	0	0	3
578	145	0	8.49438462	283.352066	283.355716	283.338374	283.369635	0.0051893439	0.250384493	0	0	132.235	0	0	3
579	145	0	8.50908079	283.349933	283.355725	283.338374	283.369635	0.0051893439	0.250384493	0	0	132.238	0	0	3
580	146	0	8.52377695	283.346345	283.355387	283.338374	283.369635	0.00508241795	0.250384493	0	0	132.257	0	0	3
581	146	0	8.53847312	283.356901	283.355277	283.338374	283.369635	0.00461322363	0.250384493	0	0	132.245	0	0	3
582	146	0	8.55316929	283.346993	283.354962	283.338374	283.369635	0.0045208753	0.250384493	0	0	132.249	0	0	3
583	146	0	8.56786546	283.336369	283.354209	283.336369	283.369635	0.0045208753	0.250384493	0	0	132.222	0	0	3
584	147	0	8.58256162	283.349211	283.353824	283.336369	283.369635	0.0045208753	0.250384493	0	0	132.248	0	0	3
585	147	0	8.59725779	283.346024	283.353771	283.336369	283.369635	0.0045208753	0.250384493	0	0	132.21	0	0	3
586	147	0	8.61195396	283.340683	283.353344	283.336369	283.369635	0.0043359641	0.250384493	0	0	132.208	0	0	3
587	147	0	8.62665012	283.338822	283.352482	283.336369	283.369635	0.00414982716	0.250384493	0	0	132.173	0	0	3
588	148	0	8.64134629	283.353405	283.352195	283.336369	283.369635	0.00375460734	0.250384493	0	0	132.178	0	0	3
589	148	0	8.65604246	283.348177	283.351982	283.336369	283.369635	0.00396731677	0.250384493	0	0	132.155	0	0	3
590	148	0	8.67073863	283.340281	283.351482	283.336369	283.369635	0.00446772164	0.250384493	0	0	132.323	0	0	3
591	148	0	8.68543479	283.33691	283.350691	283.336369	283.369635	0.00525865456	0.250384493	0	0	132.314	0	0	3
592	149	0	8.70013096	283.350494	283.350864	283.336369	283.369635	0.00525865456	0.250384493	0	0	132.298	0	0	3
593	149	0	8.71482713	283.342745	283.35064	283.336369	283.369635	0.00530947868	0.250384493	0	0	132.405	0	0	3
594	149	0	8.72952329	283.344573	283.350304	283.336369	283.369635	0.00564532354	0.250384493	0	0	132.367	0	0	3
595	149	0	8.74421946	283.339643	283.349717	283.336369	283.369635	0.00623253545	0.250384493	0	0	132.504	0	0	3
596	149	0	8.75891563	283.349068	283.349341	283.336369	283.369635	0.00660876353	0.250384493	0	0	132.477	0	0	3
597	150	0	8.7736118	283.343668	283.348599	283.336369	283.369263	0.00735067529	0.250384493	0	0	132.567	0	0	3
598	150	0	8.78830796	283.352383	283.348116	283.336369	283.361553	0.00783296522	0.250384493	0	0	132.527	0	0	3
599	150	0	8.80300413	283.338666	283.347674	283.336369	283.361553	0.00827498168	0.250384493	0	0	132.64	0	0	3
600	150	0	8.8177003	283.345396	283.347501	283.336369	283.361553	0.00844796585	0.250384493	0	0	132.582	0	0	3
601	151	0	8.83239647	283.337506	283.346924	283.336369	283.361553	0.00902556986	0.250384493	0	0	132.659	0	0	3
602	151	0	8.84709263	283.345783	283.346494	283.336369	283.361553	0.00945501083	0.250384493	0	0	132.623	0	0	3
603	151	0	8.8617888	283.344453	283.346265	283.336369	283.361553	0.00968418123	0.250384493	0	0	132.627	0	0	3
604	151	0	8.87648497	283.343274	283.345743	283.336369	283.358581	0.0102064436	0.250384493	0	0	132.524	0	0	3
605	151	0	8.89118113	283.339665	283.345562	283.336369	283.358581	0.0103875941	0.250384493	0	0	132.482	0	0	3
606	152	0	8.9058773	283.337777	283.345186	283.336369	283.358581	0.0107637511	0.250384493	0	0	132.371	0	0	3
607	152	0	8.92057347	283.339488	283.345179	283.336369	283.358581	0.0107700018	0.250384493	0	0	132.273	0	0	3
608	152	0	8.93526964	283.348696	283.345134	283.336369	283.358581	0.0108156513	0.250384493	0	0	132.2	0	0	3
609	152	0	8.9499658	283.352467	283.345288	283.336369	283.358581	0.0108156513	0.250384493	0	0	132.153	0	0	3
610	153	0	8.96466197	283.356881	283.345239	283.336369	283.356901	0.0105915533	0.250384493	0	0	132.181	0	0	3
611	153	0	8.97935814	283.351157	283.345605	283.336369	283.356901	0.0105915533	0.250384493	0	0	132.183	0	0	3
612	153	0	8.9940543	283.353436	283.345695	283.336369	283.356901	0.0105915533	0.250384493	0	0	132.209	0	0	3
613	153	0	9.00875047	283.36105	283.345952	283.336369	283.36105	0.0105915533	0.250384493	0	0	132.204	0	0	3
614	153	0	9.02344664	283.369001	283.346497	283.336369	283.369001	0.0102528464	0.250384493	0	0	132.232	0	0	3
615	154	0	9.03814281	283.374132	283.347291	283.336369	283.374132	0.0101436058	0.250384493	0	0	132.235	0	0	3
616	154	0	9.05283897	283.369852	283.347661	283.336369	283.374132	0.00982831584	0.250384493	0	0	132.258	0	0	3
617	154	0	9.06753514	283.357546	283.347962	283.336369	283.374132	0.00907486694	0.250384493	0	0	132.246	0	0	3
618	154	0	9.08223131	283.361206	283.348672	283.33691	283.374132	0.00869052903	0.250384493	0	0	132.261	0	0	3
619	155	0	9.09692747	283.364629	283.349113	283.33691	283.374132	0.00863749908	0.250384493	0	0	132.205	0	0	3
620	155	0	9.11162364	283.364982	283.349654	283.33691	283.374132	0.0082103331	0.250384493	0	0	132.228	0	0	3
621	155	0	9.12631981	283.370319	283.350501	283.33691	283.374132	0.00734859677	0.250384493	0	0	132.188	0	0	3
622	155	0	9.14101598	283.365113	283.351252	283.33691	283.374132	0.00706104396	0.250384493	0	0	132.211	0	0	3
623	155	0	9.15571214	283.356923	283.351353	283.33691	283.374132	0.00684833453	0.250384493	0	0	132.165	0	0	3
624	156	0	9.17040831	283.348574	283.351364	283.33691	283.374132	0.00634792966	0.250384493	0	0	132.184	0	0	3
625	156	0	9.18510448	283.357182	283.351847	283.33691	283.374132	0.00671308578	0.250384493	0	0	132.186	0	0	3
626	156	0	9.19980064	283.343072	283.352023	283.337506	283.374132	0.00688913526	0.250384493	0	0	132.181	0	0	3
627	156	0	9.21449681	283.348122	283.351955	283.337506	283.374132	0.00688913526	0.250384493	0	0	132.176	0	0	3
628	157	0	9.22919298	283.36041	283.35246	283.337506	283.374132	0.00732606823	0.250384493	0	0	132.18	0	0	3
629	157	0	9.24388915	283.355692	283.352777	283.337506	283.374132	0.00764373901	0.250384493	0	0	132.186	0	0	3
630	157	0	9.25858531	283.354894	283.353213	283.337506	283.374132	0.00807948093	0.250384493	0	0	132.196	0	0	3
631	157	0	9.27328148	283.344834	283.353092	283.337506	283.374132	0.00807948093	0.250384493	0	0	132.171	0	0	3
632	158	0	9.28797765	283.355093	283.353419	283.337506	283.374132	0.00828493459	0.250384493	0	0	132.168	0	0	3
633	158	0	9.30267381	283.362252	283.353701	283.337506	283.374132	0.00856690593	0.250384493	0	0	132.168	0	0	3
634	158	0	9.31736998	283.349282	283.354004	283.337506	283.374132	0.00887021713	0.250384493	0	0	132.154	0	0	3
635	158	0	9.33206615	283.338153	283.353797	283.337506	283.374132	0.00887021713	0.250384493	0	0	132.141	0	0	3
636	158	0	9.34676232	283.344027	283.353983	283.337777	283.374132	0.00887021713	0.250384493	0	0	132.166	0	0	3
637	159	0	9.36145848	283.348592	283.354064	283.337777	283.374132	0.0089298556	0.250384493	0	0	132.153	0	0	3
638	159	0	9.37615465	283.347899	283.354162	283.337777	283.374132	0.00902830774	0.250384493	0	0	132.195	0	0	3
639	159	0	9.39085082	283.340968	283.354096	283.337777	283.374132	0.00902830774	0.250384493	0	0	132.186	0	0	3
640	159	0	9.40554698	283.331912	283.353875	283.331912	283.374132	0.00902830774	0.250384493	0	0	132.226	0	0	3
641	160	0	9.42024315	283.33217	283.353714	283.331912	283.374132	0.00902830774	0.250384493	0	0	132.22	0	0	3
642	160	0	9.43493932	283.341035	283.353759	283.331912	283.374132	0.00902830774	0.250384493	0	0	132.251	0	0	3
643	160	0	9.44963549	283.340718	283.353531	283.331912	283.374132	0.00892259403	0.250384493	0	0	132.25	0	0	3
644	160	0	9.46433165	283.328234	283.352838	283.328234	283.374132	0.00892259403	0.250384493	0	0	132.275	0	0	3
645	161	0	9.47902782	283.325132	283.351931	283.325132	283.374132	0.00855734517	0.250384493	0	0	132.271	0	0	3
646	161	0	9.49372399	283.327444	283.351254	283.325132	283.374132	0.00846662081	0.250384493	0	0	132.271	0	0	3
647	161	0	9.50842015	283.323337	283.350394	283.323337	283.374132	0.0082099291	0.250384493	0	0	132.268	0	0	3
648	161	0	9.52311632	283.323752	283.349328	283.323337	283.374132	0.0076651447	0.250384493	0	0	132.309	0	0	3
649	162	0	9.53781249	283.311031	283.347672	283.311031	283.374132	0.00687122923	0.250384493	0	0	132.29	0	0	3
650	162	0	9.55250866	283.320375	283.346136	283.311031	283.370319	0.00802614428	0.250384493	0	0	132.398	0	0	3
651	162	0	9.56720482	283.313003	283.344512	283.311031	283.370319	0.00965038897	0.250384493	0	0	132.37	0	0	3
652	162	0	9.58190099	283.318009	283.343382	283.311031	283.370319	0.0107800291	0.250384493	0	0	132.489	0	0	3
653	163	0	9.59659716	283.309662	283.341909	283.309662	283.370319	0.0122527162	0.250384493	0	0	132.602	0	0	3
654	163	0	9.61129332	283.32263	283.340709	283.309662	283.370319	0.0134526992	0.250384493	0	0	132.724	0	0	3
655	163	0	9.62598949	283.305971	283.339023	283.305971	283.370319	0.015138711	0.250384493	0	0	132.694	0	0	3
656	163	0	9.64068566	283.315686	283.337462	283.305971	283.365113	0.0166996496	0.250384493	0	0	132.569	0	0	3
657	164	0	9.65538183	283.316227	283.336066	283.305971	283.362252	0.0180963969	0.250384493	0	0	132.44	0	0	3
658	164	0	9.67007799	283.3171	283.334928	283.305971	283.362252	0.0192342201	0.250384493	0	0	132.45	0	0	3
659	164	0	9.68477416	283.322546	283.334184	283.305971	283.362252	0.0199778596	0.250384493	0	0	132.365	0	0	3
660	164	0	9.69947033	283.332851	283.333489	283.305971	283.362252	0.0206730167	0.250384493	0	0	132.305	0	0	3
661	165	0	9.71416649	283.324726	283.332965	283.305971	283.362252	0.0211971877	0.250384493	0	0	132.255	0	0	3
662	165	0	9.72886266	283.32062	283.332179	283.305971	283.362252	0.0219829816	0.250384493	0	0	132.266	0	0	3
663	165	0	9.74355883	283.321873	283.331078	283.305971	283.362252	0.0230840255	0.250384493	0	0	132.226	0	0	3
664	165	0	9.758255	283.331637	283.330391	283.305971	283.362252	0.023771315	0.250384493	0	0	132.247	0	0	3
665	165	0	9.77295116	283.337057	283.329881	283.305971	283.362252	0.0242809369	0.250384493	0	0	132.238	0	0	3
666	166	0	9.78764733	283.340972	283.329771	283.305971	283.362252	0.0243912922	0.250384493	0	0	132.263	0	0	3
667	166	0	9.8023435	283.337108	283.329257	283.305971	283.362252	0.0249051289	0.250384493	0	0	132.227	0	0	3
668	166	0	9.81703966	283.345639	283.328782	283.305971	283.349282	0.0253797817	0.250384493	0	0	132.26	0	0	3
669	166	0	9.83173583	283.34878	283.328768	283.305971	283.34878	0.0253941209	0.250384493	0	0	132.223	0	0	3
670	166	0	9.846432	283.348085	283.329052	283.305971	283.34878	0.0253941209	0.250384493	0	0	132.26	0	0	3
671	167	0	9.86112817	283.348712	283.329186	283.305971	283.34878	0.0253941209	0.250384493	0	0	132.223	0	0	3
672	167	0	9.87582433	283.359285	283.329491	283.305971	283.359285	0.0253941209	0.250384493	0	0	132.262	0	0	3
673	167	0	9.8905205	283.354996	283.329694	283.305971	283.359285	0.0253282556	0.250384493	0	0	132.226	0	0	3
674	167	0	9.90521667	283.351445	283.329993	283.305971	283.359285	0.0251067533	0.250384493	0	0	132.265	0	0	3
675	168	0	9.91991284	283.352098	283.33057	283.305971	283.359285	0.0249907543	0.250384493	0	0	132.225	0	0	3
676	168	0	9.934609	283.363632	283.331469	283.305971	283.363632	0.0249907543	0.250384493	0	0	132.259	0	0	3
677	168	0	9.94930517	283.364982	283.332153	283.305971	283.364982	0.0247628139	0.250384493	0	0	132.219	0	0	3
678	168	0	9.96400134	283.363268	283.332797	283.305971	283.364982	0.0240704424	0.250384493	0	0	132.235	0	0	3
679	168	0	9.9786975	283.358924	283.333674	283.305971	283.364982	0.0231633352	0.250384493	0	0	132.204	0	0	3
680	169	0	9.99339367	283.374195	283.335076	283.305971	283.374195	0.0224858253	0.250384493	0	0	132.219	0	0	3
681	169	0	10.0080898	283.369694	283.336283	283.305971	283.374195	0.0216258527	0.250384493	0	0	132.188	0	0	3
