Iteration	CPUTime	PhysTime	Travels	Value	AvValue	MinValue	MaxValue	Delta	Criteria	Progress	dGMaxMin	CriteriaType	CriteriaVarType	CriteriaPercentage
1	5	0	0.0146961672	111457.5	111457.5	111457.5	111457.5	0	0	0	0	666369	0	0	3
2	5	0	0.0293923343	121479.463	116468.481	111457.5	121479.463	5010.9814	0	0	0	671942	0	0	3
3	6	0	0.0440885015	132115.664	121684.209	111457.5	132115.664	10226.7088	0	0	0	677235	0	0	3
4	6	0	0.0587846687	143961.073	127253.425	111457.5	143961.073	15795.9249	0	0	0	682263	0	0	3
5	6	0	0.0734808358	158320.715	133466.883	111457.5	158320.715	22009.3829	0	0	0	672709	0	0	3
6	7	0	0.088177003	174152.786	140247.867	111457.5	174152.786	28790.3668	0	0	0	662197	0	0	3
7	7	0	0.10287317	191568.065	147579.324	111457.5	191568.065	36121.8237	0	0	0	650634	0	0	3
8	7	0	0.117569337	197214.012	153783.66	111457.5	197214.012	42326.1597	0	0	0	637915	0	0	3
9	7	0	0.132265504	198973.929	158804.801	111457.5	198973.929	47347.3007	0	0	0	623925	0	0	3
10	7	0	0.146961672	201259.27	163050.248	111457.5	201259.27	51592.7476	0	0	0	608534	0	0	3
11	8	0	0.161657839	203056.954	166687.221	111457.5	203056.954	55229.7209	0	0	0	591605	0	0	3
12	8	0	0.176354006	204249.165	169817.383	111457.5	204249.165	58359.8829	0	0	0	582225	0	0	3
13	8	0	0.191050173	204081.413	172453.078	111457.5	204249.165	60995.5775	0	0	0	581347	0	0	3
14	8	0	0.20574634	204306.116	174728.295	111457.5	204306.116	63270.7946	0	0	0	581725	0	0	3
15	8	0	0.220442507	204810.713	176733.789	111457.5	204810.713	65276.2891	0	0	0	582310	0	0	3
16	8	0	0.235138675	204924.523	178495.71	111457.5	204924.523	67038.21	0	0	0	583404	0	0	3
17	9	0	0.249834842	205228.359	180068.219	111457.5	205228.359	68610.7187	0	0	0	583938	0	0	3
18	9	0	0.264531009	205687.067	181491.488	111457.5	205687.067	70033.9881	0	0	0	584857	0	0	3
19	9	0	0.279227176	206350.243	182799.844	111457.5	206350.243	71342.3436	0	0	0	585265	0	0	3
20	9	0	0.293923343	207044.258	184012.064	111457.5	207044.258	72554.5643	0	0	0	585596	0	0	3
21	9	0	0.30861951	207498.131	185130.448	111457.5	207498.131	73672.9484	0	0	0	585797	0	0	3
22	10	0	0.323315678	207774.758	186159.735	111457.5	207774.758	74702.2352	0	0	0	586060	0	0	3
23	10	0	0.338011845	207813.047	187101.184	111457.5	207813.047	75643.6836	0	0	0	586317	0	0	3
24	10	0	0.352708012	207873.606	187966.701	111457.5	207873.606	76509.2012	0	0	0	586466	0	0	3
25	10	0	0.367404179	207892.264	188763.724	111457.5	207892.264	77306.2237	0	0	0	586297	0	0	3
26	10	0	0.382100346	207879.258	189498.937	111457.5	207892.264	78041.4366	0	0	0	586038	0	0	3
27	10	0	0.396796513	207887.933	190180.01	111457.5	207892.264	78722.5105	0	0	0	586074	0	0	3
28	11	0	0.411492681	207806.514	190809.528	111457.5	207892.264	79352.0285	0	0	0	586346	0	0	3
29	11	0	0.426188848	207668.204	191390.862	111457.5	207892.264	79933.3621	0	0	0	587367	0	0	3
30	11	0	0.440885015	207504.558	191927.985	111457.5	207892.264	80470.4853	0	0	0	589135	0	0	3
31	11	0	0.455581182	207327.978	192424.759	111457.5	207892.264	80967.2593	0	0	0	590660	0	0	3
32	11	0	0.470277349	207214.637	192886.943	111457.5	207892.264	81429.443	0	0	0	591941	0	0	3
33	11	0	0.484973516	207140.528	193318.87	111457.5	207892.264	81861.3698	0	0	0	593082	0	0	3
34	12	0	0.499669684	207080.628	193723.627	111457.5	207892.264	82266.1274	0	0	0	594103	0	0	3
35	12	0	0.514365851	207020.71	194103.544	111457.5	207892.264	82646.044	0	0	0	595018	0	0	3
36	12	0	0.529062018	206948.503	196831.858	121479.463	207892.264	80363.377	0	0	0	595777	0	0	3
37	12	0	0.543758185	206891.927	199272.214	132115.664	207892.264	75776.6001	0	0	0	596336	0	0	3
38	12	0	0.558454352	206791.061	201405.797	143961.073	207892.264	63931.1907	0	0	0	596753	0	0	3
39	12	0	0.573150519	206698.515	203198.296	158320.715	207892.264	49571.549	0	0	0	597025	0	0	3
40	13	0	0.587846687	206631.725	204578.61	174152.786	207892.264	33739.4775	0	0	0	597161	0	0	3
41	13	0	0.602542854	206556.093	205504.419	191568.065	207892.264	16324.1989	0	0	0	597301	0	0	3
42	13	0	0.617239021	206494.017	205930.875	197214.012	207892.264	10678.2517	0	0	0	597383	0	0	3
43	13	0	0.631935188	206436.651	206194.379	198973.929	207892.264	8918.33526	0	0	0	597468	0	0	3
44	13	0	0.646631355	206373.098	206405.783	201259.27	207892.264	6632.9941	0	0	0	597606	0	0	3
45	13	0	0.661327522	206314.592	206550.221	203056.954	207892.264	4835.30973	0	0	0	597855	0	0	3
46	14	0	0.67602369	206249.075	206641.425	204081.413	207892.264	3810.85095	0	0	0	597973	0	0	3
47	14	0	0.690719857	206198.525	206697.121	204081.413	207892.264	3810.85095	0	0	0	598334	0	0	3
48	14	0	0.705416024	206163.83	206756.618	204306.116	207892.264	3586.14785	0	0	0	598274	0	0	3
49	14	0	0.720112191	206126.276	206808.623	204810.713	207892.264	3081.55079	0	0	0	598527	0	0	3
50	14	0	0.734808358	206084.698	206845.022	204924.523	207892.264	2967.741	0	0	0	598531	0	0	3
51	14	0	0.749504525	206030.278	206876.615	205228.359	207892.264	2663.90516	0	0	0	598479	0	0	3
52	15	0	0.764200692	205978.415	206898.046	205687.067	207892.264	2205.19725	0	0	0	598573	0	0	3
53	15	0	0.77889686	205928.532	206904.945	205928.532	207892.264	1963.7321	0	0	0	598695	0	0	3
54	15	0	0.793593027	205879.231	206891.487	205879.231	207892.264	2013.03296	0	0	0	598804	0	0	3
55	15	0	0.808289194	205826.102	206856.683	205826.102	207892.264	2066.16167	0	0	0	598869	0	0	3
56	15	0	0.822985361	205769.168	206807.284	205769.168	207892.264	2123.09617	0	0	0	598903	0	0	3
57	15	0	0.837681528	205710.23	206748.297	205710.23	207892.264	2182.03411	0	0	0	598912	0	0	3
58	16	0	0.852377695	205647.254	206686.417	205647.254	207892.264	2245.00997	0	0	0	598906	0	0	3
59	16	0	0.867073863	205593.75	206621.279	205593.75	207892.264	2298.51337	0	0	0	598899	0	0	3
60	16	0	0.88177003	205540.829	206554.095	205540.829	207887.933	2347.10341	0	0	0	598906	0	0	3
61	16	0	0.896466197	205489.762	206485.824	205489.762	207887.933	2398.17067	0	0	0	599009	0	0	3
62	16	0	0.911162364	205441.937	206415.938	205441.937	207806.514	2364.57707	0	0	0	599203	0	0	3
63	16	0	0.925858531	205387.077	206346.811	205387.077	207668.204	2281.1268	0	0	0	599476	0	0	3
64	17	0	0.940554698	205330.521	206280.02	205330.521	207504.558	2174.03732	0	0	0	599707	0	0	3
65	17	0	0.955250866	205277.258	206216.383	205277.258	207327.978	2050.72009	0	0	0	599871	0	0	3
66	17	0	0.969947033	205228.611	206156.401	205228.611	207214.637	1986.02629	0	0	0	600040	0	0	3
67	17	0	0.9846432	205191.465	206098.596	205191.465	207140.528	1949.06344	0	0	0	600355	0	0	3
68	17	0	0.999339367	205157.164	206041.929	205157.164	207080.628	1923.46413	0	0	0	600608	0	0	3
69	17	0	1.01403553	205125.781	205986.076	205125.781	207020.71	1894.92894	2273.298	0	0	600319	0	0	3
70	18	0	1.0287317	205090.385	205930.924	205090.385	206948.503	1858.11798	2273.298	0	0	600374	0	0	3
71	18	0	1.04342787	205049.167	205876.657	205049.167	206891.927	1842.7598	2273.298	0	0	600059	0	0	3
72	18	0	1.05812404	205001.239	205822.637	205001.239	206791.061	1789.82134	2273.298	0	0	599875	0	0	3
73	18	0	1.0728202	204949.871	205770.032	204949.871	206698.515	1748.64399	2273.298	0	0	599820	0	0	3
74	19	0	1.08751637	204896.332	205718.541	204896.332	206631.725	1735.39238	2273.298	0	0	599756	0	0	3
75	19	0	1.10221254	204849.354	205667.616	204849.354	206556.093	1400.52576	2273.298	0	0	599841	0	0	3
76	19	0	1.1169087	204797.297	205617.365	204797.297	206494.017	1287.5798	2273.298	0	0	599982	0	0	3
77	19	0	1.13160487	204751.335	205567.574	204751.335	206436.651	1337.37072	2273.298	0	0	600223	0	0	3
78	19	0	1.14630104	204710.741	205518.262	204710.741	206373.098	1386.68242	2273.298	0	0	600435	0	0	3
79	20	0	1.16099721	204669.983	205469.602	204669.983	206314.592	1435.34284	2273.298	0	0	600817	0	0	3
80	20	0	1.17569337	204627.807	205421.408	204627.807	206249.075	1483.53669	2273.298	0	0	602456	0	0	3
81	20	0	1.19038954	204587.152	205373.924	204587.152	206198.525	1531.02021	2273.298	0	0	604033	0	0	3
82	20	0	1.20508571	204547.827	205326.762	204547.827	206163.83	1578.18301	2273.298	0	0	605533	0	0	3
83	20	0	1.21978187	204510.007	205279.51	204510.007	206126.276	1616.26896	2273.298	0	0	606950	0	0	3
84	21	0	1.23447804	204472.211	205232.251	204472.211	206084.698	1612.48674	2273.298	0	0	608304	0	0	3
85	21	0	1.24917421	204426.987	205184.887	204426.987	206030.278	1603.29104	2273.298	0	0	609909	0	0	3
86	21	0	1.26387038	204386.591	205137.925	204386.591	205978.415	1591.82471	2273.298	0	0	611448	0	0	3
87	21	0	1.27856654	204353.681	205091.504	204353.681	205928.532	1574.85075	2273.298	0	0	612929	0	0	3
88	22	0	1.29326271	204323.191	205045.637	204323.191	205879.231	1556.03952	2273.298	0	0	614213	0	0	3
89	22	0	1.30795888	204288.514	205000.188	204288.514	205826.102	1537.58789	2273.298	0	0	615491	0	0	3
90	22	0	1.32265504	204250.523	204955.171	204250.523	205769.168	1518.64473	2273.298	0	0	616712	0	0	3
91	22	0	1.33735121	204211.315	204910.661	204211.315	205710.23	1498.91464	2273.298	0	0	617875	0	0	3
92	22	0	1.35204738	204172.752	204866.733	204172.752	205647.254	1474.50162	2273.298	0	0	618977	0	0	3
93	23	0	1.36674355	204135.294	204823.535	204135.294	205593.75	1458.45635	2273.298	0	0	620009	0	0	3
94	23	0	1.38143971	204099.137	204780.831	204099.137	205540.829	1441.69222	2273.298	0	0	620983	0	0	3
95	23	0	1.39613588	204063.636	204738.626	204063.636	205489.762	1426.12653	2273.298	0	0	622048	0	0	3
96	23	0	1.41083205	204028.925	204696.888	204028.925	205441.937	1413.01141	2273.298	0	0	623070	0	0	3
97	24	0	1.42552821	203993.533	204655.505	203993.533	205387.077	1393.54483	2273.298	0	0	624047	0	0	3
98	24	0	1.44022438	203959.188	204614.708	203959.188	205330.521	1371.33252	2273.298	0	0	624966	0	0	3
99	24	0	1.45492055	203923.975	204574.521	203923.975	205277.258	1353.28272	2273.298	0	0	625847	0	0	3
100	24	0	1.46961672	203888.439	204534.84	203888.439	205228.611	1340.17183	2273.298	0	0	626701	0	0	3
101	24	0	1.48431288	203852.185	204495.514	203852.185	205191.465	1339.28018	2273.298	0	0	627532	0	0	3
102	25	0	1.49900905	203816.098	204456.218	203816.098	205157.164	1341.06581	2273.298	0	0	628534	0	0	3
103	25	0	1.51370522	203780.626	204416.888	203780.626	205125.781	1345.15474	2273.298	0	0	629514	0	0	3
104	25	0	1.52840138	203746.755	204377.487	203746.755	205090.385	1343.63031	2273.298	0	0	630462	0	0	3
105	25	0	1.54309755	203713.667	204338.152	203713.667	205049.167	1335.50035	2273.298	0	0	631371	0	0	3
106	26	0	1.55779372	203682.323	204299.1	203682.323	205001.239	1318.91633	2273.298	0	0	632251	0	0	3
107	26	0	1.57248989	203653.425	204260.591	203653.425	204949.871	1296.44581	2273.298	0	0	633086	0	0	3
108	26	0	1.58718605	203626.146	204222.77	203626.146	204896.332	1270.18645	2273.298	0	0	633899	0	0	3
109	26	0	1.60188222	203601.384	204185.772	203601.384	204849.354	1247.97001	2273.298	0	0	634688	0	0	3
110	26	0	1.61657839	203574.644	204149.351	203574.644	204797.297	1222.65278	2273.298	0	0	635438	0	0	3
111	27	0	1.63127456	203545.865	204113.596	203545.865	204751.335	1205.46952	2273.298	0	0	636154	0	0	3
112	27	0	1.64597072	203515.595	204078.289	203515.595	204710.741	1195.14634	2273.298	0	0	636840	0	0	3
113	27	0	1.66066689	203485.032	204043.269	203485.032	204669.983	1184.95086	2273.298	0	0	637494	0	0	3
114	27	0	1.67536306	203455.04	204008.556	203455.04	204627.807	1172.76748	2273.298	0	0	638122	0	0	3
115	28	0	1.69005922	203427.006	203974.248	203427.006	204587.152	1160.14623	2273.298	0	0	638710	0	0	3
116	28	0	1.70475539	203400.997	203940.358	203400.997	204547.827	1146.82969	2273.298	0	0	639279	0	0	3
117	28	0	1.71945156	203376.776	203906.899	203376.776	204510.007	1133.2309	2273.298	0	0	639830	0	0	3
118	28	0	1.73414773	203352.564	203873.829	203352.564	204472.211	1119.64711	2273.298	0	0	640405	0	0	3
119	28	0	1.74884389	203329.567	203841.182	203329.567	204426.987	1097.41969	2273.298	0	0	641112	0	0	3
120	29	0	1.76354006	203307.529	203809.198	203307.529	204386.591	1079.06198	2273.298	0	0	641806	0	0	3
121	29	0	1.77823623	203287.264	203777.788	203287.264	204353.681	1066.41725	2273.298	0	0	642483	0	0	3
122	29	0	1.79293239	203268.512	203746.783	203268.512	204323.191	1054.67905	2273.298	0	0	643146	0	0	3
123	29	0	1.80762856	203250.454	203716.134	203250.454	204288.514	1038.0607	2273.298	0	0	643770	0	0	3
124	30	0	1.82232473	203232.65	203685.966	203232.65	204250.523	1017.87323	2273.298	0	0	644379	0	0	3
125	30	0	1.8370209	203216.141	203656.413	203216.141	204211.315	995.174431	2273.298	0	0	645041	0	0	3
126	30	0	1.85171706	203201.103	203627.549	203201.103	204172.752	971.648958	2273.298	0	0	645704	0	0	3
127	30	0	1.86641323	203188.068	203599.415	203188.068	204135.294	947.226365	2273.298	0	0	646339	0	0	3
128	30	0	1.8811094	203175.446	203571.991	203175.446	204099.137	923.691465	2273.298	0	0	646949	0	0	3
129	31	0	1.89580556	203161.454	203545.2	203161.454	204063.636	902.181347	2273.298	0	0	647528	0	0	3
130	31	0	1.91050173	203149.502	203519.082	203149.502	204028.925	879.423356	2273.298	0	0	648069	0	0	3
131	31	0	1.9251979	203140.947	203493.711	203140.947	203993.533	852.585085	2273.298	0	0	648579	0	0	3
132	31	0	1.93989407	203130.85	203469.063	203130.85	203959.188	828.338502	2273.298	0	0	649067	0	0	3
133	32	0	1.95459023	203126.258	203445.265	203126.258	203923.975	797.716846	2273.298	0	0	649510	0	0	3
134	32	0	1.9692864	203116.076	203422.182	203116.076	203888.439	772.362862	2273.298	0	0	649917	0	0	3
135	32	0	1.98398257	203107.533	203399.871	203107.533	203852.185	744.651598	2273.298	0	0	650289	0	0	3
136	32	0	1.99867873	203092.425	203378.163	203092.425	203816.098	723.672342	2273.298	0	0	650632	0	0	3
137	32	0	2.0133749	203081.072	203357.163	203081.072	203780.626	699.553773	2273.298	0	0	650942	0	0	3
138	33	0	2.02807107	203073.511	203336.959	203073.511	203746.755	673.243772	2273.298	0	0	651239	0	0	3
139	33	0	2.04276724	203069.062	203317.597	203069.062	203713.667	644.605057	2273.298	0	0	651722	0	0	3
140	33	0	2.0574634	203061.319	203298.958	203061.319	203682.323	621.004391	2273.298	0	0	652304	0	0	3
141	33	0	2.07215957	203050.197	203280.898	203050.197	203653.425	603.228049	2273.298	0	0	652856	0	0	3
142	34	0	2.08685574	203036.313	203263.266	203036.313	203626.146	589.833116	2273.298	0	0	653375	0	0	3
143	34	0	2.1015519	203019.758	203245.94	203019.758	203601.384	581.626675	2273.298	0	0	653861	0	0	3
144	34	0	2.11624807	203001.927	203228.813	203001.927	203574.644	572.717195	2273.298	0	0	654305	0	0	3
145	34	0	2.13094424	202985.471	203211.979	202985.471	203545.865	560.394602	2273.298	0	0	654716	0	0	3
146	34	0	2.14564041	202969.884	203195.523	202969.884	203515.595	545.710912	2273.298	0	0	655100	0	0	3
147	35	0	2.16033657	202953.737	203179.47	202953.737	203485.032	531.294891	2273.298	0	0	655440	0	0	3
148	35	0	2.17503274	202941.918	203163.952	202941.918	203455.04	513.121628	2273.298	0	0	655744	0	0	3
149	35	0	2.18972891	202925.516	203148.823	202925.516	203427.006	501.489747	2273.298	0	0	656013	0	0	3
150	35	0	2.20442507	202915.356	203134.204	202915.356	203400.997	485.640405	2273.298	0	0	656244	0	0	3
151	36	0	2.21912124	202904.385	203120.016	202904.385	203376.776	472.391133	2273.298	0	0	656442	0	0	3
152	36	0	2.23381741	202902.943	203106.477	202902.943	203352.564	449.62072	2273.298	0	0	656617	0	0	3
153	36	0	2.24851358	202900.919	203093.573	202900.919	203329.567	428.648413	2273.298	0	0	656781	0	0	3
154	36	0	2.26320974	202901.011	203081.329	202900.919	203307.529	406.609921	2273.298	0	0	656905	0	0	3
155	36	0	2.27790591	202896.83	203069.595	202896.83	203287.264	390.433879	2273.298	0	0	657421	0	0	3
156	37	0	2.29260208	202898.043	203058.474	202896.83	203268.512	371.682452	2273.298	0	0	657922	0	0	3
157	37	0	2.30729824	202885.201	203047.522	202885.201	203250.454	365.252805	2273.298	0	0	658368	0	0	3
158	37	0	2.32199441	202868.936	203036.622	202868.936	203232.65	363.713532	2273.298	0	0	658776	0	0	3
159	37	0	2.33669058	202852.66	203025.765	202852.66	203216.141	363.480369	2273.298	0	0	659142	0	0	3
160	37	0	2.35138675	202840.368	203015.029	202840.368	203201.103	360.735605	2273.298	0	0	659485	0	0	3
161	38	0	2.36608291	202826.11	203004.314	202826.11	203188.068	361.95749	2273.298	0	0	659781	0	0	3
162	38	0	2.38077908	202816.569	202993.7	202816.569	203175.446	358.877075	2273.298	0	0	660024	0	0	3
163	38	0	2.39547525	202811.639	202983.306	202811.639	203161.454	349.815533	2273.298	0	0	660231	0	0	3
164	38	0	2.41017141	202806.729	202973.171	202806.729	203149.502	342.773168	2273.298	0	0	660389	0	0	3
165	39	0	2.42486758	202801.079	202963.216	202801.079	203140.947	339.868511	2273.298	0	0	660584	0	0	3
166	39	0	2.43956375	202798.687	202953.437	202798.687	203130.85	332.163155	2273.298	0	0	660828	0	0	3
167	39	0	2.45425992	202795.349	202943.851	202795.349	203126.258	330.909005	2273.298	0	0	661011	0	0	3
168	39	0	2.46895608	202793.824	202934.353	202793.824	203116.076	322.252076	2273.298	0	0	661209	0	0	3
169	39	0	2.48365225	202793.052	202925.124	202793.052	203107.533	314.48124	2273.298	0	0	661252	0	0	3
170	40	0	2.49834842	202789.07	202916.025	202789.07	203092.425	303.355638	2273.298	0	0	661338	0	0	3
171	40	0	2.51304458	202789.367	202907.366	202789.07	203081.072	292.002258	2273.298	0	0	661384	0	0	3
172	40	0	2.52774075	202783.315	202898.859	202783.315	203073.511	290.195992	2273.298	0	0	661672	0	0	3
173	40	0	2.54243692	202782.929	202890.556	202782.929	203069.062	286.133181	2273.298	0	0	662200	0	0	3
174	40	0	2.55713309	202777.16	202882.216	202777.16	203061.319	284.158306	2273.298	0	0	662685	0	0	3
175	41	0	2.57182925	202770.996	202873.921	202770.996	203050.197	279.200937	2273.298	0	0	663126	0	0	3
176	41	0	2.58652542	202761.88	202865.684	202761.88	203036.313	274.433179	2273.298	0	0	663530	0	0	3
177	41	0	2.60122159	202757.757	202857.725	202757.757	203019.758	262.000909	2273.298	0	0	663880	0	0	3
178	41	0	2.61591776	202750.771	202850.04	202750.771	203001.927	251.15645	2273.298	0	0	664182	0	0	3
179	42	0	2.63061392	202750.042	202842.843	202750.042	202985.471	235.428643	2273.298	0	0	664417	0	0	3
180	42	0	2.64531009	202740.33	202835.839	202740.33	202969.884	229.554616	2273.298	0	0	664595	0	0	3
181	42	0	2.66000626	202735.232	202829.135	202735.232	202953.737	218.505339	2273.298	0	0	664739	0	0	3
182	42	0	2.67470242	202735.334	202822.894	202735.232	202941.918	206.686666	2273.298	0	0	664801	0	0	3
183	42	0	2.68939859	202729.61	202816.828	202729.61	202925.516	195.905794	2273.298	0	0	664803	0	0	3
184	43	0	2.70409476	202724.927	202811.097	202724.927	202915.356	190.429399	2273.298	0	0	664777	0	0	3
185	43	0	2.71879093	202716.808	202805.425	202716.808	202904.385	187.577282	2273.298	0	0	664721	0	0	3
186	43	0	2.73348709	202711.434	202799.912	202711.434	202902.943	191.509689	2273.298	0	0	664645	0	0	3
187	43	0	2.74818326	202713.187	202794.49	202711.434	202901.011	189.577269	2273.298	0	0	664549	0	0	3
188	44	0	2.76287943	202711.146	202789.068	202711.146	202901.011	189.865156	2273.298	0	0	664458	0	0	3
189	44	0	2.77757559	202709.067	202783.584	202709.067	202898.043	188.975286	2273.298	0	0	664540	0	0	3
190	44	0	2.79227176	202708.214	202778.195	202708.214	202898.043	189.828158	2273.298	0	0	664889	0	0	3
191	44	0	2.80696793	202709.291	202772.802	202708.214	202885.201	176.986334	2273.298	0	0	665213	0	0	3
192	44	0	2.8216641	202690.074	202767.227	202690.074	202868.936	178.861755	2273.298	0	0	665520	0	0	3
193	45	0	2.83636026	202680.058	202761.83	202680.058	202852.66	172.602343	2273.298	0	0	665780	0	0	3
194	45	0	2.85105643	202673.518	202756.712	202673.518	202840.368	166.850152	2273.298	0	0	666016	0	0	3
195	45	0	2.8657526	202665.432	202751.714	202665.432	202826.11	160.677932	2273.298	0	0	666212	0	0	3
196	45	0	2.88044876	202670.081	202747.256	202665.432	202816.569	151.136256	2273.298	0	0	666365	0	0	3
197	46	0	2.89514493	202667.561	202742.999	202665.432	202811.639	146.206346	2273.298	0	0	666466	0	0	3
198	46	0	2.9098411	202666.06	202738.839	202665.432	202806.729	141.296572	2273.298	0	0	666541	0	0	3
199	46	0	2.92453727	202660.378	202734.658	202660.378	202801.079	140.700835	2273.298	0	0	666572	0	0	3
200	46	0	2.93923343	202662.862	202730.709	202660.378	202798.687	138.308417	2273.298	0	0	666541	0	0	3
201	46	0	2.9539296	202659.385	202726.729	202659.385	202795.349	135.964771	2273.298	0	0	666509	0	0	3
202	47	0	2.96862577	202662.896	202722.944	202659.385	202793.824	134.439567	2273.298	0	0	666473	0	0	3
203	47	0	2.98332193	202653.56	202718.937	202653.56	202793.052	139.492172	2273.298	0	0	666429	0	0	3
204	47	0	2.9980181	202652.551	202714.922	202652.551	202789.367	136.816631	2273.298	0	0	666476	0	0	3
205	47	0	3.01271427	202645.983	202710.834	202645.983	202789.367	143.38449	2273.298	0	0	666617	0	0	3
206	48	0	3.02741044	202653.381	202706.949	202645.983	202783.315	137.332041	2273.298	0	0	666755	0	0	3
207	48	0	3.0421066	202648.89	202703.108	202645.983	202782.929	136.945651	2273.298	0	0	666889	0	0	3
208	48	0	3.05680277	202645.231	202699.174	202645.231	202777.16	131.929595	2273.298	0	0	667035	0	0	3
209	48	0	3.07149894	202638.349	202695.208	202638.349	202770.996	132.64685	2273.298	0	0	667172	0	0	3
210	48	0	3.0861951	202642.329	202691.532	202638.349	202761.88	123.530693	2273.298	0	0	667306	0	0	3
211	49	0	3.10089127	202641.806	202688.101	202638.349	202757.757	119.407732	2273.298	0	0	667429	0	0	3
212	49	0	3.11558744	202645.97	202684.907	202638.349	202750.771	112.421805	2273.298	0	0	667543	0	0	3
213	49	0	3.13028361	202641.372	202681.781	202638.349	202750.042	111.693053	2273.298	0	0	667653	0	0	3
214	49	0	3.14497977	202641.3	202678.674	202638.349	202740.33	101.980758	2273.298	0	0	667764	0	0	3
215	50	0	3.15967594	202634.992	202675.665	202634.992	202735.334	100.34226	2273.298	0	0	667884	0	0	3
216	50	0	3.17437211	202631.2	202672.692	202631.2	202735.334	104.134352	2273.298	0	0	668018	0	0	3
217	50	0	3.18906827	202621.349	202669.436	202621.349	202729.61	108.260985	2273.298	0	0	668137	0	0	3
218	50	0	3.20376444	202622.476	202666.375	202621.349	202724.927	103.577888	2273.298	0	0	668275	0	0	3
219	50	0	3.21846061	202619.837	202663.372	202619.837	202716.808	96.9707922	2273.298	0	0	668420	0	0	3
220	51	0	3.23315678	202631.919	202660.947	202619.837	202713.187	93.349366	2273.298	0	0	668583	0	0	3
221	51	0	3.24785294	202633.49	202658.72	202619.837	202713.187	93.349366	2273.298	0	0	668731	0	0	3
222	51	0	3.26254911	202626.024	202656.23	202619.837	202711.146	91.3083593	2273.298	0	0	668871	0	0	3
223	51	0	3.27724528	202620.185	202653.631	202619.837	202709.291	89.4533732	2273.298	0	0	669038	0	0	3
224	52	0	3.29194144	202626.984	202651.285	202619.837	202709.291	89.4533732	2273.298	0	0	669180	0	0	3
225	52	0	3.30663761	202622.991	202648.85	202619.837	202709.291	89.4533732	2273.298	0	0	669325	0	0	3
226	52	0	3.32133378	202625.128	202646.446	202619.837	202690.074	70.2371191	2273.298	0	0	669442	0	0	3
227	52	0	3.33602995	202625.819	202644.61	202619.837	202680.058	60.2206404	2273.298	0	0	669556	0	0	3
228	52	0	3.35072611	202625.039	202643.038	202619.837	202673.518	53.6802247	2273.298	0	0	669659	0	0	3
229	53	0	3.36542228	202624.939	202641.65	202619.837	202670.081	50.2433632	2273.298	0	0	669753	0	0	3
230	53	0	3.38011845	202625.535	202640.51	202619.837	202670.081	50.2433632	2273.298	0	0	669846	0	0	3
231	53	0	3.39481461	202619.24	202639.058	202619.24	202667.561	48.3214519	2273.298	0	0	669927	0	0	3
232	53	0	3.40951078	202616.209	202637.59	202616.209	202666.06	49.8513064	2273.298	0	0	670003	0	0	3
233	54	0	3.42420695	202619.403	202636.257	202616.209	202662.896	46.6873147	2273.298	0	0	670067	0	0	3
234	54	0	3.43890312	202615.938	202634.988	202615.938	202662.896	46.9579501	2273.298	0	0	670128	0	0	3
235	54	0	3.45359928	202607.78	202633.414	202607.78	202662.896	55.1157464	2273.298	0	0	670175	0	0	3
236	54	0	3.46829545	202608.683	202631.965	202607.78	202662.896	55.1157464	2273.298	0	0	670228	0	0	3
237	54	0	3.48299162	202611.828	202630.506	202607.78	202653.56	45.7793956	2273.298	0	0	670288	0	0	3
238	55	0	3.49768778	202623.689	202629.653	202607.78	202653.381	45.6010068	2273.298	0	0	670439	0	0	3
239	55	0	3.51238395	202608.971	202628.407	202607.78	202653.381	45.6010068	2273.298	0	0	670450	0	0	3
240	55	0	3.52708012	202603.884	202627.205	202603.884	202653.381	49.4972669	2273.298	0	0	670660	0	0	3
241	55	0	3.54177629	202599.683	202625.67	202599.683	202648.89	49.2064452	2273.298	0	0	670656	0	0	3
242	55	0	3.55647245	202600.577	202624.29	202599.683	202645.97	46.2867659	2273.298	0	0	670833	0	0	3
243	56	0	3.57116862	202598.694	202622.96	202598.694	202645.97	47.2760763	2273.298	0	0	670866	0	0	3
244	56	0	3.58586479	202607.035	202622.066	202598.694	202645.97	47.2760763	2273.298	0	0	671135	0	0	3
245	56	0	3.60056095	202597.732	202620.792	202597.732	202645.97	48.238277	2273.298	0	0	671239	0	0	3
246	56	0	3.61525712	202598.534	202619.555	202597.732	202645.97	48.238277	2273.298	0	0	671388	0	0	3
247	57	0	3.62995329	202585.669	202617.832	202585.669	202641.372	55.7035144	2273.298	0	0	671606	0	0	3
248	57	0	3.64464946	202585.321	202616.231	202585.321	202641.3	55.9793192	2273.298	0	0	671836	0	0	3
249	57	0	3.65934562	202577.322	202614.403	202577.322	202634.992	57.6700307	2273.298	0	0	672009	0	0	3
250	57	0	3.67404179	202591.663	202613.165	202577.322	202633.49	56.1676526	2273.298	0	0	672125	0	0	3
251	58	0	3.68873796	202580.884	202611.727	202577.322	202633.49	56.1676526	2273.298	0	0	672214	0	0	3
252	58	0	3.70343413	202588.971	202610.802	202577.322	202633.49	55.5725393	2273.298	0	0	672259	0	0	3
253	58	0	3.71813029	202586	202609.76	202577.322	202633.49	53.6121629	2273.298	0	0	672255	0	0	3
254	58	0	3.73282646	202590.072	202608.91	202577.322	202633.49	52.037218	2273.298	0	0	672215	0	0	3
255	59	0	3.74752263	202582.709	202607.504	202577.322	202633.49	51.2162697	2273.298	0	0	672159	0	0	3
256	59	0	3.76221879	202588.699	202606.224	202577.322	202626.984	49.6621388	2273.298	0	0	672158	0	0	3
257	59	0	3.77691496	202576.077	202604.797	202576.077	202626.984	48.8338087	2273.298	0	0	672295	0	0	3
258	59	0	3.79161113	202571.16	202603.396	202571.16	202626.984	47.8893005	2273.298	0	0	672422	0	0	3
259	60	0	3.8063073	202566.188	202601.659	202566.188	202625.819	47.1913945	2273.298	0	0	672526	0	0	3
260	60	0	3.82100346	202560.183	202599.865	202560.183	202625.819	46.5812806	2273.298	0	0	672621	0	0	3
261	60	0	3.83569963	202550.517	202597.733	202550.517	202625.819	46.8771585	2273.298	0	0	672711	0	0	3
262	60	0	3.8503958	202555.12	202595.713	202550.517	202625.535	47.3251949	2273.298	0	0	672892	0	0	3
263	61	0	3.86509196	202543.207	202593.375	202543.207	202625.535	48.2752976	2273.298	0	0	673095	0	0	3
264	61	0	3.87978813	202552.729	202591.312	202543.207	202625.535	49.1985131	2273.298	0	0	673303	0	0	3
265	61	0	3.8944843	202550.057	202589.155	202543.207	202623.689	49.9024119	2273.298	0	0	673505	0	0	3
266	62	0	3.90918047	202563.698	202587.568	202543.207	202623.689	50.0221137	2273.298	0	0	673629	0	0	3
267	62	0	3.92387663	202557.436	202585.889	202543.207	202623.689	50.3682745	2273.298	0	0	673667	0	0	3
268	62	0	3.9385728	202566.098	202584.366	202543.207	202623.689	50.6215475	2273.298	0	0	673673	0	0	3
269	62	0	3.95326897	202550.888	202582.507	202543.207	202623.689	50.9063741	2273.298	0	0	673716	0	0	3
270	63	0	3.96796513	202553.651	202580.961	202543.207	202623.689	51.0043184	2273.298	0	0	673744	0	0	3
271	63	0	3.9826613	202545.354	202579.151	202543.207	202623.689	51.3546427	2273.298	0	0	673762	0	0	3
272	63	0	3.99735747	202540.661	202577.118	202540.661	202623.689	52.534562	2273.298	0	0	673802	0	0	3
273	63	0	4.01205364	202526.549	202574.343	202526.549	202608.971	54.0648616	2273.298	0	0	673838	0	0	3
274	64	0	4.0267498	202533.199	202572.178	202526.549	202607.035	55.0269681	2273.298	0	0	673869	0	0	3
275	64	0	4.04144597	202519.428	202569.765	202519.428	202607.035	55.9057611	2273.298	0	0	673913	0	0	3
276	64	0	4.05614214	202525.676	202567.65	202519.428	202607.035	56.6399021	2273.298	0	0	673947	0	0	3
277	64	0	4.0708383	202520.333	202565.357	202519.428	202607.035	57.6029562	2273.298	0	0	674011	0	0	3
278	64	0	4.08553447	202531.489	202563.437	202519.428	202607.035	58.6284138	2273.298	0	0	674103	0	0	3
279	65	0	4.10023064	202532.636	202561.312	202519.428	202598.534	59.4798963	2273.298	0	0	674221	0	0	3
280	65	0	4.11492681	202533.507	202559.477	202519.428	202598.534	60.078529	2273.298	0	0	674291	0	0	3
281	65	0	4.12962297	202525.703	202557.396	202519.428	202591.663	60.436523	2273.298	0	0	674372	0	0	3
282	65	0	4.14431914	202535.464	202555.961	202519.428	202591.663	60.2694756	2273.298	0	0	674426	0	0	3
283	66	0	4.15901531	202522.182	202554.157	202519.428	202591.663	60.2455093	2273.298	0	0	674561	0	0	3
284	66	0	4.17371147	202526.874	202552.716	202519.428	202591.663	60.4488982	2273.298	0	0	674587	0	0	3
285	66	0	4.18840764	202517.675	202550.602	202517.675	202590.072	61.1252354	2273.298	0	0	674684	0	0	3
286	66	0	4.20310381	202527.04	202549.064	202517.675	202590.072	61.7385765	2273.298	0	0	674728	0	0	3
287	67	0	4.21779998	202520.819	202547.116	202517.675	202590.072	62.6435966	2273.298	0	0	674754	0	0	3
288	67	0	4.23249614	202519.796	202545.225	202517.675	202590.072	63.6846932	2273.298	0	0	674800	0	0	3
289	67	0	4.24719231	202507.894	202542.877	202507.894	202588.699	64.6266046	2273.298	0	0	674851	0	0	3
290	67	0	4.26188848	202521.598	202541.131	202507.894	202588.699	65.0928964	2273.298	0	0	674910	0	0	3
291	67	0	4.27658464	202515.645	202539.044	202507.894	202576.077	65.7531164	2273.298	0	0	674982	0	0	3
292	68	0	4.29128081	202512.29	202537.221	202507.894	202571.16	63.2658744	2273.298	0	0	675052	0	0	3
293	68	0	4.30597698	202497.771	202535.124	202497.771	202566.188	66.5346771	2273.298	0	0	675133	0	0	3
294	68	0	4.32067315	202498.415	202533.188	202497.771	202566.098	66.676527	2273.298	0	0	675232	0	0	3
295	69	0	4.33536931	202491.115	202531.215	202491.115	202566.098	66.5181533	2273.298	0	0	675316	0	0	3
296	69	0	4.35006548	202498.9	202529.74	202491.115	202566.098	65.9729478	2273.298	0	0	675389	0	0	3
297	69	0	4.36476165	202491.533	202527.923	202491.115	202566.098	65.451637	2273.298	0	0	675471	0	0	3
298	69	0	4.37945781	202490.848	202526.427	202490.848	202566.098	64.8844801	2273.298	0	0	675504	0	0	3
299	70	0	4.39415398	202480.024	202524.35	202480.024	202566.098	64.8052547	2273.298	0	0	675504	0	0	3
300	70	0	4.40885015	202486.879	202522.545	202480.024	202566.098	65.0234476	2273.298	0	0	675463	0	0	3
301	70	0	4.42354632	202482.617	202520.228	202480.024	202566.098	65.6608014	2273.298	0	0	675394	0	0	3
302	70	0	4.43824248	202491.614	202518.348	202480.024	202566.098	66.0184286	2273.298	0	0	675497	0	0	3
303	71	0	4.45293865	202488.437	202516.129	202480.024	202553.651	66.3787505	2273.298	0	0	675705	0	0	3
304	71	0	4.46763482	202486.035	202514.276	202480.024	202553.651	66.6851338	2273.298	0	0	675940	0	0	3
305	71	0	4.48233098	202478.724	202512.135	202478.724	202545.354	66.6303089	2273.298	0	0	676113	0	0	3
306	71	0	4.49702715	202481.162	202510.301	202478.724	202540.661	61.9367804	2273.298	0	0	676219	0	0	3
307	71	0	4.51172332	202482.229	202508.631	202478.724	202535.464	56.7402602	2273.298	0	0	676312	0	0	3
308	72	0	4.52641949	202482.216	202507.365	202478.724	202535.464	56.7402602	2273.298	0	0	676427	0	0	3
309	72	0	4.54111565	202478.27	202505.795	202478.27	202535.464	57.1938114	2273.298	0	0	676572	0	0	3
310	72	0	4.55581182	202474.043	202504.499	202474.043	202535.464	61.4207733	2273.298	0	0	676725	0	0	3
311	73	0	4.57050799	202470.449	202502.921	202470.449	202535.464	62.4367503	2273.298	0	0	676832	0	0	3
312	73	0	4.58520415	202471.622	202501.529	202470.449	202535.464	61.9083474	2273.298	0	0	677074	0	0	3
313	73	0	4.59990032	202475.021	202499.916	202470.449	202535.464	61.3960381	2273.298	0	0	677290	0	0	3
314	73	0	4.61459649	202467.956	202498.068	202467.956	202535.464	61.409051	2273.298	0	0	677480	0	0	3
315	74	0	4.62929266	202464.798	202496.105	202464.798	202535.464	61.2912854	2273.298	0	0	677618	0	0	3
316	74	0	4.64398882	202455.585	202494.101	202455.585	202535.464	61.8602343	2273.298	0	0	677733	0	0	3
317	74	0	4.65868499	202441.668	202491.421	202441.668	202527.04	62.7361472	2273.298	0	0	677792	0	0	3
318	74	0	4.67338116	202442.198	202489.136	202441.668	202527.04	63.5800326	2273.298	0	0	677809	0	0	3
319	75	0	4.68807733	202446.028	202486.826	202441.668	202527.04	63.7760005	2273.298	0	0	677757	0	0	3
320	75	0	4.70277349	202465.231	202485.328	202441.668	202527.04	63.7359769	2273.298	0	0	677736	0	0	3
321	75	0	4.71746966	202458.793	202483.378	202441.668	202521.598	63.7386644	2273.298	0	0	677902	0	0	3
322	75	0	4.73216583	202452.098	202481.414	202441.668	202521.598	63.8105944	2273.298	0	0	677963	0	0	3
323	76	0	4.74686199	202440.471	202479.148	202440.471	202521.598	63.7290956	2273.298	0	0	678146	0	0	3
324	76	0	4.76155816	202440.611	202477.226	202440.471	202521.598	63.9054544	2273.298	0	0	678284	0	0	3
325	76	0	4.77625433	202432.648	202474.684	202432.648	202515.645	64.3596321	2273.298	0	0	678455	0	0	3
326	76	0	4.7909505	202447.364	202472.733	202432.648	202512.29	64.48803	2273.298	0	0	678476	0	0	3
327	77	0	4.80564666	202444.543	202470.798	202432.648	202498.9	64.3268252	2273.298	0	0	678428	0	0	3
328	77	0	4.82034283	202459.252	202469.697	202432.648	202498.9	63.4909833	2273.298	0	0	678381	0	0	3
329	77	0	4.835039	202445.913	202468.197	202432.648	202498.9	63.0176732	2273.298	0	0	678291	0	0	3
330	77	0	4.84973516	202460.86	202467.333	202432.648	202498.9	62.4073088	2273.298	0	0	678187	0	0	3
331	78	0	4.86443133	202440.565	202465.666	202432.648	202491.614	58.9666442	2273.298	0	0	678095	0	0	3
332	78	0	4.8791275	202462.577	202464.839	202432.648	202491.614	58.9666442	2273.298	0	0	678006	0	0	3
333	78	0	4.89382367	202438.908	202463.355	202432.648	202491.614	58.9666442	2273.298	0	0	678027	0	0	3
334	79	0	4.90851983	202465.061	202462.927	202432.648	202491.614	58.9666442	2273.298	0	0	678081	0	0	3
335	79	0	4.923216	202437.027	202461.503	202432.648	202491.614	58.7254699	2273.298	0	0	678130	0	0	3
336	79	0	4.93791217	202459.602	202460.845	202432.648	202491.614	57.5024502	2273.298	0	0	678176	0	0	3
337	79	0	4.95260833	202431.129	202459.117	202431.129	202488.437	57.0116888	2273.298	0	0	678196	0	0	3
338	80	0	4.9673045	202450.92	202458.045	202431.129	202486.035	54.905725	2273.298	0	0	678188	0	0	3
339	80	0	4.98200067	202421.609	202456.204	202421.609	202482.229	55.9306116	2273.298	0	0	678166	0	0	3
340	80	0	4.99669684	202442.908	202455.181	202421.609	202482.229	55.1198443	2273.298	0	0	678078	0	0	3
341	80	0	5.011393	202412.776	202453.227	202412.776	202482.229	55.4042425	2273.298	0	0	678292	0	0	3
342	81	0	5.02608917	202435.805	202451.901	202412.776	202482.216	55.4639755	2273.298	0	0	678475	0	0	3
343	81	0	5.04078534	202406.26	202449.731	202406.26	202478.27	56.064774	2273.298	0	0	678575	0	0	3
344	81	0	5.0554815	202429.981	202448.351	202406.26	202475.021	56.1477677	2273.298	0	0	678576	0	0	3
345	82	0	5.07017767	202400.305	202446.244	202400.305	202475.021	56.6766874	2273.298	0	0	678481	0	0	3
346	82	0	5.08487384	202426.52	202444.989	202400.305	202475.021	56.5400877	2273.298	0	0	678520	0	0	3
347	82	0	5.09957001	202394.711	202442.791	202394.711	202475.021	57.1241958	2273.298	0	0	678589	0	0	3
348	82	0	5.11426617	202422.091	202441.279	202394.711	202467.956	56.788472	2273.298	0	0	678585	0	0	3
349	83	0	5.12896234	202387.648	202438.985	202387.648	202465.231	57.1198628	2273.298	0	0	678553	0	0	3
350	83	0	5.14365851	202419.647	202437.695	202387.648	202465.231	56.4065026	2273.298	0	0	678428	0	0	3
351	83	0	5.15835467	202379.592	202435.523	202379.592	202465.231	55.8978332	2273.298	0	0	678252	0	0	3
352	83	0	5.17305084	202409.133	202434.594	202379.592	202465.231	54.5421279	2273.298	0	0	678163	0	0	3
353	84	0	5.18774701	202366.051	202432.418	202366.051	202465.231	54.4078537	2273.298	0	0	678184	0	0	3
354	84	0	5.20244318	202396.487	202431.003	202366.051	202465.231	54.3249114	2273.298	0	0	678261	0	0	3
355	84	0	5.21713934	202354.189	202427.83	202354.189	202465.061	55.5476591	2273.298	0	0	678493	0	0	3
356	84	0	5.23183551	202382.334	202425.646	202354.189	202465.061	55.7687267	2273.298	0	0	678634	0	0	3
357	85	0	5.24653168	202350.109	202422.732	202350.109	202465.061	56.4162464	2273.298	0	0	678699	0	0	3
358	85	0	5.26122784	202383.818	202421.113	202350.109	202465.061	56.1125213	2273.298	0	0	678641	0	0	3
359	85	0	5.27592401	202352.642	202418.6	202350.109	202465.061	56.0844672	2273.298	0	0	678860	0	0	3
360	85	0	5.29062018	202380.902	202417.121	202350.109	202465.061	55.6120389	2273.298	0	0	679143	0	0	3
361	86	0	5.30531635	202345.727	202414.217	202345.727	202465.061	56.5803405	2273.298	0	0	679408	0	0	3
362	86	0	5.32001251	202372.793	202412.167	202345.727	202465.061	57.5298178	2273.298	0	0	679620	0	0	3
363	86	0	5.33470868	202336.395	202408.657	202336.395	202465.061	59.5399614	2273.298	0	0	679580	0	0	3
364	86	0	5.34940485	202368.191	202406.436	202336.395	202465.061	60.8961535	2273.298	0	0	679466	0	0	3
365	87	0	5.36410101	202335.252	202402.848	202335.252	202465.061	62.8182537	2273.298	0	0	679364	0	0	3
366	87	0	5.37879718	202365.544	202400.704	202335.252	202465.061	64.1343835	2273.298	0	0	679215	0	0	3
367	87	0	5.39349335	202332.023	202396.974	202332.023	202465.061	66.38051	2273.298	0	0	679019	0	0	3
368	87	0	5.40818952	202358.499	202394.677	202332.023	202465.061	68.2504069	2273.298	0	0	678794	0	0	3
369	88	0	5.42288568	202330.399	202390.829	202330.399	202459.602	70.6735566	2273.298	0	0	678593	0	0	3
370	88	0	5.43758185	202356.056	202388.516	202330.399	202459.602	72.3294267	2273.298	0	0	678506	0	0	3
371	88	0	5.45227802	202330.217	202384.819	202330.217	202450.92	74.297993	2273.298	0	0	678637	0	0	3
372	88	0	5.46697418	202352.056	202382.56	202330.217	202450.92	75.4853317	2273.298	0	0	678925	0	0	3
373	88	0	5.48167035	202325.397	202378.973	202325.397	202442.908	77.2309559	2273.298	0	0	679236	0	0	3
374	89	0	5.49636652	202345.135	202376.788	202325.397	202442.908	78.3926449	2273.298	0	0	679496	0	0	3
375	89	0	5.51106269	202318.292	202373.228	202318.292	202435.805	79.9992285	2273.298	0	0	679647	0	0	3
376	89	0	5.52575885	202304.628	202370.138	202304.628	202435.805	81.7627768	2273.298	0	0	679658	0	0	3
377	89	0	5.54045502	202304.233	202366.379	202304.233	202429.981	83.3517931	2273.298	0	0	679572	0	0	3
378	90	0	5.55515119	202285.874	202362.939	202285.874	202429.981	85.4116818	2273.298	0	0	679483	0	0	3
379	90	0	5.56984735	202290.293	202358.948	202285.874	202426.52	87.2959314	2273.298	0	0	679291	0	0	3
380	90	0	5.58454352	202283.67	202355.616	202283.67	202426.52	89.3732316	2273.298	0	0	679011	0	0	3
381	90	0	5.59923969	202297.265	202351.923	202283.67	202422.091	90.8687453	2273.298	0	0	678633	0	0	3
382	91	0	5.61393586	202286.354	202348.827	202283.67	202422.091	92.4523549	2273.298	0	0	678772	0	0	3
383	91	0	5.62863202	202284.288	202344.89	202283.67	202419.647	94.0950769	2273.298	0	0	679004	0	0	3
384	91	0	5.64332819	202270.67	202341.547	202270.67	202419.647	96.14731	2273.298	0	0	679234	0	0	3
385	91	0	5.65802436	202285.455	202337.713	202270.67	202409.133	97.8101575	2273.298	0	0	679409	0	0	3
386	92	0	5.67272052	202286.597	202335.056	202270.67	202409.133	99.5375863	2273.298	0	0	679563	0	0	3
387	92	0	5.68741669	202289.621	202331.642	202270.67	202396.487	100.776601	2273.298	0	0	679680	0	0	3
388	92	0	5.70211286	202287.068	202329.385	202270.67	202396.487	101.617797	2273.298	0	0	679783	0	0	3
389	92	0	5.71680903	202292.406	202326.411	202270.67	202383.818	101.418882	2273.298	0	0	679839	0	0	3
390	93	0	5.73150519	202294.724	202324.712	202270.67	202383.818	100.93333	2273.298	0	0	679884	0	0	3
391	93	0	5.74620136	202296.639	202322.264	202270.67	202383.818	100.467836	2273.298	0	0	679889	0	0	3
392	93	0	5.76089753	202283.231	202320.353	202270.67	202383.818	100.760001	2273.298	0	0	679868	0	0	3
393	93	0	5.7755937	202291.426	202317.713	202270.67	202380.902	100.886389	2273.298	0	0	679809	0	0	3
394	94	0	5.79028986	202299.255	202316.188	202270.67	202380.902	100.933294	2273.298	0	0	679736	0	0	3
395	94	0	5.80498603	202286.421	202313.488	202270.67	202372.793	100.72881	2273.298	0	0	679641	0	0	3
396	94	0	5.8196822	202271.396	202311.365	202270.67	202372.793	100.802514	2273.298	0	0	679546	0	0	3
397	94	0	5.83437836	202281.842	202308.766	202270.67	202368.191	97.5215635	2273.298	0	0	679859	0	0	3
398	95	0	5.84907453	202278.835	202307.122	202270.67	202368.191	97.5215635	2273.298	0	0	680134	0	0	3
399	95	0	5.8637707	202278.807	202304.568	202270.67	202365.544	94.8740956	2273.298	0	0	680345	0	0	3
400	95	0	5.87846687	202272.53	202302.776	202270.67	202365.544	94.8740956	2273.298	0	0	680506	0	0	3
401	96	0	5.89316303	202277.439	202300.258	202270.67	202358.499	87.8292726	2273.298	0	0	680628	0	0	3
402	96	0	5.9078592	202275.926	202298.656	202270.67	202358.499	87.8292726	2273.298	0	0	680734	0	0	3
403	96	0	5.92255537	202280.659	202296.432	202270.67	202356.056	85.3862417	2273.298	0	0	680825	0	0	3
404	97	0	5.93725153	202264.401	202294.546	202264.401	202356.056	91.6545706	2273.298	0	0	680923	0	0	3
405	97	0	5.9519477	202278.012	202292.316	202264.401	202352.056	87.6544017	2273.298	0	0	681027	0	0	3
406	97	0	5.96664387	202278.889	202290.85	202264.401	202352.056	87.6544017	2273.298	0	0	681121	0	0	3
407	97	0	5.98134004	202282.649	202288.867	202264.401	202345.135	80.7333025	2273.298	0	0	681212	0	0	3
408	98	0	5.9960362	202256.796	202286.907	202256.796	202345.135	88.3385605	2273.298	0	0	681283	0	0	3
409	98	0	6.01073237	202276.164	202284.936	202256.796	202318.292	61.4960746	2273.298	0	0	681324	0	0	3
410	99	0	6.02542854	202284.066	202283.958	202256.796	202304.628	47.8321864	2273.298	0	0	681314	0	0	3
411	99	0	6.0401247	202277.402	202283.18	202256.796	202304.233	47.437093	2273.298	0	0	681269	0	0	3
412	99	0	6.05482087	202258.439	202281.872	202256.796	202299.255	42.4586537	2273.298	0	0	681195	0	0	3
413	100	0	6.06951704	202263.496	202281.232	202256.796	202299.255	42.4586537	2273.298	0	0	681128	0	0	3
414	100	0	6.08421321	202249.861	202280.077	202249.861	202299.255	49.3933533	2273.298	0	0	681078	0	0	3
415	100	0	6.09890937	202303.407	202280.641	202249.861	202303.407	53.5452102	2273.298	0	0	681129	0	0	3
416	100	0	6.11360554	202266.719	202279.768	202249.861	202303.407	53.5452102	2273.298	0	0	681244	0	0	3
417	102	0	6.12830171	202263.88	202279.126	202249.861	202303.407	53.5452102	2273.298	0	0	681477	0	0	3
418	102	0	6.14299787	202239.113	202277.835	202239.113	202303.407	63.7118536	2273.298	0	0	681654	0	0	3
419	102	0	6.15769404	202275.511	202277.974	202239.113	202303.407	59.877786	2273.298	0	0	681746	0	0	3
420	103	0	6.17239021	202246.365	202276.857	202239.113	202303.407	58.1993472	2273.298	0	0	681820	0	0	3
421	103	0	6.18708638	202260.778	202276.119	202239.113	202303.407	55.5224036	2273.298	0	0	681849	0	0	3
422	103	0	6.20178254	202231.869	202274.469	202231.869	202303.407	54.9158046	2273.298	0	0	681880	0	0	3
423	103	0	6.21647871	202271.946	202274.037	202231.869	202303.407	52.3741408	2273.298	0	0	681921	0	0	3
424	104	0	6.23117488	202242.035	202272.598	202231.869	202303.407	52.1143428	2273.298	0	0	681946	0	0	3
425	104	0	6.24587104	202247.703	202271.254	202231.869	202303.407	51.0093451	2273.298	0	0	681961	0	0	3
426	104	0	6.26056721	202233.929	202269.463	202231.869	202303.407	50.890226	2273.298	0	0	681940	0	0	3
427	104	0	6.27526338	202254.469	202268.641	202231.869	202303.407	49.0722084	2273.298	0	0	681876	0	0	3
428	105	0	6.28995955	202239.93	202267.17	202231.869	202303.407	49.0181397	2273.298	0	0	681801	0	0	3
429	105	0	6.30465571	202262.851	202266.13	202231.869	202303.407	47.3587899	2273.298	0	0	681684	0	0	3
430	105	0	6.31935188	202256.604	202265.278	202231.869	202303.407	46.0869972	2273.298	0	0	681564	0	0	3
431	105	0	6.33404805	202257.6	202264.884	202231.869	202303.407	43.8825999	2273.298	0	0	681479	0	0	3
432	106	0	6.34874421	202237.213	202263.608	202231.869	202303.407	43.5131233	2273.298	0	0	681486	0	0	3
433	106	0	6.36344038	202251.308	202262.822	202231.869	202303.407	41.7457613	2273.298	0	0	681499	0	0	3
434	106	0	6.37813655	202247.837	202261.937	202231.869	202303.407	40.8385491	2273.298	0	0	681654	0	0	3
435	106	0	6.39283272	202278.729	202262.114	202231.869	202303.407	38.3212776	2273.298	0	0	681787	0	0	3
436	107	0	6.40752888	202237.195	202260.964	202231.869	202303.407	37.6912371	2273.298	0	0	681906	0	0	3
437	107	0	6.42222505	202255.168	202260.371	202231.869	202303.407	36.0603242	2273.298	0	0	682000	0	0	3
438	107	0	6.43692122	202246.073	202259.383	202231.869	202303.407	35.162838	2273.298	0	0	682059	0	0	3
439	108	0	6.45161738	202256.057	202259.145	202231.869	202303.407	33.1714175	2273.298	0	0	682110	0	0	3
440	108	0	6.46631355	202235.294	202257.924	202231.869	202303.407	32.9254279	2273.298	0	0	682153	0	0	3
441	108	0	6.48100972	202262.546	202257.457	202231.869	202303.407	31.4093277	2273.298	0	0	682185	0	0	3
442	109	0	6.49570589	202239.929	202256.237	202231.869	202303.407	30.6698642	2273.298	0	0	682189	0	0	3
443	109	0	6.51040205	202247.175	202255.962	202231.869	202303.407	28.9741497	2273.298	0	0	682311	0	0	3
444	109	0	6.52509822	202227.653	202254.576	202227.653	202303.407	29.3822755	2273.298	0	0	682203	0	0	3
445	109	0	6.53979439	202271.537	202254.218	202227.653	202303.407	28.9623535	2273.298	0	0	682357	0	0	3
446	110	0	6.55449055	202238.009	202253.092	202227.653	202303.407	28.7794989	2273.298	0	0	682312	0	0	3
447	110	0	6.56918672	202258.461	202253.093	202227.653	202303.407	28.1401378	2273.298	0	0	682150	0	0	3
448	110	0	6.58388289	202242.29	202252.487	202227.653	202303.407	28.1541214	2273.298	0	0	681937	0	0	3
449	110	0	6.59857906	202253.746	202252.598	202227.653	202303.407	28.1541214	2273.298	0	0	681719	0	0	3
450	111	0	6.61327522	202236.945	202250.699	202227.653	202278.729	29.0693127	2273.298	0	0	681492	0	0	3
451	111	0	6.62797139	202261.48	202250.549	202227.653	202278.729	28.5768585	2273.298	0	0	681284	0	0	3
452	112	0	6.64266756	202238.136	202249.814	202227.653	202278.729	28.1599896	2273.298	0	0	681027	0	0	3
453	112	0	6.65736372	202250.934	202250.152	202227.653	202278.729	28.1599896	2273.298	0	0	680872	0	0	3
454	112	0	6.67205989	202237.377	202249.062	202227.653	202278.729	27.7948997	2273.298	0	0	680957	0	0	3
455	112	0	6.68675606	202252.571	202249.239	202227.653	202278.729	27.0572046	2273.298	0	0	681060	0	0	3
456	113	0	6.70145223	202253.093	202249.02	202227.653	202278.729	25.4494	2273.298	0	0	681199	0	0	3
457	113	0	6.71614839	202263.058	202249.911	202227.653	202278.729	25.0173351	2273.298	0	0	681349	0	0	3
458	113	0	6.73084456	202238.929	202248.968	202227.653	202278.729	23.6303561	2273.298	0	0	681446	0	0	3
459	113	0	6.74554073	202255.008	202249.338	202227.653	202278.729	22.2869011	2273.298	0	0	681472	0	0	3
460	114	0	6.7602369	202257.516	202249.619	202227.653	202278.729	20.4952041	2273.298	0	0	681469	0	0	3
461	114	0	6.77493306	202259.368	202250.345	202227.653	202278.729	19.6734415	2273.298	0	0	681483	0	0	3
462	115	0	6.78962923	202241.973	202249.988	202227.653	202278.729	18.2021505	2273.298	0	0	681505	0	0	3
463	115	0	6.8043254	202260.814	202250.585	202227.653	202278.729	17.1620559	2273.298	0	0	681516	0	0	3
464	115	0	6.81902156	202252.108	202250.278	202227.653	202278.729	16.3101276	2273.298	0	0	681500	0	0	3
465	115	0	6.83371773	202250.3	202250.098	202227.653	202278.729	15.915931	2273.298	0	0	681442	0	0	3
466	116	0	6.8484139	202227.164	202249.228	202227.164	202278.729	14.6408331	2273.298	0	0	681330	0	0	3
467	116	0	6.86311007	202245.391	202249.462	202227.164	202278.729	13.8543455	2273.298	0	0	681201	0	0	3
468	116	0	6.87780623	202233.941	202248.966	202227.164	202278.729	13.1483227	2273.298	0	0	681364	0	0	3
469	116	0	6.8925024	202241.661	202248.789	202227.164	202278.729	13.3247932	2273.298	0	0	681568	0	0	3
470	117	0	6.90719857	202241.773	202247.734	202227.164	202271.537	13.2308361	2273.298	0	0	681750	0	0	3
471	117	0	6.92189473	202272.141	202248.732	202227.164	202272.141	12.6377511	2273.298	0	0	681904	0	0	3
472	117	0	6.9365909	202246.098	202248.473	202227.164	202272.141	11.6495833	2273.298	0	0	681983	0	0	3
473	118	0	6.95128707	202252.206	202248.648	202227.164	202272.141	11.4111735	2273.298	0	0	682015	0	0	3
474	118	0	6.96598324	202242.623	202248.264	202227.164	202272.141	10.1906606	2273.298	0	0	681986	0	0	3
475	118	0	6.9806794	202257.649	202248.903	202227.164	202272.141	9.72370082	2273.298	0	0	681947	0	0	3
476	118	0	6.99537557	202241.567	202248.304	202227.164	202272.141	8.50313272	2273.298	0	0	681820	0	0	3
477	118	0	7.01007174	202249.178	202248.568	202227.164	202272.141	8.22824526	2273.298	0	0	681654	0	0	3
478	119	0	7.0247679	202247.854	202248.587	202227.164	202272.141	6.84221429	2273.298	0	0	681451	0	0	3
479	119	0	7.03946407	202254.452	202249.353	202227.164	202272.141	6.4842549	2273.298	0	0	681262	0	0	3
480	119	0	7.05416024	202244.581	202248.583	202227.164	202272.141	5.35933733	2273.298	0	0	681124	0	0	3
481	119	0	7.06885641	202253.316	202249.02	202227.164	202272.141	5.35933733	2273.298	0	0	681313	0	0	3
482	120	0	7.08355257	202243.48	202248.592	202227.164	202272.141	4.864422	2273.298	0	0	681469	0	0	3
483	120	0	7.09824874	202259.281	202249.078	202227.164	202272.141	4.864422	2273.298	0	0	681627	0	0	3
484	120	0	7.11294491	202246.418	202248.868	202227.164	202272.141	2.96551229	2273.298	0	0	681692	0	0	3
485	120	0	7.12764107	202257.823	202249.465	202227.164	202272.141	2.85155151	2273.298	0	0	681857	0	0	3
486	121	0	7.14233724	202244.781	202248.988	202227.164	202272.141	2.85155151	2273.298	0	0	682083	0	0	3
487	121	0	7.15703341	202256.371	202249.509	202227.164	202272.141	2.85155151	2273.298	0	0	682289	0	0	3
488	121	0	7.17172958	202244.718	202249.331	202227.164	202272.141	2.85155151	2273.298	0	0	682497	0	0	3
489	121	0	7.18642574	202256.036	202249.864	202227.164	202272.141	2.85155151	2273.298	0	0	682691	0	0	3
490	122	0	7.20112191	202245.879	202249.673	202227.164	202272.141	2.85155151	2273.298	0	0	682829	0	0	3
491	122	0	7.21581808	202251.031	202249.614	202227.164	202272.141	2.85155151	2273.298	0	0	682920	0	0	3
492	123	0	7.23051424	202244.039	202249.07	202227.164	202272.141	2.85155151	2273.298	0	0	683341	0	0	3
493	123	0	7.24521041	202258.494	202249.629	202227.164	202272.141	2.85155151	2273.298	0	0	683126	0	0	3
494	123	0	7.25990658	202244.701	202249.335	202227.164	202272.141	2.85155151	2273.298	0	0	683659	0	0	3
495	123	0	7.27460275	202251.864	202249.174	202227.164	202272.141	2.85155151	2273.298	0	0	683718	0	0	3
496	124	0	7.28929891	202245.288	202248.771	202227.164	202272.141	2.85155151	2273.298	0	0	683687	0	0	3
497	124	0	7.30399508	202253.098	202249.089	202227.164	202272.141	2.85155151	2273.298	0	0	683478	0	0	3
498	124	0	7.31869125	202240.764	202248.516	202227.164	202272.141	2.54460685	2273.298	0	0	683125	0	0	3
499	124	0	7.33338741	202249.44	202248.44	202227.164	202272.141	2.36450564	2273.298	0	0	682749	0	0	3
500	125	0	7.34808358	202236.431	202248.044	202227.164	202272.141	2.1305057	2273.298	0	0	682340	0	0	3
501	125	0	7.36277975	202257.826	202248.92	202233.941	202272.141	2.1305057	2273.298	0	0	681921	0	0	3
502	126	0	7.37747592	202243.043	202248.853	202233.941	202272.141	2.1305057	2273.298	0	0	681789	0	0	3
503	126	0	7.39217208	202257.781	202249.534	202236.431	202272.141	2.1305057	2273.298	0	0	681919	0	0	3
504	126	0	7.40686825	202258.908	202250.027	202236.431	202272.141	2.29312768	2273.298	0	0	682011	0	0	3
505	126	0	7.42156442	202259.363	202250.529	202236.431	202272.141	2.48545058	2273.298	0	0	682037	0	0	3
506	127	0	7.43626058	202230.478	202249.339	202230.478	202259.363	2.48545058	2273.298	0	0	682038	0	0	3
507	127	0	7.45095675	202244.181	202249.284	202230.478	202259.363	2.48545058	2273.298	0	0	681964	0	0	3
508	127	0	7.46565292	202249.768	202249.214	202230.478	202259.363	2.48545058	2273.298	0	0	681877	0	0	3
509	128	0	7.48034909	202251.823	202249.477	202230.478	202259.363	2.48545058	2273.298	0	0	681748	0	0	3
510	128	0	7.49504525	202237.349	202248.897	202230.478	202259.363	2.48545058	2273.298	0	0	681644	0	0	3
511	128	0	7.50974142	202240.745	202248.874	202230.478	202259.363	2.48545058	2273.298	0	0	681516	0	0	3
512	128	0	7.52443759	202234.53	202248.455	202230.478	202259.363	2.48545058	2273.298	0	0	681419	0	0	3
513	129	0	7.53913375	202260.713	202248.823	202230.478	202260.713	2.48545058	2273.298	0	0	681338	0	0	3
514	129	0	7.55382992	202248.976	202248.666	202230.478	202260.713	2.48545058	2273.298	0	0	681259	0	0	3
515	129	0	7.56852609	202259.828	202249.102	202230.478	202260.713	2.48545058	2273.298	0	0	681246	0	0	3
516	129	0	7.58322226	202257.117	202249.21	202230.478	202260.713	2.48545058	2273.298	0	0	681415	0	0	3
517	130	0	7.59791842	202261.097	202249.714	202230.478	202261.097	2.48545058	2273.298	0	0	681602	0	0	3
518	130	0	7.61261459	202233.659	202248.982	202230.478	202261.097	2.48545058	2273.298	0	0	681834	0	0	3
519	130	0	7.62731076	202244.337	202248.922	202230.478	202261.097	2.48545058	2273.298	0	0	682055	0	0	3
520	130	0	7.64200692	202251.19	202248.733	202230.478	202261.097	2.48545058	2273.298	0	0	682314	0	0	3
521	131	0	7.65670309	202250.546	202248.898	202230.478	202261.097	2.48545058	2273.298	0	0	682525	0	0	3
522	131	0	7.67139926	202243.888	202248.541	202230.478	202261.097	2.48545058	2273.298	0	0	682673	0	0	3
523	131	0	7.68609543	202263.189	202249.069	202230.478	202263.189	2.48545058	2273.298	0	0	682787	0	0	3
524	131	0	7.70079159	202236.232	202248.503	202230.478	202263.189	2.48545058	2273.298	0	0	682819	0	0	3
525	132	0	7.71548776	202250.027	202248.621	202230.478	202263.189	2.48545058	2273.298	0	0	682798	0	0	3
526	132	0	7.73018393	202238.519	202248.264	202230.478	202263.189	2.48545058	2273.298	0	0	682745	0	0	3
527	132	0	7.74488009	202266.984	202248.919	202230.478	202266.984	2.48545058	2273.298	0	0	682655	0	0	3
528	132	0	7.75957626	202244.401	202248.517	202230.478	202266.984	2.48545058	2273.298	0	0	682526	0	0	3
529	133	0	7.77427243	202251.334	202248.706	202230.478	202266.984	2.48545058	2273.298	0	0	682468	0	0	3
530	133	0	7.7889686	202231.974	202248.138	202230.478	202266.984	2.48545058	2273.298	0	0	682380	0	0	3
531	133	0	7.80366476	202245.329	202248.139	202230.478	202266.984	2.48545058	2273.298	0	0	682210	0	0	3
532	133	0	7.81836093	202230.853	202247.504	202230.478	202266.984	3.02568705	2273.298	0	0	682017	0	0	3
533	134	0	7.8330571	202266.472	202248.238	202230.478	202266.984	3.02568705	2273.298	0	0	681858	0	0	3
534	134	0	7.84775327	202238.063	202247.913	202230.478	202266.984	3.02568705	2273.298	0	0	682069	0	0	3
535	134	0	7.86244943	202248.896	202248.269	202230.478	202266.984	3.02568705	2273.298	0	0	682284	0	0	3
536	134	0	7.8771456	202236.116	202247.649	202230.478	202266.984	3.02568705	2273.298	0	0	682494	0	0	3
537	135	0	7.89184177	202280.807	202248.728	202230.478	202280.807	3.02568705	2273.298	0	0	682654	0	0	3
538	135	0	7.90653793	202240.549	202248.235	202230.478	202280.807	3.02568705	2273.298	0	0	682837	0	0	3
539	135	0	7.9212341	202256.414	202248.164	202230.478	202280.807	3.02568705	2273.298	0	0	682991	0	0	3
540	135	0	7.93593027	202248.43	202247.852	202230.478	202280.807	2.21026797	2273.298	0	0	683202	0	0	3
541	136	0	7.95062644	202262.296	202248.761	202230.853	202280.807	2.21026797	2273.298	0	0	683145	0	0	3
542	136	0	7.9653226	202221.914	202248.125	202221.914	202280.807	2.21026797	2273.298	0	0	683150	0	0	3
543	136	0	7.98001877	202249.418	202248.115	202221.914	202280.807	2.21026797	2273.298	0	0	683054	0	0	3
544	137	0	7.99471494	202245.765	202247.942	202221.914	202280.807	2.21026797	2273.298	0	0	682931	0	0	3
545	137	0	8.0094111	202267.467	202248.802	202221.914	202280.807	2.21026797	2273.298	0	0	682723	0	0	3
546	137	0	8.02410727	202246.208	202248.958	202221.914	202280.807	2.21026797	2273.298	0	0	682460	0	0	3
547	137	0	8.03880344	202269.712	202249.964	202221.914	202280.807	2.45998241	2273.298	0	0	682174	0	0	3
548	138	0	8.05349961	202244.552	202249.502	202221.914	202280.807	2.45998241	2273.298	0	0	681919	0	0	3
549	138	0	8.06819577	202244.418	202249.372	202221.914	202280.807	2.45998241	2273.298	0	0	681647	0	0	3
550	138	0	8.08289194	202231.272	202248.556	202221.914	202280.807	2.45998241	2273.298	0	0	681532	0	0	3
551	138	0	8.09758811	202266.899	202248.835	202221.914	202280.807	2.45998241	2273.298	0	0	681710	0	0	3
552	138	0	8.11228427	202249.215	202248.496	202221.914	202280.807	2.45998241	2273.298	0	0	681902	0	0	3
553	139	0	8.12698044	202258.197	202249.197	202221.914	202280.807	2.45998241	2273.298	0	0	682106	0	0	3
554	139	0	8.14167661	202243.025	202249.159	202221.914	202280.807	2.45998241	2273.298	0	0	682302	0	0	3
555	139	0	8.15637278	202252.283	202249.19	202221.914	202280.807	2.45998241	2273.298	0	0	682437	0	0	3
556	140	0	8.17106894	202222.845	202248.399	202221.914	202280.807	2.45998241	2273.298	0	0	682535	0	0	3
557	140	0	8.18576511	202239.433	202248.272	202221.914	202280.807	2.45998241	2273.298	0	0	682548	0	0	3
558	140	0	8.20046128	202232.076	202247.383	202221.914	202280.807	2.58070544	2273.298	0	0	682561	0	0	3
559	140	0	8.21515744	202250.363	202247.787	202221.914	202280.807	2.58070544	2273.298	0	0	682526	0	0	3
560	141	0	8.22985361	202241.669	202247.548	202221.914	202280.807	2.58070544	2273.298	0	0	682466	0	0	3
561	141	0	8.24454978	202273.566	202248.549	202221.914	202280.807	2.58070544	2273.298	0	0	682382	0	0	3
562	141	0	8.25924595	202256.296	202248.244	202221.914	202280.807	2.58070544	2273.298	0	0	682253	0	0	3
563	141	0	8.27394211	202255.991	202248.575	202221.914	202280.807	2.58070544	2273.298	0	0	682165	0	0	3
564	141	0	8.28863828	202226.558	202247.867	202221.914	202280.807	2.58070544	2273.298	0	0	682078	0	0	3
565	142	0	8.30333445	202246.77	202248.29	202221.914	202280.807	2.58070544	2273.298	0	0	681935	0	0	3
566	142	0	8.31803061	202240.69	202248.157	202221.914	202280.807	2.58070544	2273.298	0	0	681841	0	0	3
567	142	0	8.33272678	202248.03	202248.648	202221.914	202280.807	2.58070544	2273.298	0	0	681968	0	0	3
568	142	0	8.34742295	202241.099	202247.923	202221.914	202280.807	2.58070544	2273.298	0	0	682055	0	0	3
569	143	0	8.36211912	202256.201	202248.441	202221.914	202280.807	2.58070544	2273.298	0	0	682155	0	0	3
570	143	0	8.37681528	202228.785	202247.867	202221.914	202280.807	2.58070544	2273.298	0	0	682212	0	0	3
571	143	0	8.39151145	202231.86	202247.745	202221.914	202280.807	2.58070544	2273.298	0	0	682234	0	0	3
572	144	0	8.40620762	202231.257	202246.329	202221.914	202273.566	3.63418358	2273.298	0	0	682207	0	0	3
573	144	0	8.42090378	202247.894	202246.539	202221.914	202273.566	3.63418358	2273.298	0	0	682173	0	0	3
574	144	0	8.43559995	202238.021	202246.014	202221.914	202273.566	3.9498523	2273.298	0	0	682081	0	0	3
575	144	0	8.45029612	202246.39	202245.955	202221.914	202273.566	4.00813514	2273.298	0	0	681935	0	0	3
576	145	0	8.46499229	202238.054	202245.263	202221.914	202273.566	4.70076136	2273.298	0	0	681785	0	0	3
577	145	0	8.47968845	202263.108	202246.44	202222.845	202273.566	4.70076136	2273.298	0	0	681562	0	0	3
578	145	0	8.49438462	202242.283	202246.236	202222.845	202273.566	4.70076136	2273.298	0	0	681298	0	0	3
579	145	0	8.50908079	202253.18	202246.448	202222.845	202273.566	4.70076136	2273.298	0	0	681050	0	0	3
580	146	0	8.52377695	202245.561	202245.822	202222.845	202273.566	4.70076136	2273.298	0	0	681146	0	0	3
581	146	0	8.53847312	202254.13	202246.048	202222.845	202273.566	4.70076136	2273.298	0	0	681251	0	0	3
582	146	0	8.55316929	202220.956	202244.655	202220.956	202273.566	4.84664005	2273.298	0	0	681375	0	0	3
583	146	0	8.56786546	202246.999	202244.725	202220.956	202273.566	4.71642275	2273.298	0	0	681534	0	0	3
584	147	0	8.58256162	202235.011	202244.456	202220.956	202273.566	4.74045973	2273.298	0	0	681751	0	0	3
585	147	0	8.59725779	202246.019	202244.878	202220.956	202273.566	4.74045973	2273.298	0	0	681927	0	0	3
586	147	0	8.61195396	202235.276	202243.974	202220.956	202273.566	5.22262716	2273.298	0	0	682138	0	0	3
587	147	0	8.62665012	202271.502	202244.611	202220.956	202273.566	5.22262716	2273.298	0	0	682322	0	0	3
588	148	0	8.64134629	202241.538	202244.135	202220.956	202273.566	5.21636877	2273.298	0	0	682483	0	0	3
589	148	0	8.65604246	202245.944	202244.218	202220.956	202273.566	5.21636877	2273.298	0	0	682536	0	0	3
590	148	0	8.67073863	202228.928	202243.551	202220.956	202273.566	5.0969612	2273.298	0	0	682580	0	0	3
591	148	0	8.68543479	202262.018	202244.67	202220.956	202273.566	5.0969612	2273.298	0	0	682562	0	0	3
592	149	0	8.70013096	202233.062	202244.488	202220.956	202273.566	5.0969612	2273.298	0	0	682532	0	0	3
593	149	0	8.71482713	202246.948	202244.913	202220.956	202273.566	5.0969612	2273.298	0	0	682466	0	0	3
594	149	0	8.72952329	202230.331	202244.341	202220.956	202273.566	5.0969612	2273.298	0	0	682369	0	0	3
595	149	0	8.74421946	202256.3	202244.759	202220.956	202273.566	5.0969612	2273.298	0	0	682290	0	0	3
596	149	0	8.75891563	202240.98	202243.828	202220.956	202271.502	5.0969612	2273.298	0	0	682552	0	0	3
597	150	0	8.7736118	202254.932	202243.789	202220.956	202271.502	5.0969612	2273.298	0	0	682791	0	0	3
598	150	0	8.78830796	202231.738	202243.096	202220.956	202271.502	5.55211606	2273.298	0	0	683006	0	0	3
599	150	0	8.80300413	202256.812	202243.96	202220.956	202271.502	5.55211606	2273.298	0	0	683194	0	0	3
600	150	0	8.8177003	202236.584	202243.669	202220.956	202271.502	5.55211606	2273.298	0	0	683339	0	0	3
601	151	0	8.83239647	202249.251	202243.914	202220.956	202271.502	5.55211606	2273.298	0	0	683812	0	0	3
602	151	0	8.84709263	202239.872	202243.681	202220.956	202271.502	5.34540849	2273.298	0	0	683594	0	0	3
603	151	0	8.8617888	202260.919	202244.247	202220.956	202271.502	5.34540849	2273.298	0	0	684346	0	0	3
604	151	0	8.87648497	202223.294	202243.307	202220.956	202271.502	4.77080468	2273.298	0	0	683922	0	0	3
605	151	0	8.89118113	202244.345	202243.751	202220.956	202271.502	4.64919313	2273.298	0	0	684566	0	0	3
606	152	0	8.9058773	202222.623	202243.487	202220.956	202271.502	3.44331085	2273.298	0	0	684474	0	0	3
607	152	0	8.92057347	202238.141	202243.684	202220.956	202271.502	3.44331085	2273.298	0	0	684259	0	0	3
608	152	0	8.93526964	202229.843	202243.168	202220.956	202271.502	3.35184834	2273.298	0	0	683954	0	0	3
609	152	0	8.9499658	202261.914	202243.851	202220.956	202271.502	3.35184834	2273.298	0	0	683591	0	0	3
610	153	0	8.96466197	202223.583	202243.199	202220.956	202271.502	3.35184834	2273.298	0	0	683227	0	0	3
611	153	0	8.97935814	202242.412	202243.324	202220.956	202271.502	3.35184834	2273.298	0	0	682843	0	0	3
612	153	0	8.9940543	202223.662	202242.197	202220.956	202271.502	4.25079995	2273.298	0	0	682484	0	0	3
613	153	0	9.00875047	202244.432	202242.258	202220.956	202271.502	4.25079995	2273.298	0	0	682119	0	0	3
614	153	0	9.02344664	202238.088	202241.827	202220.956	202271.502	4.22104487	2273.298	0	0	681802	0	0	3
615	154	0	9.03814281	202274.519	202242.654	202220.956	202274.519	4.22104487	2273.298	0	0	681517	0	0	3
616	154	0	9.05283897	202226.911	202241.877	202220.956	202274.519	3.08601654	2273.298	0	0	681563	0	0	3
617	154	0	9.06753514	202245.627	202242.582	202222.623	202274.519	3.08601654	2273.298	0	0	681700	0	0	3
618	154	0	9.08223131	202236.497	202242.282	202222.623	202274.519	3.08601654	2273.298	0	0	681881	0	0	3
619	155	0	9.09692747	202258.899	202242.964	202222.623	202274.519	3.08601654	2273.298	0	0	682059	0	0	3
620	155	0	9.11162364	202246.719	202242.984	202222.623	202274.519	3.08601654	2273.298	0	0	682188	0	0	3
621	155	0	9.12631981	202266.038	202243.863	202222.623	202274.519	3.08601654	2273.298	0	0	682277	0	0	3
622	155	0	9.14101598	202246.847	202243.159	202222.623	202274.519	3.08601654	2273.298	0	0	682338	0	0	3
623	155	0	9.15571214	202243.173	202243.205	202222.623	202274.519	3.08601654	2273.298	0	0	682338	0	0	3
624	156	0	9.17040831	202230.305	202242.759	202222.623	202274.519	3.08601654	2273.298	0	0	682299	0	0	3
625	156	0	9.18510448	202236.722	202242.981	202222.623	202274.519	3.08601654	2273.298	0	0	682192	0	0	3
626	156	0	9.19980064	202225.211	202241.93	202222.623	202274.519	3.08601654	2273.298	0	0	682073	0	0	3
627	156	0	9.21449681	202258.727	202242.663	202222.623	202274.519	3.08601654	2273.298	0	0	681917	0	0	3
628	157	0	9.22919298	202241.57	202242.509	202222.623	202274.519	2.9316856	2273.298	0	0	681729	0	0	3
629	157	0	9.24388915	202245.783	202242.951	202222.623	202274.519	2.9316856	2273.298	0	0	681588	0	0	3
630	157	0	9.25858531	202230.948	202242.226	202222.623	202274.519	2.41991693	2273.298	0	0	681445	0	0	3
631	157	0	9.27328148	202245.489	202242.355	202222.623	202274.519	2.41991693	2273.298	0	0	681390	0	0	3
632	158	0	9.28797765	202254.322	202242.338	202222.623	202274.519	2.41991693	2273.298	0	0	681490	0	0	3
633	158	0	9.30267381	202249.876	202242.856	202222.623	202274.519	2.41991693	2273.298	0	0	681595	0	0	3
634	158	0	9.31736998	202217.99	202241.747	202217.99	202274.519	2.50027993	2273.298	0	0	681970	0	0	3
635	158	0	9.33206615	202232.271	202241.623	202217.99	202274.519	2.62350448	2273.298	0	0	682064	0	0	3
636	158	0	9.34676232	202225.862	202240.955	202217.99	202274.519	3.29176652	2273.298	0	0	682114	0	0	3
637	159	0	9.36145848	202248.134	202241.191	202217.99	202274.519	3.29176652	2273.298	0	0	682160	0	0	3
638	159	0	9.37615465	202217.879	202239.962	202217.879	202274.519	3.90146451	2273.298	0	0	682169	0	0	3
639	159	0	9.39085082	202233.769	202240.261	202217.879	202274.519	3.90146451	2273.298	0	0	682164	0	0	3
640	159	0	9.40554698	202216.77	202239.473	202216.77	202274.519	4.39001162	2273.298	0	0	682109	0	0	3
641	160	0	9.42024315	202245.532	202240.128	202216.77	202274.519	4.39001162	2273.298	0	0	682032	0	0	3
642	160	0	9.43493932	202234.861	202240.034	202216.77	202274.519	4.39001162	2273.298	0	0	681970	0	0	3
643	160	0	9.44963549	202246.225	202240.502	202216.77	202274.519	4.39001162	2273.298	0	0	681898	0	0	3
644	160	0	9.46433165	202224.755	202239.44	202216.77	202274.519	4.42280578	2273.298	0	0	681773	0	0	3
645	161	0	9.47902782	202258.156	202240.428	202216.77	202274.519	4.42280578	2273.298	0	0	681735	0	0	3
646	161	0	9.49372399	202225.789	202239.953	202216.77	202274.519	4.42280578	2273.298	0	0	681979	0	0	3
647	161	0	9.50842015	202244.743	202240.555	202216.77	202274.519	4.42280578	2273.298	0	0	682062	0	0	3
648	161	0	9.52311632	202230.68	202240.163	202216.77	202274.519	4.42280578	2273.298	0	0	682288	0	0	3
649	162	0	9.53781249	202245.816	202240.383	202216.77	202274.519	4.42280578	2273.298	0	0	682329	0	0	3
650	162	0	9.55250866	202231.04	202239.141	202216.77	202266.038	4.72199942	2273.298	0	0	682665	0	0	3
651	162	0	9.56720482	202252.553	202239.874	202216.77	202266.038	4.72199942	2273.298	0	0	682601	0	0	3
652	162	0	9.58190099	202234.699	202239.561	202216.77	202266.038	4.72199942	2273.298	0	0	683076	0	0	3
653	163	0	9.59659716	202250.816	202239.971	202216.77	202266.038	4.72199942	2273.298	0	0	682868	0	0	3
654	163	0	9.61129332	202236.375	202239.327	202216.77	202266.038	4.72199942	2273.298	0	0	683488	0	0	3
655	163	0	9.62598949	202252.764	202239.5	202216.77	202266.038	4.72199942	2273.298	0	0	683228	0	0	3
656	163	0	9.64068566	202243.593	202238.858	202216.77	202258.727	4.34690922	2273.298	0	0	683793	0	0	3
657	164	0	9.65538183	202251.903	202239.003	202216.77	202258.727	4.34690922	2273.298	0	0	683388	0	0	3
658	164	0	9.67007799	202239.413	202238.895	202216.77	202258.727	4.12274806	2273.298	0	0	683895	0	0	3
659	164	0	9.68477416	202272.582	202240.103	202216.77	202272.582	4.12274806	2273.298	0	0	683794	0	0	3
660	164	0	9.69947033	202250.949	202240.51	202216.77	202272.582	4.09220943	2273.298	0	0	683534	0	0	3
661	165	0	9.71416649	202252.222	202241.282	202216.77	202272.582	4.09220943	2273.298	0	0	683209	0	0	3
662	165	0	9.72886266	202236.844	202240.656	202216.77	202272.582	4.09220943	2273.298	0	0	682850	0	0	3
663	165	0	9.74355883	202256.22	202241.075	202216.77	202272.582	4.09220943	2273.298	0	0	682535	0	0	3
664	165	0	9.758255	202237.751	202240.846	202216.77	202272.582	3.99746967	2273.298	0	0	682253	0	0	3
665	165	0	9.77295116	202253.88	202241.501	202216.77	202272.582	3.99746967	2273.298	0	0	682010	0	0	3
666	166	0	9.78764733	202248.637	202241.591	202216.77	202272.582	3.99746967	2273.298	0	0	681792	0	0	3
667	166	0	9.8023435	202260.68	202241.772	202216.77	202272.582	3.99746967	2273.298	0	0	681636	0	0	3
668	166	0	9.81703966	202243.755	202241.597	202216.77	202272.582	2.91389006	2273.298	0	0	681704	0	0	3
669	166	0	9.83173583	202260.265	202242.805	202216.77	202272.582	3.94685618	2273.298	0	0	681457	0	0	3
670	166	0	9.846432	202248.035	202243.256	202216.77	202272.582	4.39725699	2273.298	0	0	681732	0	0	3
671	167	0	9.86112817	202267.96	202244.458	202216.77	202272.582	5.60006087	2273.298	0	0	681750	0	0	3
672	167	0	9.87582433	202261.213	202244.832	202216.77	202272.582	5.97374697	2273.298	0	0	681722	0	0	3
673	167	0	9.8905205	202260.092	202246.038	202216.77	202272.582	7.1798206	2273.298	0	0	681595	0	0	3
674	167	0	9.90521667	202245.494	202246.373	202216.77	202272.582	7.51480309	2273.298	0	0	681495	0	0	3
675	168	0	9.91991284	202269.877	202247.891	202224.755	202272.582	9.03215208	2273.298	0	0	681390	0	0	3
676	168	0	9.934609	202255.268	202248.169	202224.755	202272.582	9.31032344	2273.298	0	0	681437	0	0	3
677	168	0	9.94930517	202258.515	202248.845	202224.755	202272.582	9.98612804	2273.298	0	0	681489	0	0	3
678	168	0	9.96400134	202256.759	202249.146	202224.755	202272.582	10.2870959	2273.298	0	0	681430	0	0	3
679	168	0	9.9786975	202282.554	202250.797	202225.789	202282.554	11.9384758	2273.298	0	0	681619	0	0	3
680	169	0	9.99339367	202258.697	202250.812	202225.789	202282.554	11.953937	2273.298	0	0	681563	0	0	3
681	169	0	10.0080898	202258.708	202251.753	202230.68	202282.554	12.8944788	2273.298	0	0	681619	0	0	3
