Iteration	CPUTime	PhysTime	Travels	Value	AvValue	MinValue	MaxValue	Delta	Criteria	Progress	dGMaxMin	CriteriaType	CriteriaVarType	CriteriaPercentage
1	5	0	0.0146961672	0.000189947658	0.000189947658	0.000189947658	0.000189947658	0	0	0	0	0	0	0	3
2	5	0	0.0293923343	0.000766508627	0.000478228143	0.000189947658	0.000766508627	0.000288280485	0	0	0	0	0	0	3
3	6	0	0.0440885015	-0.000859788155	3.22227101e-05	-0.000859788155	0.000766508627	0.000446005432	0	0	0	0	0	0	3
4	6	0	0.0587846687	-9.37583538e-06	2.18230737e-05	-0.000859788155	0.000766508627	0.000456405069	0	0	0	0	0	0	3
5	6	0	0.0734808358	0.000531866568	0.000123831773	-0.000859788155	0.000766508627	0.000456405069	0	0	0	0	0	0	3
6	7	0	0.088177003	0.000356621824	0.000162630114	-0.000859788155	0.000766508627	0.000456405069	0	0	0	0	0	0	3
7	7	0	0.10287317	5.53844875e-05	0.000147309311	-0.000859788155	0.000766508627	0.000456405069	0	0	0	0	0	0	3
8	7	0	0.117569337	6.07160125e-06	0.000129654597	-0.000859788155	0.000766508627	0.000456405069	0	0	0	0	0	0	3
9	7	0	0.132265504	1.46147588e-06	0.000115410917	-0.000859788155	0.000766508627	0.000456405069	0	0	0	0	0	0	3
10	7	0	0.146961672	1.57200258e-06	0.000104027025	-0.000859788155	0.000766508627	0.000456405069	0	0	0	0	0	0	3
11	8	0	0.161657839	-6.51824333e-07	9.45107663e-05	-0.000859788155	0.000766508627	0.000456405069	0	0	0	0	0	0	3
12	8	0	0.176354006	-7.88041985e-06	8.59781675e-05	-0.000859788155	0.000766508627	0.000456405069	0	0	0	0	0	0	3
13	8	0	0.191050173	5.38831043e-06	7.97789477e-05	-0.000859788155	0.000766508627	0.000456405069	0	0	0	0	0	0	3
14	8	0	0.20574634	7.1502383e-06	7.45911828e-05	-0.000859788155	0.000766508627	0.000456405069	0	0	0	0	0	0	3
15	8	0	0.220442507	8.48466581e-06	7.01840816e-05	-0.000859788155	0.000766508627	0.000456405069	0	0	0	0	0	0	3
16	8	0	0.235138675	5.74374116e-06	6.61565603e-05	-0.000859788155	0.000766508627	0.000456405069	0	0	0	0	0	0	3
17	9	0	0.249834842	-9.79700112e-08	6.2259235e-05	-0.000859788155	0.000766508627	0.000456405069	0	0	0	0	0	0	3
18	9	0	0.264531009	7.31588335e-06	5.92068266e-05	-0.000859788155	0.000766508627	0.000456405069	0	0	0	0	0	0	3
19	9	0	0.279227176	4.05090942e-05	5.82227354e-05	-0.000859788155	0.000766508627	0.000456405069	0	0	0	0	0	0	3
20	9	0	0.293923343	9.35137305e-05	5.99872852e-05	-0.000859788155	0.000766508627	0.000456405069	0	0	0	0	0	0	3
21	9	0	0.30861951	0.000123762134	6.30241827e-05	-0.000859788155	0.000766508627	0.000456405069	0	0	0	0	0	0	3
22	10	0	0.323315678	0.000148953348	6.69300539e-05	-0.000859788155	0.000766508627	0.000456405069	0	0	0	0	0	0	3
23	10	0	0.338011845	0.000141481205	7.01714083e-05	-0.000859788155	0.000766508627	0.000456405069	0	0	0	0	0	0	3
24	10	0	0.352708012	0.000109759077	7.18208945e-05	-0.000859788155	0.000766508627	0.000456405069	0	0	0	0	0	0	3
25	10	0	0.367404179	7.03617508e-05	7.17625287e-05	-0.000859788155	0.000766508627	0.000456405069	0	0	0	0	0	0	3
26	10	0	0.382100346	2.54525377e-05	6.99813752e-05	-0.000859788155	0.000766508627	0.000456405069	0	0	0	0	0	0	3
27	10	0	0.396796513	-3.24624886e-05	6.61871581e-05	-0.000859788155	0.000766508627	0.000456405069	0	0	0	0	0	0	3
28	11	0	0.411492681	-0.000116990047	5.9645115e-05	-0.000859788155	0.000766508627	0.000456405069	0	0	0	0	0	0	3
29	11	0	0.426188848	-0.000205383646	5.05061922e-05	-0.000859788155	0.000766508627	0.000456405069	0	0	0	0	0	0	3
30	11	0	0.440885015	-0.00028759299	3.92362195e-05	-0.000859788155	0.000766508627	0.000456405069	0	0	0	0	0	0	3
31	11	0	0.455581182	-0.000345031731	2.68404792e-05	-0.000859788155	0.000766508627	0.000456405069	0	0	0	0	0	0	3
32	11	0	0.470277349	-0.000391450129	1.37688977e-05	-0.000859788155	0.000766508627	0.000464459245	0	0	0	0	0	0	3
33	11	0	0.484973516	-0.00043160254	2.72793484e-07	-0.000859788155	0.000766508627	0.000477955349	0	0	0	0	0	0	3
34	12	0	0.499669684	-0.000467923323	-1.34976805e-05	-0.000859788155	0.000766508627	0.000491725823	0	0	0	0	0	0	3
35	12	0	0.514365851	-0.000498628298	-2.73585553e-05	-0.000859788155	0.000766508627	0.000505586698	0	0	0	0	0	0	3
36	12	0	0.529062018	-0.000518647302	-4.76041256e-05	-0.000859788155	0.000766508627	0.000525832268	0	0	0	0	0	0	3
37	12	0	0.543758185	-0.000533884549	-8.47582163e-05	-0.000859788155	0.000531866568	0.000247388331	0	0	0	0	0	0	3
38	12	0	0.558454352	-0.000546676458	-7.58121678e-05	-0.000546676458	0.000531866568	0.000247388331	0	0	0	0	0	0	3
39	12	0	0.573150519	-0.00055701865	-9.14591054e-05	-0.00055701865	0.000531866568	0.00025408922	0	0	0	0	0	0	3
40	13	0	0.587846687	-0.000563737875	-0.000122762089	-0.000563737875	0.000356621824	0.000285392204	0	0	0	0	0	0	3
41	13	0	0.602542854	-0.000564766882	-0.000149087481	-0.000564766882	0.000148953348	0.000296396792	0	0	0	0	0	0	3
42	13	0	0.617239021	-0.000571196655	-0.000166989799	-0.000571196655	0.000148953348	0.000296644396	0	0	0	0	0	0	3
43	13	0	0.631935188	-0.000575671685	-0.000183611036	-0.000575671685	0.000148953348	0.000299021953	0	0	0	0	0	0	3
44	13	0	0.646631355	-0.000577087537	-0.000200141008	-0.000577087537	0.000148953348	0.000304168033	0	0	0	0	0	0	3
45	13	0	0.661327522	-0.000581896959	-0.00021681155	-0.000581896959	0.000148953348	0.000311322316	0	0	0	0	0	0	3
46	14	0	0.67602369	-0.00058521768	-0.000233513431	-0.00058521768	0.000148953348	0.000319491599	0	0	0	0	0	0	3
47	14	0	0.690719857	-0.000588951148	-0.000250115452	-0.000588951148	0.000148953348	0.0003298944	0	0	0	0	0	0	3
48	14	0	0.705416024	-0.000590136123	-0.000267130436	-0.000590136123	0.000148953348	0.000341721619	0	0	0	0	0	0	3
49	14	0	0.720112191	-0.000591544837	-0.00028423601	-0.000591544837	0.000148953348	0.000356056904	0	0	0	0	0	0	3
50	14	0	0.734808358	-0.000591746441	-0.00030138547	-0.000591746441	0.000148953348	0.000373206364	0	0	0	0	0	0	3
51	14	0	0.749504525	-0.000591228597	-0.000318441822	-0.000591746441	0.000148953348	0.000390262717	0	0	0	0	0	0	3
52	15	0	0.764200692	-0.000590428589	-0.000335308411	-0.000591746441	0.000148953348	0.000407129306	0	0	0	0	0	0	3
53	15	0	0.77889686	-0.00059181745	-0.000352426507	-0.00059181745	0.000148953348	0.000424247401	0	0	0	0	0	0	3
54	15	0	0.793593027	-0.000593274266	-0.000370534603	-0.000593274266	0.000148953348	0.000442355497	0	0	0	0	0	0	3
55	15	0	0.808289194	-0.000594214544	-0.000390183982	-0.000594214544	0.000148953348	0.000462004876	0	0	0	0	0	0	3
56	15	0	0.822985361	-0.000595562558	-0.000410736116	-0.000595562558	0.000148953348	0.00048255701	0	0	0	0	0	0	3
57	15	0	0.837681528	-0.000597109052	-0.000432052185	-0.000597109052	0.000141481205	0.000503873079	0	0	0	0	0	0	3
58	16	0	0.852377695	-0.000598558947	-0.000453196189	-0.000598558947	0.000109759077	0.000525017083	0	0	0	0	0	0	3
59	16	0	0.867073863	-0.000599198289	-0.000473452114	-0.000599198289	7.03617508e-05	0.000545214642	0	0	0	0	0	0	3
60	16	0	0.88177003	-0.000599816383	-0.00049260006	-0.000599816383	2.54525377e-05	0.000562581436	0	0	0	0	0	0	3
61	16	0	0.896466197	-0.000599913085	-0.00051046765	-0.000599913085	-3.24624886e-05	0.000567450596	0	0	0	0	0	0	3
62	16	0	0.911162364	-0.000598620852	-0.000526643603	-0.000599913085	-0.000116990047	0.000482923038	0	0	0	0	0	0	3
63	16	0	0.925858531	-0.00059734309	-0.000540367975	-0.000599913085	-0.000205383646	0.000394529439	0	0	0	0	0	0	3
64	17	0	0.940554698	-0.000597953742	-0.000551584264	-0.000599913085	-0.00028759299	0.000312320094	0	0	0	0	0	0	3
65	17	0	0.955250866	-0.000598253189	-0.00056046027	-0.000599913085	-0.000345031731	0.000254881354	0	0	0	0	0	0	3
66	17	0	0.969947033	-0.000598622832	-0.00056770573	-0.000599913085	-0.000391450129	0.000208462956	0	0	0	0	0	0	3
67	17	0	0.9846432	-0.00059858469	-0.00057362386	-0.000599913085	-0.00043160254	0.000168310545	0	0	0	0	0	0	3
68	17	0	0.999339367	-0.000597990785	-0.00057837781	-0.000599913085	-0.000467923323	0.000131989762	0	0	0	0	0	0	3
69	17	0	1.01403553	-0.000597430032	-0.000582078001	-0.000599913085	-0.000498628298	0.000101284787	0.000143623158	0	0	0	0	0	3
70	18	0	1.0287317	-0.00059821489	-0.000584923333	-0.000599913085	-0.000518647302	8.12657833e-05	0.000143535027	0	0	0	0	0	3
71	18	0	1.04342787	-0.000599097072	-0.000587221898	-0.000599913085	-0.000533884549	6.60285363e-05	0.000146059829	0	0	0	0	0	3
72	18	0	1.05812404	-0.000598995729	-0.000589082217	-0.000599913085	-0.000546676458	5.32366267e-05	0.000143473825	0	0	0	0	0	3
73	18	0	1.0728202	-0.000597480762	-0.000590533768	-0.000599913085	-0.00055701865	4.28944344e-05	0.000146066215	0	0	0	0	0	3
74	19	0	1.08751637	-0.000593927349	-0.000591588303	-0.000599913085	-0.000563737875	3.61752103e-05	0.000143639432	0	0	0	0	0	3
75	19	0	1.10221254	-0.000588357675	-0.000592291726	-0.000599913085	-0.000564766882	3.51462027e-05	0.000146380966	0	0	0	0	0	3
76	19	0	1.1169087	-0.000581824415	-0.000592779084	-0.000599913085	-0.000571196655	2.87164303e-05	0.000143874824	0	0	0	0	0	3
77	19	0	1.13160487	-0.00057472809	-0.000592879982	-0.000599913085	-0.00057472809	2.51849948e-05	0.000146554975	0	0	0	0	0	3
78	19	0	1.14630104	-0.000567859303	-0.000592656771	-0.000599913085	-0.000567859303	3.20537819e-05	0.000144059842	0	0	0	0	0	3
79	20	0	1.16099721	-0.00056057874	-0.000592185091	-0.000599913085	-0.00056057874	3.93343445e-05	0.000144005554	0	0	0	0	0	3
80	20	0	1.17569337	-0.000553460037	-0.000591372608	-0.000599913085	-0.000553460037	4.64530477e-05	0.000144022266	0	0	0	0	0	3
81	20	0	1.19038954	-0.000546226575	-0.000590258576	-0.000599913085	-0.000546226575	5.36865095e-05	0.000144076289	0	0	0	0	0	3
82	20	0	1.20508571	-0.000538871011	-0.000588827715	-0.000599913085	-0.000538871011	6.10420738e-05	0.000144140846	0	0	0	0	0	3
83	20	0	1.21978187	-0.000531404939	-0.000587149681	-0.000599913085	-0.000531404939	6.85081462e-05	0.000144227357	0	0	0	0	0	3
84	21	0	1.23447804	-0.000524475284	-0.000585233408	-0.000599913085	-0.000524475284	7.54378011e-05	0.000144291978	0	0	0	0	0	3
85	21	0	1.24917421	-0.00051737637	-0.000583108549	-0.000599913085	-0.00051737637	8.25367153e-05	0.000144378285	0	0	0	0	0	3
86	21	0	1.26387038	-0.000508459252	-0.00058074371	-0.000599913085	-0.000508459252	9.14538326e-05	0.000144564589	0	0	0	0	0	3
87	21	0	1.27856654	-0.000500420293	-0.000578172045	-0.000599913085	-0.000500420293	9.94927915e-05	0.000144700625	0	0	0	0	0	3
88	22	0	1.29326271	-0.000494379855	-0.000575388114	-0.000599913085	-0.000494379855	0.00010553323	0.000144683304	0	0	0	0	0	3
89	22	0	1.30795888	-0.000490102296	-0.000572440343	-0.000599913085	-0.000490102296	0.000109810788	0.00014466448	0	0	0	0	0	3
90	22	0	1.32265504	-0.000486977362	-0.000569376424	-0.000599913085	-0.000486977362	0.000112935723	0.000144662219	0	0	0	0	0	3
91	22	0	1.33735121	-0.000484384619	-0.000566199911	-0.000599913085	-0.000484384619	0.000115528466	0.000144684804	0	0	0	0	0	3
92	22	0	1.35204738	-0.000481718332	-0.000562903033	-0.000599913085	-0.000481718332	0.000118194753	0.000144720705	0	0	0	0	0	3
93	23	0	1.36674355	-0.000479369048	-0.000559497608	-0.000599913085	-0.000479369048	0.000119427868	0.000144741477	0	0	0	0	0	3
94	23	0	1.38143971	-0.000476684623	-0.000555997217	-0.000599913085	-0.000476684623	0.000100279922	0.000144741079	0	0	0	0	0	3
95	23	0	1.39613588	-0.000474534212	-0.000552417727	-0.000599913085	-0.000474534212	8.24123323e-05	0.000144716251	0	0	0	0	0	3
96	23	0	1.41083205	-0.000471859308	-0.000548759047	-0.000599097072	-0.000471859308	6.6236379e-05	0.000144690683	0	0	0	0	0	3
97	24	0	1.42552821	-0.000468950333	-0.000545054175	-0.000599097072	-0.000468950333	5.25120064e-05	0.000144673272	0	0	0	0	0	3
98	24	0	1.44022438	-0.000465920366	-0.00054129924	-0.000599097072	-0.000465920366	5.15807415e-05	0.000144685552	0	0	0	0	0	3
99	24	0	1.45492055	-0.000462972883	-0.000537442644	-0.000599097072	-0.000462972883	5.54373375e-05	0.000144660971	0	0	0	0	0	3
100	24	0	1.46961672	-0.000459147107	-0.000533468185	-0.000599097072	-0.000459147107	5.9411797e-05	0.000144672237	0	0	0	0	0	3
101	24	0	1.48431288	-0.000455518789	-0.000529379498	-0.000599097072	-0.000455518789	6.35004839e-05	0.000144692115	0	0	0	0	0	3
102	25	0	1.49900905	-0.000450713479	-0.000525154606	-0.000599097072	-0.000450713479	6.77253757e-05	0.00014473117	0	0	0	0	0	3
103	25	0	1.51370522	-0.000445422181	-0.000520795503	-0.000599097072	-0.000445422181	7.20844787e-05	0.000144778122	0	0	0	0	0	3
104	25	0	1.52840138	-0.000439618874	-0.000516286613	-0.000599097072	-0.000439618874	7.65933689e-05	0.000144826375	0	0	0	0	0	3
105	25	0	1.54309755	-0.000433265124	-0.000511573762	-0.000599097072	-0.000433265124	8.13062193e-05	0.000144868651	0	0	0	0	0	3
106	26	0	1.55779372	-0.00042613659	-0.000506632034	-0.000598995729	-0.00042613659	8.62479474e-05	0.000144907788	0	0	0	0	0	3
107	26	0	1.57248989	-0.000418366943	-0.000501471212	-0.000597480762	-0.000418366943	9.14087698e-05	0.000144967345	0	0	0	0	0	3
108	26	0	1.58718605	-0.000410710657	-0.000496134923	-0.000593927349	-0.000410710657	9.67450586e-05	0.000144959913	0	0	0	0	0	3
109	26	0	1.60188222	-0.000402949599	-0.000490678416	-0.000588357675	-0.000402949599	0.000102201566	0.000144969523	0	0	0	0	0	3
110	26	0	1.61657839	-0.000397486181	-0.000485224945	-0.000581824415	-0.000397486181	0.000107655037	0.000144956199	0	0	0	0	0	3
111	27	0	1.63127456	-0.000392458162	-0.000479814481	-0.00057472809	-0.000392458162	0.000113065501	0.000144951832	0	0	0	0	0	3
112	27	0	1.64597072	-0.000387454382	-0.000474463803	-0.000567859303	-0.000387454382	0.000118192968	0.000144965048	0	0	0	0	0	3
113	27	0	1.66066689	-0.000381658931	-0.000469143793	-0.00056057874	-0.000381658931	0.000123041298	0.000144997594	0	0	0	0	0	3
114	27	0	1.67536306	-0.00037586853	-0.000463866358	-0.000553460037	-0.00037586853	0.00012750625	0.000145029361	0	0	0	0	0	3
115	28	0	1.69005922	-0.000369593803	-0.000458613037	-0.000546226575	-0.000369593803	0.000131645539	0.000145086031	0	0	0	0	0	3
116	28	0	1.70475539	-0.000363849185	-0.000453402254	-0.000538871011	-0.000363849185	0.00013542546	0.000145069309	0	0	0	0	0	3
117	28	0	1.71945156	-0.000357971972	-0.00044823371	-0.000531404939	-0.000357971972	0.000138915971	0.000145069801	0	0	0	0	0	3
118	28	0	1.73414773	-0.000352765103	-0.000443129715	-0.000524475284	-0.000352765103	0.000142103693	0.000145054443	0	0	0	0	0	3
119	28	0	1.74884389	-0.000346875905	-0.000438055447	-0.00051737637	-0.000346875905	0.000145053102	0.000145048407	0	0	0	0	0	3
120	29	0	1.76354006	-0.000341686571	-0.000433035739	-0.000508459252	-0.000341686571	0.000147707972	0.000145039623	0	0	0	0	0	3
121	29	0	1.77823623	-0.000336364674	-0.000428118751	-0.000500420293	-0.000336364674	0.000150053294	0.000145037812	0	0	0	0	0	3
122	29	0	1.79293239	-0.00033195938	-0.000423305582	-0.000494379855	-0.00033195938	0.000152082532	0.000145022727	0	0	0	0	0	3
123	29	0	1.80762856	-0.000327469439	-0.000418536713	-0.000490102296	-0.000327469439	0.00015390363	0.000145027338	0	0	0	0	0	3
124	30	0	1.82232473	-0.00032266424	-0.000413752768	-0.000486977362	-0.00032266424	0.000155623655	0.000144970916	0	0	0	0	0	3
125	30	0	1.8370209	-0.000316645971	-0.000408886157	-0.000484384619	-0.000316645971	0.000157313754	0.000144944731	0	0	0	0	0	3
126	30	0	1.85171706	-0.00031026662	-0.000403911357	-0.000481718332	-0.00031026662	0.000158991676	0.000144912827	0	0	0	0	0	3
127	30	0	1.86641323	-0.000303073994	-0.000398807233	-0.000479369048	-0.000303073994	0.000160690374	0.000144879364	0	0	0	0	0	3
128	30	0	1.8811094	-0.000296599398	-0.000393585243	-0.000476684623	-0.000296599398	0.000162411974	0.000144825934	0	0	0	0	0	3
129	31	0	1.89580556	-0.000290222646	-0.000388257758	-0.000474534212	-0.000290222646	0.000164159969	0.000144763213	0	0	0	0	0	3
130	31	0	1.91050173	-0.000283602976	-0.00038280258	-0.000471859308	-0.000283602976	0.000165956467	0.000144720836	0	0	0	0	0	3
131	31	0	1.9251979	-0.000277246782	-0.000377242222	-0.000468950333	-0.000277246782	0.000167811953	0.000144601788	0	0	0	0	0	3
132	31	0	1.93989407	-0.000271816308	-0.000371609821	-0.000465920366	-0.000271816308	0.000169689419	0.000144471164	0	0	0	0	0	3
133	32	0	1.95459023	-0.00026505353	-0.000365870769	-0.000462972883	-0.00026505353	0.000171571875	0.000149671712	0	0	0	0	0	3
134	32	0	1.9692864	-0.000259237598	-0.000360049761	-0.000459147107	-0.000259237598	0.000173418424	0.000144270886	0	0	0	0	0	3
135	32	0	1.98398257	-0.000252092144	-0.000354133905	-0.000455518789	-0.000252092144	0.000175245593	0.000149468659	0	0	0	0	0	3
136	32	0	1.99867873	-0.000247330674	-0.000348185673	-0.000450713479	-0.000247330674	0.000176968933	0.000144208741	0	0	0	0	0	3
137	32	0	2.0133749	-0.000240988897	-0.000342193542	-0.000445422181	-0.000240988897	0.000178601961	0.00014956843	0	0	0	0	0	3
138	33	0	2.02807107	-0.000234438863	-0.000336165447	-0.000439618874	-0.000234438863	0.000180121166	0.000144326881	0	0	0	0	0	3
139	33	0	2.04276724	-0.000230029121	-0.000330177168	-0.000433265124	-0.000230029121	0.000181396594	0.00014957476	0	0	0	0	0	3
140	33	0	2.0574634	-0.000226471502	-0.000324268779	-0.00042613659	-0.000226471502	0.000182363255	0.000144249497	0	0	0	0	0	3
141	33	0	2.07215957	-0.000223429879	-0.000318477159	-0.000418366943	-0.000223429879	0.000182994053	0.000149500744	0	0	0	0	0	3
142	34	0	2.08685574	-0.000220272695	-0.000312817323	-0.000410710657	-0.000220272695	0.0001833176	0.000144221133	0	0	0	0	0	3
143	34	0	2.1015519	-0.000218582733	-0.000307327954	-0.000402949599	-0.000218582733	0.000183350462	0.000149524141	0	0	0	0	0	3
144	34	0	2.11624807	-0.000214055577	-0.000301930982	-0.000397486181	-0.000214055577	0.000183293963	0.000144371094	0	0	0	0	0	3
145	34	0	2.13094424	-0.000208041387	-0.000296518274	-0.000392458162	-0.000208041387	0.000183296207	0.000146954052	0	0	0	0	0	3
146	34	0	2.14564041	-0.000201844643	-0.000291072173	-0.000387454382	-0.000201844643	0.00018339163	0.000144441382	0	0	0	0	0	3
147	35	0	2.16033657	-0.000195682998	-0.000285592991	-0.000381658931	-0.000195682998	0.000183550802	0.0001444105	0	0	0	0	0	3
148	35	0	2.17503274	-0.000189607729	-0.000280105813	-0.00037586853	-0.000189607729	0.000183760545	0.000144476382	0	0	0	0	0	3
149	35	0	2.18972891	-0.000181550873	-0.00027455388	-0.000369593803	-0.000181550873	0.000184059157	0.000144440667	0	0	0	0	0	3
150	35	0	2.20442507	-0.000174382504	-0.000268976415	-0.000363849185	-0.000174382504	0.00018442584	0.000144548891	0	0	0	0	0	3
151	36	0	2.21912124	-0.00016615608	-0.00026332804	-0.000357971972	-0.00016615608	0.00018490567	0.000144577925	0	0	0	0	0	3
152	36	0	2.23381741	-0.000157678436	-0.000257605368	-0.000352765103	-0.000157678436	0.000185524347	0.000144588777	0	0	0	0	0	3
153	36	0	2.24851358	-0.000151480997	-0.000251854393	-0.000346875905	-0.000151480997	0.000186201054	0.00014451026	0	0	0	0	0	3
154	36	0	2.26320974	-0.000147890023	-0.000246169082	-0.000341686571	-0.000147890023	0.000186866656	0.000144480372	0	0	0	0	0	3
155	36	0	2.27790591	-0.000145038458	-0.000240550565	-0.000336364674	-0.000145038458	0.000187568186	0.00014439452	0	0	0	0	0	3
156	37	0	2.29260208	-0.000143378059	-0.000235036662	-0.00033195938	-0.000143378059	0.00018826892	0.000144433894	0	0	0	0	0	3
157	37	0	2.30729824	-0.000145041632	-0.000229696155	-0.000327469439	-0.000143378059	0.00018409138	0.000144330129	0	0	0	0	0	3
158	37	0	2.32199441	-0.000143313813	-0.000224434565	-0.00032266424	-0.000143313813	0.000179350427	0.000144368275	0	0	0	0	0	3
159	37	0	2.33669058	-0.000139532899	-0.000219202241	-0.000316645971	-0.000139532899	0.000177113072	0.000144382747	0	0	0	0	0	3
160	37	0	2.35138675	-0.000135296711	-0.000214020834	-0.00031026662	-0.000135296711	0.00017496991	0.000144493092	0	0	0	0	0	3
161	38	0	2.36608291	-0.000131330223	-0.000208908365	-0.000303073994	-0.000131330223	0.000171743771	0.000143900393	0	0	0	0	0	3
162	38	0	2.38077908	-0.000126017774	-0.000203849616	-0.000296599398	-0.000126017774	0.000170581625	0.00014428466	0	0	0	0	0	3
163	38	0	2.39547525	-0.000119339178	-0.000198785038	-0.000290222646	-0.000119339178	0.000170883468	0.000143905962	0	0	0	0	0	3
164	38	0	2.41017141	-0.000115176691	-0.000193783725	-0.000283602976	-0.000115176691	0.000168426285	0.000143878845	0	0	0	0	0	3
165	39	0	2.42486758	-0.000112216951	-0.000188886982	-0.000277246782	-0.000112216951	0.000165029831	0.000143891211	0	0	0	0	0	3
166	39	0	2.43956375	-0.000108085744	-0.000184053809	-0.000271816308	-0.000108085744	0.000163730564	0.000143870694	0	0	0	0	0	3
167	39	0	2.45425992	-0.000106027007	-0.000179316972	-0.00026505353	-0.000106027007	0.000159026523	0.000143840716	0	0	0	0	0	3
168	39	0	2.46895608	-0.000102111392	-0.000174661482	-0.000259237598	-0.000102111392	0.000157126205	0.000143828917	0	0	0	0	0	3
169	39	0	2.48365225	-9.91198483e-05	-0.00017008669	-0.000252092144	-9.91198483e-05	0.000152972295	0.00014382236	0	0	0	0	0	3
170	40	0	2.49834842	-9.82597808e-05	-0.000165691479	-0.000247330674	-9.82597808e-05	0.000149070893	0.000143816996	0	0	0	0	0	3
171	40	0	2.51304458	-9.42812309e-05	-0.000161318638	-0.000240988897	-9.42812309e-05	0.000146707666	0.000143836259	0	0	0	0	0	3
172	40	0	2.52774075	-9.22969123e-05	-0.000157070296	-0.000234438863	-9.22969123e-05	0.000142141951	0.00014376052	0	0	0	0	0	3
173	40	0	2.54243692	-9.14817428e-05	-0.000152985806	-0.000230029121	-9.14817428e-05	0.000138547379	0.000143829074	0	0	0	0	0	3
174	40	0	2.55713309	-9.08609031e-05	-0.000149009572	-0.000226471502	-9.08609031e-05	0.000135610599	0.000146311231	0	0	0	0	0	3
175	41	0	2.57182925	-9.07806557e-05	-0.00014513269	-0.000223429879	-9.07806557e-05	0.000132649223	0.000143789385	0	0	0	0	0	3
176	41	0	2.58652542	-8.88352034e-05	-0.000141287128	-0.000220272695	-8.88352034e-05	0.000131437491	0.000146284349	0	0	0	0	0	3
177	41	0	2.60122159	-8.86310176e-05	-0.000137525937	-0.000218582733	-8.86310176e-05	0.000129951715	0.000143842186	0	0	0	0	0	3
178	41	0	2.61591776	-8.75070909e-05	-0.000133780919	-0.000214055577	-8.75070909e-05	0.000126548486	0.000146365355	0	0	0	0	0	3
179	42	0	2.63061392	-8.44608028e-05	-0.000130078211	-0.000208041387	-8.44608028e-05	0.000123580584	0.000143897761	0	0	0	0	0	3
180	42	0	2.64531009	-8.24015536e-05	-0.000126488502	-0.000201844643	-8.24015536e-05	0.000119443089	0.000146292485	0	0	0	0	0	3
181	42	0	2.66000626	-8.07400841e-05	-0.000123028371	-0.000195682998	-8.07400841e-05	0.000114942914	0.00014377746	0	0	0	0	0	3
182	42	0	2.67470242	-7.81990727e-05	-0.000119671688	-0.000189607729	-7.81990727e-05	0.000111408657	0.000146380546	0	0	0	0	0	3
183	42	0	2.68939859	-7.59474766e-05	-0.000116424252	-0.000181550873	-7.59474766e-05	0.000105603396	0.000143785979	0	0	0	0	0	3
184	43	0	2.70409476	-7.3624668e-05	-0.000113340646	-0.000174382504	-7.3624668e-05	0.000100757836	0.000143772552	0	0	0	0	0	3
185	43	0	2.71879093	-7.18050827e-05	-0.000110409863	-0.00016615608	-7.18050827e-05	9.43509974e-05	0.000143811909	0	0	0	0	0	3
186	43	0	2.73348709	-6.72973637e-05	-0.000107585328	-0.000157678436	-6.72973637e-05	9.03810718e-05	0.000143866594	0	0	0	0	0	3
187	43	0	2.74818326	-6.35002409e-05	-0.000104894522	-0.000151480997	-6.35002409e-05	8.79807563e-05	0.000143902976	0	0	0	0	0	3
188	44	0	2.76287943	-6.03914523e-05	-0.000102291964	-0.000147890023	-6.03914523e-05	8.74985711e-05	0.00014381284	0	0	0	0	0	3
189	44	0	2.77757559	-5.89259452e-05	-9.97501331e-05	-0.000145041632	-5.89259452e-05	8.61156866e-05	0.00014375212	0	0	0	0	0	3
190	44	0	2.79227176	-5.96191822e-05	-9.73095824e-05	-0.000145041632	-5.89259452e-05	8.61156866e-05	0.000143812223	0	0	0	0	0	3
191	44	0	2.80696793	-5.85156023e-05	-9.48849408e-05	-0.000145041632	-5.85156023e-05	8.65260295e-05	0.000143801183	0	0	0	0	0	3
192	44	0	2.8216641	-6.26381729e-05	-9.25305562e-05	-0.000143313813	-5.85156023e-05	8.47982106e-05	0.000143754385	0	0	0	0	0	3
193	45	0	2.83636026	-6.31706364e-05	-9.02407512e-05	-0.000139532899	-5.85156023e-05	8.10172964e-05	0.000146317277	0	0	0	0	0	3
194	45	0	2.85105643	-6.22669306e-05	-8.80331521e-05	-0.000135296711	-5.85156023e-05	7.67811082e-05	0.000143868363	0	0	0	0	0	3
195	45	0	2.8657526	-5.86334293e-05	-8.58427726e-05	-0.000131330223	-5.85156023e-05	7.28146208e-05	0.000146493737	0	0	0	0	0	3
196	45	0	2.88044876	-5.5382867e-05	-8.36728482e-05	-0.000126017774	-5.5382867e-05	7.06349067e-05	0.000143941016	0	0	0	0	0	3
197	46	0	2.89514493	-5.41082473e-05	-8.16182903e-05	-0.000119339178	-5.41082473e-05	6.52309311e-05	0.000143914936	0	0	0	0	0	3
198	46	0	2.9098411	-5.19051958e-05	-7.96916051e-05	-0.000115176691	-5.19051958e-05	6.32714953e-05	0.000143874435	0	0	0	0	0	3
199	46	0	2.92453727	-4.87312076e-05	-7.77931627e-05	-0.000112216951	-4.87312076e-05	6.34857434e-05	0.000143942843	0	0	0	0	0	3
200	46	0	2.93923343	-4.582864e-05	-7.58963538e-05	-0.000108085744	-4.582864e-05	6.22571041e-05	0.000143892522	0	0	0	0	0	3
201	46	0	2.9539296	-4.40695167e-05	-7.40673187e-05	-0.000106027007	-4.40695167e-05	6.19574899e-05	0.000143910809	0	0	0	0	0	3
202	47	0	2.96862577	-4.30004279e-05	-7.22665593e-05	-0.000102111392	-4.30004279e-05	5.91109645e-05	0.000143804273	0	0	0	0	0	3
203	47	0	2.98332193	-4.42792301e-05	-7.06142118e-05	-9.91198483e-05	-4.30004279e-05	5.61194204e-05	0.000144171989	0	0	0	0	0	3
204	47	0	2.9980181	-4.42072151e-05	-6.90452795e-05	-9.82597808e-05	-4.30004279e-05	5.52593529e-05	0.00014386202	0	0	0	0	0	3
205	47	0	3.01271427	-4.51128938e-05	-6.7526797e-05	-9.42812309e-05	-4.30004279e-05	5.1280803e-05	0.000143887412	0	0	0	0	0	3
206	48	0	3.02741044	-4.34398031e-05	-6.60741847e-05	-9.22969123e-05	-4.30004279e-05	4.92964844e-05	0.00014382207	0	0	0	0	0	3
207	48	0	3.0421066	-4.29934683e-05	-6.46655149e-05	-9.14817428e-05	-4.29934683e-05	4.84882745e-05	0.000144125367	0	0	0	0	0	3
208	48	0	3.05680277	-4.23349894e-05	-6.3261322e-05	-9.08609031e-05	-4.23349894e-05	4.85259136e-05	0.000143751945	0	0	0	0	0	3
209	48	0	3.07149894	-4.09874779e-05	-6.1836367e-05	-9.07806557e-05	-4.09874779e-05	4.97931778e-05	0.000143895755	0	0	0	0	0	3
210	48	0	3.0861951	-4.09176357e-05	-6.04117092e-05	-8.88352034e-05	-4.09176357e-05	4.79175677e-05	0.000143943363	0	0	0	0	0	3
211	49	0	3.10089127	-3.97795238e-05	-5.90101184e-05	-8.86310176e-05	-3.97795238e-05	4.88514938e-05	0.000143960313	0	0	0	0	0	3
212	49	0	3.11558744	-4.08698699e-05	-5.76455142e-05	-8.75070909e-05	-3.97795238e-05	4.7727567e-05	0.000143847794	0	0	0	0	0	3
213	49	0	3.13028361	-4.10052574e-05	-5.63168904e-05	-8.44608028e-05	-3.97795238e-05	4.4681279e-05	0.000143867565	0	0	0	0	0	3
214	49	0	3.14497977	-4.30009562e-05	-5.51323233e-05	-8.24015536e-05	-3.97795238e-05	4.26220298e-05	0.000143854043	0	0	0	0	0	3
215	50	0	3.15967594	-4.23697632e-05	-5.39885579e-05	-8.07400841e-05	-3.97795238e-05	4.09605602e-05	0.000143932715	0	0	0	0	0	3
216	50	0	3.17437211	-4.37867967e-05	-5.29327497e-05	-7.81990727e-05	-3.97795238e-05	3.84195488e-05	0.000143903883	0	0	0	0	0	3
217	50	0	3.18906827	-4.20714125e-05	-5.19005308e-05	-7.59474766e-05	-3.97795238e-05	3.61679527e-05	0.00014399784	0	0	0	0	0	3
218	50	0	3.20376444	-4.0460658e-05	-5.08866217e-05	-7.3624668e-05	-3.97795238e-05	3.38451442e-05	0.000144274059	0	0	0	0	0	3
219	50	0	3.21846061	-3.7595213e-05	-4.98572087e-05	-7.18050827e-05	-3.7595213e-05	3.42098697e-05	0.000144319829	0	0	0	0	0	3
220	51	0	3.23315678	-3.46729918e-05	-4.87962918e-05	-6.72973637e-05	-3.46729918e-05	3.26243719e-05	0.000144227701	0	0	0	0	0	3
221	51	0	3.24785294	-3.67127617e-05	-4.79224461e-05	-6.35002409e-05	-3.46729918e-05	2.88272491e-05	0.000146823257	0	0	0	0	0	3
222	51	0	3.26254911	-3.74619664e-05	-4.71784954e-05	-6.31706364e-05	-3.46729918e-05	2.84976446e-05	0.00014378128	0	0	0	0	0	3
223	51	0	3.27724528	-3.44735817e-05	-4.64379848e-05	-6.31706364e-05	-3.44735817e-05	2.86970547e-05	0.000146733892	0	0	0	0	0	3
224	52	0	3.29194144	-3.38557586e-05	-4.57216937e-05	-6.31706364e-05	-3.38557586e-05	2.93148777e-05	0.000143835652	0	0	0	0	0	3
225	52	0	3.30663761	-3.6103535e-05	-4.50498181e-05	-6.31706364e-05	-3.38557586e-05	2.93148777e-05	0.000143875586	0	0	0	0	0	3
226	52	0	3.32133378	-3.54455792e-05	-4.43906746e-05	-6.31706364e-05	-3.38557586e-05	2.93148777e-05	0.00014638935	0	0	0	0	0	3
227	52	0	3.33602995	-3.40159783e-05	-4.35728976e-05	-6.31706364e-05	-3.38557586e-05	2.93148777e-05	0.000143890489	0	0	0	0	0	3
228	52	0	3.35072611	-3.62473283e-05	-4.28036602e-05	-6.22669306e-05	-3.38557586e-05	2.84111719e-05	0.00014376085	0	0	0	0	0	3
229	53	0	3.36542228	-3.58719216e-05	-4.20495171e-05	-5.86334293e-05	-3.38557586e-05	2.47776707e-05	0.000143852878	0	0	0	0	0	3
230	53	0	3.38011845	-3.91450792e-05	-4.14927071e-05	-5.5382867e-05	-3.38557586e-05	2.15271084e-05	0.000143774023	0	0	0	0	0	3
231	53	0	3.39481461	-3.97401044e-05	-4.1045771e-05	-5.41082473e-05	-3.38557586e-05	2.02524887e-05	0.000143856974	0	0	0	0	0	3
232	53	0	3.40951078	-3.96251491e-05	-4.06319682e-05	-5.19051958e-05	-3.38557586e-05	1.80494372e-05	0.000143796298	0	0	0	0	0	3
233	54	0	3.42420695	-3.6183571e-05	-4.01827789e-05	-4.87312076e-05	-3.38557586e-05	1.4875449e-05	0.000143877687	0	0	0	0	0	3
234	54	0	3.43890312	-3.72518083e-05	-3.98547961e-05	-4.582864e-05	-3.38557586e-05	1.19728814e-05	0.000143744758	0	0	0	0	0	3
235	54	0	3.45359928	-3.4326797e-05	-3.9526172e-05	-4.51128938e-05	-3.38557586e-05	1.12571352e-05	0.000143833162	0	0	0	0	0	3
236	54	0	3.46829545	-3.17781309e-05	-3.91749896e-05	-4.51128938e-05	-3.17781309e-05	1.33347629e-05	0.000143793872	0	0	0	0	0	3
237	54	0	3.48299162	-3.06513876e-05	-3.88221598e-05	-4.51128938e-05	-3.06513876e-05	1.44615062e-05	0.000143819922	0	0	0	0	0	3
238	55	0	3.49768778	-3.34674851e-05	-3.85132528e-05	-4.51128938e-05	-3.06513876e-05	1.44615062e-05	0.000143768764	0	0	0	0	0	3
239	55	0	3.51238395	-3.67595981e-05	-3.83004638e-05	-4.51128938e-05	-3.06513876e-05	1.44615062e-05	0.000143958367	0	0	0	0	0	3
240	55	0	3.52708012	-3.63292128e-05	-3.80495015e-05	-4.37867967e-05	-3.06513876e-05	1.31354091e-05	0.00014371887	0	0	0	0	0	3
241	55	0	3.54177629	-3.61262848e-05	-3.78405438e-05	-4.37867967e-05	-3.06513876e-05	1.31354091e-05	0.000144122915	0	0	0	0	0	3
242	55	0	3.55647245	-3.67263281e-05	-3.76614826e-05	-4.37867967e-05	-3.06513876e-05	1.31354091e-05	0.000146408831	0	0	0	0	0	3
243	56	0	3.57116862	-3.6845965e-05	-3.75046534e-05	-4.37867967e-05	-3.06513876e-05	1.31354091e-05	0.000144241195	0	0	0	0	0	3
244	56	0	3.58586479	-3.84302429e-05	-3.74315895e-05	-4.37867967e-05	-3.06513876e-05	1.31354091e-05	0.00014640701	0	0	0	0	0	3
245	56	0	3.60056095	-3.80198269e-05	-3.7348795e-05	-4.37867967e-05	-3.06513876e-05	1.31354091e-05	0.000144081808	0	0	0	0	0	3
246	56	0	3.61525712	-3.91692367e-05	-3.73313582e-05	-4.37867967e-05	-3.06513876e-05	1.31354091e-05	0.00014638207	0	0	0	0	0	3
247	57	0	3.62995329	-4.06588972e-05	-3.73253304e-05	-4.37867967e-05	-3.06513876e-05	1.31354091e-05	0.000144173892	0	0	0	0	0	3
248	57	0	3.64464946	-3.61043339e-05	-3.7185304e-05	-4.37867967e-05	-3.06513876e-05	1.31354091e-05	0.000146440901	0	0	0	0	0	3
249	57	0	3.65934562	-3.5247618e-05	-3.69637801e-05	-4.37867967e-05	-3.06513876e-05	1.31354091e-05	0.000144311363	0	0	0	0	0	3
250	57	0	3.67404179	-3.15167033e-05	-3.66536927e-05	-4.37867967e-05	-3.06513876e-05	1.31354091e-05	0.000143936655	0	0	0	0	0	3
251	58	0	3.68873796	-3.19009778e-05	-3.63140978e-05	-4.20714125e-05	-3.06513876e-05	1.14200249e-05	0.000144103947	0	0	0	0	0	3
252	58	0	3.70343413	-2.93072886e-05	-3.59494086e-05	-4.06588972e-05	-2.93072886e-05	1.13516086e-05	0.000143854168	0	0	0	0	0	3
253	58	0	3.71813029	-3.12764451e-05	-3.56870025e-05	-4.06588972e-05	-2.93072886e-05	1.13516086e-05	0.000144135143	0	0	0	0	0	3
254	58	0	3.73282646	-3.05325825e-05	-3.5485213e-05	-4.06588972e-05	-2.93072886e-05	1.13516086e-05	0.000143807914	0	0	0	0	0	3
255	59	0	3.74752263	-3.16411868e-05	-3.539859e-05	-4.06588972e-05	-2.93072886e-05	1.13516086e-05	0.000144099481	0	0	0	0	0	3
256	59	0	3.76221879	-3.4073761e-05	-3.532319e-05	-4.06588972e-05	-2.93072886e-05	1.13516086e-05	0.000143864494	0	0	0	0	0	3
257	59	0	3.77691496	-3.50588368e-05	-3.52545292e-05	-4.06588972e-05	-2.93072886e-05	1.11834556e-05	0.000144069054	0	0	0	0	0	3
258	59	0	3.79161113	-3.88561497e-05	-3.53797454e-05	-4.06588972e-05	-2.93072886e-05	1.04671645e-05	0.00014385968	0	0	0	0	0	3
259	60	0	3.8063073	-3.7760966e-05	-3.54913228e-05	-4.06588972e-05	-2.93072886e-05	9.7952889e-06	0.000144220294	0	0	0	0	0	3
260	60	0	3.82100346	-4.09504608e-05	-3.56298064e-05	-4.09504608e-05	-2.93072886e-05	9.13614538e-06	0.000143906689	0	0	0	0	0	3
261	60	0	3.83569963	-3.92433585e-05	-3.57383143e-05	-4.09504608e-05	-2.93072886e-05	8.31836839e-06	0.000144293269	0	0	0	0	0	3
262	60	0	3.8503958	-3.8584443e-05	-3.58688419e-05	-4.09504608e-05	-2.93072886e-05	7.54913102e-06	0.00014402455	0	0	0	0	0	3
263	61	0	3.86509196	-3.4555465e-05	-3.5820503e-05	-4.09504608e-05	-2.93072886e-05	6.79498791e-06	0.000144286443	0	0	0	0	0	3
264	61	0	3.87978813	-3.37524942e-05	-3.57599479e-05	-4.09504608e-05	-2.93072886e-05	6.2381779e-06	0.00014407262	0	0	0	0	0	3
265	61	0	3.8944843	-3.08747784e-05	-3.55236536e-05	-4.09504608e-05	-2.93072886e-05	5.79124183e-06	0.000144288558	0	0	0	0	0	3
266	62	0	3.90918047	-3.12191814e-05	-3.52801986e-05	-4.09504608e-05	-2.93072886e-05	5.37743903e-06	0.00014399078	0	0	0	0	0	3
267	62	0	3.92387663	-2.99858646e-05	-3.50047905e-05	-4.09504608e-05	-2.93072886e-05	5.17798842e-06	0.000144157999	0	0	0	0	0	3
268	62	0	3.9385728	-3.19379033e-05	-3.48834857e-05	-4.09504608e-05	-2.93072886e-05	4.97131037e-06	0.000143856481	0	0	0	0	0	3
269	62	0	3.95326897	-3.33877163e-05	-3.47730831e-05	-4.09504608e-05	-2.93072886e-05	4.75308892e-06	0.000144060023	0	0	0	0	0	3
270	63	0	3.96796513	-3.41380416e-05	-3.47676901e-05	-4.09504608e-05	-2.93072886e-05	4.40729948e-06	0.000143919343	0	0	0	0	0	3
271	63	0	3.9826613	-3.46088082e-05	-3.48485666e-05	-4.09504608e-05	-2.93072886e-05	4.05446976e-06	0.000144163835	0	0	0	0	0	3
272	63	0	3.99735747	-3.59030155e-05	-3.49986131e-05	-4.09504608e-05	-2.93072886e-05	3.74556276e-06	0.000143875738	0	0	0	0	0	3
273	63	0	4.01205364	-3.52426994e-05	-3.50493335e-05	-4.09504608e-05	-2.93072886e-05	3.5327737e-06	0.000144248517	0	0	0	0	0	3
274	64	0	4.0267498	-3.39048156e-05	-3.49677683e-05	-4.09504608e-05	-2.93072886e-05	3.28181139e-06	0.000144045937	0	0	0	0	0	3
275	64	0	4.04144597	-3.17975862e-05	-3.48382932e-05	-4.09504608e-05	-2.93072886e-05	3.07285372e-06	0.000144253273	0	0	0	0	0	3
276	64	0	4.05614214	-3.07821681e-05	-3.46856042e-05	-4.09504608e-05	-2.93072886e-05	2.97587847e-06	0.000144073095	0	0	0	0	0	3
277	64	0	4.0708383	-2.82698624e-05	-3.44439909e-05	-4.09504608e-05	-2.82698624e-05	3.06066251e-06	0.000144345034	0	0	0	0	0	3
278	64	0	4.08553447	-2.92657365e-05	-3.42274129e-05	-4.09504608e-05	-2.82698624e-05	3.20417661e-06	0.000144062804	0	0	0	0	0	3
279	65	0	4.10023064	-2.95962814e-05	-3.3975014e-05	-4.09504608e-05	-2.82698624e-05	3.37378097e-06	0.000144259454	0	0	0	0	0	3
280	65	0	4.11492681	-3.16815503e-05	-3.37939204e-05	-4.09504608e-05	-2.82698624e-05	3.53743781e-06	0.000143889618	0	0	0	0	0	3
281	65	0	4.12962297	-3.25529287e-05	-3.3604883e-05	-4.09504608e-05	-2.82698624e-05	3.72044739e-06	0.000144217259	0	0	0	0	0	3
282	65	0	4.14431914	-3.50931017e-05	-3.34458603e-05	-4.09504608e-05	-2.82698624e-05	3.73944373e-06	0.000143994039	0	0	0	0	0	3
283	66	0	4.15901531	-3.77717977e-05	-3.34935021e-05	-4.09504608e-05	-2.82698624e-05	3.51791978e-06	0.000144192265	0	0	0	0	0	3
284	66	0	4.17371147	-3.82962838e-05	-3.35806069e-05	-4.09504608e-05	-2.82698624e-05	3.20783235e-06	0.000144065141	0	0	0	0	0	3
285	66	0	4.18840764	-3.76201652e-05	-3.37549915e-05	-4.09504608e-05	-2.82698624e-05	2.86823753e-06	0.000143901631	0	0	0	0	0	3
286	66	0	4.20310381	-3.58587055e-05	-3.38680694e-05	-4.09504608e-05	-2.82698624e-05	2.50354827e-06	0.000143971091	0	0	0	0	0	3
287	67	0	4.21779998	-3.52624585e-05	-3.40382171e-05	-4.09504608e-05	-2.82698624e-05	2.4229816e-06	0.000144071982	0	0	0	0	0	3
288	67	0	4.23249614	-3.37498974e-05	-3.41088872e-05	-4.09504608e-05	-2.82698624e-05	2.4229816e-06	0.00014381709	0	0	0	0	0	3
289	67	0	4.24719231	-3.40975849e-05	-3.42107444e-05	-4.09504608e-05	-2.82698624e-05	2.4229816e-06	0.000144144966	0	0	0	0	0	3
290	67	0	4.26188848	-2.99014667e-05	-3.41610381e-05	-4.09504608e-05	-2.82698624e-05	2.4229816e-06	0.000146551996	0	0	0	0	0	3
291	67	0	4.27658464	-3.06718681e-05	-3.40638412e-05	-4.09504608e-05	-2.82698624e-05	2.4229816e-06	0.000144152392	0	0	0	0	0	3
292	68	0	4.29128081	-3.11158125e-05	-3.39511833e-05	-4.09504608e-05	-2.82698624e-05	2.4229816e-06	0.000146271405	0	0	0	0	0	3
293	68	0	4.30597698	-3.03039617e-05	-3.37068351e-05	-4.09504608e-05	-2.82698624e-05	2.4229816e-06	0.00014409752	0	0	0	0	0	3
294	68	0	4.32067315	-3.13402123e-05	-3.3523385e-05	-4.09504608e-05	-2.82698624e-05	2.4229816e-06	0.00014385349	0	0	0	0	0	3
295	69	0	4.33536931	-3.27293625e-05	-3.32884965e-05	-3.92433585e-05	-2.82698624e-05	2.58034542e-06	0.000144262215	0	0	0	0	0	3
296	69	0	4.35006548	-3.23828714e-05	-3.30924826e-05	-3.8584443e-05	-2.82698624e-05	2.77635934e-06	0.000143924035	0	0	0	0	0	3
297	69	0	4.36476165	-3.40785955e-05	-3.29637441e-05	-3.82962838e-05	-2.82698624e-05	2.85675889e-06	0.000144121966	0	0	0	0	0	3
298	69	0	4.37945781	-3.37282407e-05	-3.29401091e-05	-3.82962838e-05	-2.82698624e-05	2.81983881e-06	0.000146353027	0	0	0	0	0	3
299	70	0	4.39415398	-3.51164205e-05	-3.29790784e-05	-3.82962838e-05	-2.82698624e-05	2.5835445e-06	0.000144034352	0	0	0	0	0	3
300	70	0	4.40885015	-3.58428951e-05	-3.31210246e-05	-3.82962838e-05	-2.82698624e-05	2.34008955e-06	0.000143809468	0	0	0	0	0	3
301	70	0	4.42354632	-3.71711687e-05	-3.32910814e-05	-3.82962838e-05	-2.82698624e-05	2.10922441e-06	0.000144125298	0	0	0	0	0	3
302	70	0	4.43824248	-3.58243171e-05	-3.34578943e-05	-3.82962838e-05	-2.82698624e-05	2.10922441e-06	0.000143835098	0	0	0	0	0	3
303	71	0	4.45293865	-3.70811582e-05	-3.36048444e-05	-3.82962838e-05	-2.82698624e-05	2.10922441e-06	0.000144059758	0	0	0	0	0	3
304	71	0	4.46763482	-3.54868047e-05	-3.36648184e-05	-3.82962838e-05	-2.82698624e-05	2.10922441e-06	0.000143651106	0	0	0	0	0	3
305	71	0	4.48233098	-3.65687907e-05	-3.37342684e-05	-3.82962838e-05	-2.82698624e-05	2.10922441e-06	0.000144072107	0	0	0	0	0	3
306	71	0	4.49702715	-3.60548853e-05	-3.37755849e-05	-3.82962838e-05	-2.82698624e-05	2.10922441e-06	0.000143763568	0	0	0	0	0	3
307	71	0	4.51172332	-3.52224379e-05	-3.37561398e-05	-3.82962838e-05	-2.82698624e-05	2.10922441e-06	0.000144127969	0	0	0	0	0	3
308	72	0	4.52641949	-3.62345039e-05	-3.37844771e-05	-3.82962838e-05	-2.82698624e-05	2.02765919e-06	0.000143735514	0	0	0	0	0	3
309	72	0	4.54111565	-3.53877396e-05	-3.38268463e-05	-3.82962838e-05	-2.82698624e-05	1.89818415e-06	0.000144138244	0	0	0	0	0	3
310	72	0	4.55581182	-3.59567876e-05	-3.39456806e-05	-3.82962838e-05	-2.82698624e-05	1.7454951e-06	0.000143746491	0	0	0	0	0	3
311	73	0	4.57050799	-3.50815443e-05	-3.406852e-05	-3.82962838e-05	-2.82698624e-05	1.50388179e-06	0.000144191371	0	0	0	0	0	3
312	73	0	4.58520415	-3.6216353e-05	-3.42955626e-05	-3.82962838e-05	-2.92657365e-05	1.35545347e-06	0.000143866796	0	0	0	0	0	3
313	73	0	4.59990032	-3.6290545e-05	-3.44962714e-05	-3.82962838e-05	-2.95962814e-05	1.55616229e-06	0.000143904919	0	0	0	0	0	3
314	73	0	4.61459649	-3.8758669e-05	-3.47580539e-05	-3.8758669e-05	-2.99014667e-05	1.81794479e-06	0.000143789882	0	0	0	0	0	3
315	74	0	4.62929266	-3.37878059e-05	-3.48182326e-05	-3.8758669e-05	-2.99014667e-05	1.87812352e-06	0.000143877563	0	0	0	0	0	3
316	74	0	4.64398882	-3.28335249e-05	-3.48262496e-05	-3.8758669e-05	-2.99014667e-05	1.88614055e-06	0.000143793128	0	0	0	0	0	3
317	74	0	4.65868499	-2.85398932e-05	-3.46390151e-05	-3.8758669e-05	-2.85398932e-05	1.88614055e-06	0.00014394249	0	0	0	0	0	3
318	74	0	4.67338116	-2.76336413e-05	-3.43493535e-05	-3.8758669e-05	-2.76336413e-05	1.88614055e-06	0.000144032717	0	0	0	0	0	3
319	75	0	4.68807733	-2.61827181e-05	-3.40032516e-05	-3.8758669e-05	-2.61827181e-05	1.88614055e-06	0.000144206658	0	0	0	0	0	3
320	75	0	4.70277349	-2.67680947e-05	-3.36931925e-05	-3.8758669e-05	-2.61827181e-05	1.88614055e-06	0.00014406367	0	0	0	0	0	3
321	75	0	4.71746966	-2.95621355e-05	-3.35132905e-05	-3.8758669e-05	-2.61827181e-05	1.88614055e-06	0.000143956162	0	0	0	0	0	3
322	75	0	4.73216583	-2.79847578e-05	-3.33053562e-05	-3.8758669e-05	-2.61827181e-05	1.88614055e-06	0.000143808315	0	0	0	0	0	3
323	76	0	4.74686199	-2.7036214e-05	-3.31135366e-05	-3.8758669e-05	-2.61827181e-05	1.88614055e-06	0.000143846555	0	0	0	0	0	3
324	76	0	4.76155816	-2.71412229e-05	-3.29147834e-05	-3.8758669e-05	-2.61827181e-05	1.9114662e-06	0.000143890754	0	0	0	0	0	3
325	76	0	4.77625433	-2.73742298e-05	-3.28425767e-05	-3.8758669e-05	-2.61827181e-05	1.98367297e-06	0.000144096321	0	0	0	0	0	3
326	76	0	4.7909505	-3.05936988e-05	-3.28403433e-05	-3.8758669e-05	-2.61827181e-05	1.98590638e-06	0.00014415525	0	0	0	0	0	3
327	77	0	4.80564666	-2.91748934e-05	-3.27848884e-05	-3.8758669e-05	-2.61827181e-05	2.04136121e-06	0.000144168383	0	0	0	0	0	3
328	77	0	4.82034283	-3.1952138e-05	-3.28319792e-05	-3.8758669e-05	-2.61827181e-05	2.04136121e-06	0.000143938148	0	0	0	0	0	3
329	77	0	4.835039	-2.95550493e-05	-3.27809745e-05	-3.8758669e-05	-2.61827181e-05	2.04527512e-06	0.000143938416	0	0	0	0	0	3
330	77	0	4.84973516	-3.33962246e-05	-3.28000277e-05	-3.8758669e-05	-2.61827181e-05	2.04527512e-06	0.00014384142	0	0	0	0	0	3
331	78	0	4.86443133	-3.01454847e-05	-3.27361024e-05	-3.8758669e-05	-2.61827181e-05	2.09014725e-06	0.000144000836	0	0	0	0	0	3
332	78	0	4.8791275	-3.49533925e-05	-3.27610966e-05	-3.8758669e-05	-2.61827181e-05	2.09014725e-06	0.000143979374	0	0	0	0	0	3
333	78	0	4.89382367	-3.15509221e-05	-3.26988875e-05	-3.8758669e-05	-2.61827181e-05	2.12736215e-06	0.000144148201	0	0	0	0	0	3
334	79	0	4.90851983	-3.76097105e-05	-3.27701243e-05	-3.8758669e-05	-2.61827181e-05	2.12736215e-06	0.000144006541	0	0	0	0	0	3
335	79	0	4.923216	-3.71625852e-05	-3.28078298e-05	-3.8758669e-05	-2.61827181e-05	2.12736215e-06	0.000144011199	0	0	0	0	0	3
336	79	0	4.93791217	-4.22450596e-05	-3.29527981e-05	-4.22450596e-05	-2.61827181e-05	2.12736215e-06	0.000143910886	0	0	0	0	0	3
337	79	0	4.95260833	-4.14534183e-05	-3.31136296e-05	-4.22450596e-05	-2.61827181e-05	2.12736215e-06	0.000143999218	0	0	0	0	0	3
338	80	0	4.9673045	-4.86788946e-05	-3.34449935e-05	-4.86788946e-05	-2.61827181e-05	2.12736215e-06	0.000143945596	0	0	0	0	0	3
339	80	0	4.98200067	-4.48636935e-05	-3.37129046e-05	-4.86788946e-05	-2.61827181e-05	2.12736215e-06	0.000144087234	0	0	0	0	0	3
340	80	0	4.99669684	-4.96885648e-05	-3.40877553e-05	-4.96885648e-05	-2.61827181e-05	2.12736215e-06	0.000144044473	0	0	0	0	0	3
341	80	0	5.011393	-4.55263474e-05	-3.43583685e-05	-4.96885648e-05	-2.61827181e-05	2.12736215e-06	0.000144402241	0	0	0	0	0	3
342	81	0	5.02608917	-4.85870347e-05	-3.47402141e-05	-4.96885648e-05	-2.61827181e-05	2.12736215e-06	0.000143988901	0	0	0	0	0	3
343	81	0	5.04078534	-4.4705238e-05	-3.49822351e-05	-4.96885648e-05	-2.61827181e-05	2.28334756e-06	0.000144373067	0	0	0	0	0	3
344	81	0	5.0554815	-4.80249781e-05	-3.5343299e-05	-4.96885648e-05	-2.61827181e-05	2.64441152e-06	0.000143989008	0	0	0	0	0	3
345	82	0	5.07017767	-4.33622944e-05	-3.55548849e-05	-4.96885648e-05	-2.61827181e-05	2.85599743e-06	0.000144092922	0	0	0	0	0	3
346	82	0	5.08487384	-4.67007379e-05	-3.58868619e-05	-4.96885648e-05	-2.61827181e-05	3.18797439e-06	0.00014404163	0	0	0	0	0	3
347	82	0	5.09957001	-4.25441218e-05	-3.60676553e-05	-4.96885648e-05	-2.61827181e-05	3.36876778e-06	0.000144461296	0	0	0	0	0	3
348	82	0	5.11426617	-4.55800044e-05	-3.63330684e-05	-4.96885648e-05	-2.61827181e-05	3.63418091e-06	0.000144053979	0	0	0	0	0	3
349	83	0	5.12896234	-4.2043649e-05	-3.6426925e-05	-4.96885648e-05	-2.61827181e-05	3.72803748e-06	0.000144432363	0	0	0	0	0	3
350	83	0	5.14365851	-4.53385562e-05	-3.67569464e-05	-4.96885648e-05	-2.61827181e-05	4.05805892e-06	0.000144063999	0	0	0	0	0	3
351	83	0	5.15835467	-4.44101525e-05	-3.70877072e-05	-4.96885648e-05	-2.61827181e-05	4.3888197e-06	0.000144159096	0	0	0	0	0	3
352	83	0	5.17305084	-4.70562074e-05	-3.76167447e-05	-4.96885648e-05	-2.61827181e-05	4.91785725e-06	0.000144124573	0	0	0	0	0	3
353	84	0	5.18774701	-4.20765038e-05	-3.8029398e-05	-4.96885648e-05	-2.61827181e-05	5.33051047e-06	0.000144291185	0	0	0	0	0	3
354	84	0	5.20244318	-4.31676227e-05	-3.85146809e-05	-4.96885648e-05	-2.67680947e-05	5.81579346e-06	0.000144257353	0	0	0	0	0	3
355	84	0	5.21713934	-3.72469851e-05	-3.88140778e-05	-4.96885648e-05	-2.7036214e-05	6.11519032e-06	0.000144282356	0	0	0	0	0	3
356	84	0	5.23183551	-3.8996095e-05	-3.90836195e-05	-4.96885648e-05	-2.7036214e-05	6.38473202e-06	0.000144194838	0	0	0	0	0	3
357	85	0	5.24653168	-3.26661794e-05	-3.92173744e-05	-4.96885648e-05	-2.7036214e-05	6.51848693e-06	0.000144248765	0	0	0	0	0	3
358	85	0	5.26122784	-3.49711664e-05	-3.94440873e-05	-4.96885648e-05	-2.71412229e-05	6.74519985e-06	0.000144162416	0	0	0	0	0	3
359	85	0	5.27592401	-2.80582716e-05	-3.94702887e-05	-4.96885648e-05	-2.73742298e-05	6.77140124e-06	0.000144197243	0	0	0	0	0	3
360	85	0	5.29062018	-3.22493893e-05	-3.9609579e-05	-4.96885648e-05	-2.80582716e-05	6.91069151e-06	0.000144077408	0	0	0	0	0	3
361	86	0	5.30531635	-2.55631522e-05	-3.94658491e-05	-4.96885648e-05	-2.55631522e-05	6.91069151e-06	0.000144188599	0	0	0	0	0	3
362	86	0	5.32001251	-3.05007472e-05	-3.95037306e-05	-4.96885648e-05	-2.55631522e-05	6.91069151e-06	0.000144093052	0	0	0	0	0	3
363	86	0	5.33470868	-2.45059458e-05	-3.92909823e-05	-4.96885648e-05	-2.45059458e-05	6.91069151e-06	0.000144225608	0	0	0	0	0	3
364	86	0	5.34940485	-2.94875896e-05	-3.92890549e-05	-4.96885648e-05	-2.45059458e-05	6.91069151e-06	0.000144188014	0	0	0	0	0	3
365	87	0	5.36410101	-2.37932475e-05	-3.90146841e-05	-4.96885648e-05	-2.37932475e-05	6.91069151e-06	0.000144257135	0	0	0	0	0	3
366	87	0	5.37879718	-2.97764759e-05	-3.9004141e-05	-4.96885648e-05	-2.37932475e-05	6.91069151e-06	0.000144149336	0	0	0	0	0	3
367	87	0	5.39349335	-2.32978876e-05	-3.86711266e-05	-4.96885648e-05	-2.32978876e-05	6.91069151e-06	0.000144211935	0	0	0	0	0	3
368	87	0	5.40818952	-2.89022402e-05	-3.85954499e-05	-4.96885648e-05	-2.32978876e-05	6.83945466e-06	0.000144131055	0	0	0	0	0	3
369	88	0	5.42288568	-2.03592386e-05	-3.81025793e-05	-4.96885648e-05	-2.03592386e-05	6.80174922e-06	0.00014423507	0	0	0	0	0	3
370	88	0	5.43758185	-2.74850654e-05	-3.78260787e-05	-4.96885648e-05	-2.03592386e-05	6.65678091e-06	0.000144109569	0	0	0	0	0	3
371	88	0	5.45227802	-1.79095937e-05	-3.71307797e-05	-4.96885648e-05	-1.79095937e-05	6.49594945e-06	0.000144252389	0	0	0	0	0	3
372	88	0	5.46697418	-2.6649572e-05	-3.67078127e-05	-4.96885648e-05	-1.79095937e-05	6.16458555e-06	0.000144123741	0	0	0	0	0	3
373	88	0	5.48167035	-1.51957455e-05	-3.57511513e-05	-4.96885648e-05	-1.51957455e-05	5.89667444e-06	0.000144268595	0	0	0	0	0	3
374	89	0	5.49636652	-2.41484636e-05	-3.51592876e-05	-4.96885648e-05	-1.51957455e-05	5.52182375e-06	0.000144112182	0	0	0	0	0	3
375	89	0	5.51106269	-1.13562797e-05	-3.40640794e-05	-4.85870347e-05	-1.13562797e-05	5.54549959e-06	0.000144307198	0	0	0	0	0	3
376	89	0	5.52575885	-2.03725036e-05	-3.33453982e-05	-4.85870347e-05	-1.13562797e-05	6.26418084e-06	0.000144144517	0	0	0	0	0	3
377	89	0	5.54045502	-1.20892645e-05	-3.23026047e-05	-4.80249781e-05	-1.13562797e-05	7.30697427e-06	0.000144134429	0	0	0	0	0	3
378	90	0	5.55515119	-1.59245283e-05	-3.14802987e-05	-4.80249781e-05	-1.13562797e-05	8.12928026e-06	0.000144324411	0	0	0	0	0	3
379	90	0	5.56984735	-7.04560085e-06	-3.03094594e-05	-4.70562074e-05	-7.04560085e-06	9.30011961e-06	0.000144251103	0	0	0	0	0	3
380	90	0	5.58454352	-1.32487696e-05	-2.9449073e-05	-4.70562074e-05	-7.04560085e-06	1.0160506e-05	0.000144590682	0	0	0	0	0	3
381	90	0	5.59923969	-5.89813181e-06	-2.82832842e-05	-4.70562074e-05	-5.89813181e-06	1.13262948e-05	0.000144436839	0	0	0	0	0	3
382	91	0	5.61393586	-1.37017137e-05	-2.74592154e-05	-4.70562074e-05	-5.89813181e-06	1.21503636e-05	0.000144549434	0	0	0	0	0	3
383	91	0	5.62863202	-5.6895028e-06	-2.63194868e-05	-4.70562074e-05	-5.6895028e-06	1.32900922e-05	0.00014428881	0	0	0	0	0	3
384	91	0	5.64332819	-1.3430413e-05	-2.55019658e-05	-4.70562074e-05	-5.6895028e-06	1.41076132e-05	0.000144460954	0	0	0	0	0	3
385	91	0	5.65802436	-4.74426597e-06	-2.43421289e-05	-4.70562074e-05	-4.74426597e-06	1.52674501e-05	0.000144369424	0	0	0	0	0	3
386	92	0	5.67272052	-1.22282493e-05	-2.3422646e-05	-4.70562074e-05	-4.74426597e-06	1.6186933e-05	0.000144583467	0	0	0	0	0	3
387	92	0	5.68741669	-3.9332771e-06	-2.21905622e-05	-4.31676227e-05	-3.9332771e-06	1.74190168e-05	0.000144329024	0	0	0	0	0	3
388	92	0	5.70211286	-1.17311709e-05	-2.13235527e-05	-4.31676227e-05	-3.9332771e-06	1.82860263e-05	0.000144482086	0	0	0	0	0	3
389	92	0	5.71680903	-3.81917031e-06	-2.01993112e-05	-3.8996095e-05	-3.81917031e-06	1.94102678e-05	0.000144235849	0	0	0	0	0	3
390	93	0	5.73150519	-1.23300928e-05	-1.94874e-05	-3.8996095e-05	-3.81917031e-06	2.0122179e-05	0.000144544746	0	0	0	0	0	3
391	93	0	5.74620136	-5.86530986e-06	-1.85408062e-05	-3.49711664e-05	-3.81917031e-06	2.10687728e-05	0.000144258867	0	0	0	0	0	3
392	93	0	5.76089753	-1.37625224e-05	-1.80007017e-05	-3.49711664e-05	-3.81917031e-06	2.16088773e-05	0.000144387145	0	0	0	0	0	3
393	93	0	5.7755937	-7.21968552e-06	-1.72078022e-05	-3.22493893e-05	-3.81917031e-06	2.24017768e-05	0.000144260817	0	0	0	0	0	3
394	94	0	5.79028986	-1.42639906e-05	-1.68136799e-05	-3.22493893e-05	-3.81917031e-06	2.27958991e-05	0.000144583274	0	0	0	0	0	3
395	94	0	5.80498603	-7.6215487e-06	-1.61100273e-05	-3.05007472e-05	-3.81917031e-06	2.33937033e-05	0.000144143681	0	0	0	0	0	3
396	94	0	5.8196822	-1.42714992e-05	-1.57874087e-05	-3.05007472e-05	-3.81917031e-06	2.3716322e-05	0.000144469421	0	0	0	0	0	3
397	94	0	5.83437836	-6.55543277e-06	-1.51032568e-05	-2.97764759e-05	-3.81917031e-06	2.41877255e-05	0.000144342965	0	0	0	0	0	3
398	95	0	5.84907453	-1.33621682e-05	-1.47848632e-05	-2.97764759e-05	-3.81917031e-06	2.45041917e-05	0.000144577245	0	0	0	0	0	3
399	95	0	5.8637707	-5.31347745e-06	-1.40941743e-05	-2.97764759e-05	-3.81917031e-06	2.49205098e-05	0.000144325205	0	0	0	0	0	3
400	95	0	5.87846687	-1.27544177e-05	-1.37787791e-05	-2.97764759e-05	-3.81917031e-06	2.52253619e-05	0.000144466588	0	0	0	0	0	3
401	96	0	5.89316303	-3.49382552e-06	-1.30278463e-05	-2.89022402e-05	-3.49382552e-06	2.54084147e-05	0.000144213775	0	0	0	0	0	3
402	96	0	5.9078592	-1.19227594e-05	-1.27028426e-05	-2.89022402e-05	-3.49382552e-06	2.54084147e-05	0.000144543578	0	0	0	0	0	3
403	96	0	5.92255537	-2.9254693e-06	-1.19606491e-05	-2.74850654e-05	-2.9254693e-06	2.45595961e-05	0.00014431906	0	0	0	0	0	3
404	97	0	5.93725153	-1.1706483e-05	-1.17134275e-05	-2.74850654e-05	-2.9254693e-06	2.45595961e-05	0.000144381988	0	0	0	0	0	3
405	97	0	5.9519477	-1.86969437e-06	-1.09815598e-05	-2.6649572e-05	-1.86969437e-06	2.47798776e-05	0.00014460982	0	0	0	0	0	3
406	97	0	5.96664387	-1.08414985e-05	-1.07796142e-05	-2.6649572e-05	-1.86969437e-06	2.47798776e-05	0.000144520743	0	0	0	0	0	3
407	97	0	5.98134004	-8.41114242e-07	-1.00422297e-05	-2.41484636e-05	-8.41114242e-07	2.33073493e-05	0.000144541544	0	0	0	0	0	3
408	98	0	5.9960362	-1.05130333e-05	-9.90843794e-06	-2.41484636e-05	-8.41114242e-07	2.33073493e-05	0.000143985703	0	0	0	0	0	3
409	98	0	6.01073237	-5.50083274e-07	-9.2341985e-06	-2.03725036e-05	-5.50083274e-07	1.98224203e-05	0.000144651251	0	0	0	0	0	3
410	99	0	6.02542854	-1.06922557e-05	-9.21522639e-06	-2.03725036e-05	-5.50083274e-07	1.98224203e-05	0.000144319574	0	0	0	0	0	3
411	99	0	6.0401247	-1.49867769e-06	-8.67597422e-06	-1.59245283e-05	-5.50083274e-07	1.5374445e-05	0.000144521759	0	0	0	0	0	3
412	99	0	6.05482087	-1.18514092e-05	-8.66917835e-06	-1.59245283e-05	-5.50083274e-07	1.5374445e-05	0.000143988536	0	0	0	0	0	3
413	100	0	6.06951704	-9.57813534e-07	-8.24155793e-06	-1.42714992e-05	-5.50083274e-07	1.3721416e-05	0.000144345827	0	0	0	0	0	3
414	100	0	6.08421321	-1.21876975e-05	-8.38847498e-06	-1.42714992e-05	-5.50083274e-07	1.3721416e-05	0.000144095952	0	0	0	0	0	3
415	100	0	6.09890937	-1.54272501e-06	-8.05401656e-06	-1.42714992e-05	-5.50083274e-07	1.3721416e-05	0.000144434291	0	0	0	0	0	3
416	100	0	6.11360554	-1.04871072e-05	-8.18513014e-06	-1.42714992e-05	-5.50083274e-07	1.3721416e-05	0.000144288374	0	0	0	0	0	3
417	102	0	6.12830171	-2.13680519e-06	-7.85470418e-06	-1.42714992e-05	-5.50083274e-07	1.3721416e-05	0.000144040871	0	0	0	0	0	3
418	102	0	6.14299787	-1.1691812e-05	-8.02619873e-06	-1.42714992e-05	-5.50083274e-07	1.3721416e-05	0.000144412654	0	0	0	0	0	3
419	102	0	6.15769404	-2.7887739e-06	-7.7221519e-06	-1.42714992e-05	-5.50083274e-07	1.3721416e-05	0.000144424942	0	0	0	0	0	3
420	103	0	6.17239021	-1.20052764e-05	-7.92960934e-06	-1.42714992e-05	-5.50083274e-07	1.3721416e-05	0.000144525056	0	0	0	0	0	3
421	103	0	6.18708638	-2.97054971e-06	-7.66510364e-06	-1.42714992e-05	-5.50083274e-07	1.3721416e-05	0.000144237354	0	0	0	0	0	3
422	103	0	6.20178254	-1.00354947e-05	-7.83945271e-06	-1.42714992e-05	-5.50083274e-07	1.36584491e-05	0.000144324383	0	0	0	0	0	3
423	103	0	6.21647871	-2.06882655e-06	-7.56338573e-06	-1.42714992e-05	-5.50083274e-07	1.26359255e-05	0.000144351516	0	0	0	0	0	3
424	104	0	6.23117488	-1.11522466e-05	-7.7729022e-06	-1.42714992e-05	-5.50083274e-07	1.19240143e-05	0.000144377876	0	0	0	0	0	3
425	104	0	6.24587104	-3.17528063e-06	-7.51133614e-06	-1.42714992e-05	-5.50083274e-07	1.102947e-05	0.000144091963	0	0	0	0	0	3
426	104	0	6.26056721	-1.06624458e-05	-7.64839716e-06	-1.42714992e-05	-5.50083274e-07	1.04893655e-05	0.000144145239	0	0	0	0	0	3
427	104	0	6.27526338	-2.48992021e-06	-7.32632281e-06	-1.42714992e-05	-5.50083274e-07	9.88147941e-06	0.000144266393	0	0	0	0	0	3
428	105	0	6.28995955	-8.4360134e-06	-7.36107504e-06	-1.42714992e-05	-5.50083274e-07	9.48735709e-06	0.000144141947	0	0	0	0	0	3
429	105	0	6.30465571	-7.01566755e-07	-6.97357721e-06	-1.42714992e-05	-5.50083274e-07	9.13645011e-06	0.000144211166	0	0	0	0	0	3
430	105	0	6.31935188	-6.96225339e-06	-6.9547402e-06	-1.42714992e-05	-5.50083274e-07	8.83266846e-06	0.000144096593	0	0	0	0	0	3
431	105	0	6.33404805	7.11591021e-07	-6.52665191e-06	-1.33621682e-05	7.11591021e-07	8.57660491e-06	0.000144063259	0	0	0	0	0	3
432	106	0	6.34874421	-6.75914311e-06	-6.53247221e-06	-1.33621682e-05	7.11591021e-07	8.25821127e-06	0.000144113266	0	0	0	0	0	3
433	106	0	6.36344038	1.95723089e-06	-6.09477509e-06	-1.27544177e-05	1.95723089e-06	7.99939917e-06	0.00014437739	0	0	0	0	0	3
434	106	0	6.37813655	-6.91409207e-06	-6.14050693e-06	-1.27544177e-05	1.95723089e-06	7.68400403e-06	0.00014417529	0	0	0	0	0	3
435	106	0	6.39283272	3.72280872e-06	-5.66972904e-06	-1.21876975e-05	3.72280872e-06	7.35811722e-06	0.00014436006	0	0	0	0	0	3
436	107	0	6.40752888	-6.25922551e-06	-5.74874047e-06	-1.21876975e-05	3.72280872e-06	7.03311355e-06	0.00014388821	0	0	0	0	0	3
437	107	0	6.42222505	4.1982757e-06	-5.28813946e-06	-1.21876975e-05	4.1982757e-06	6.67250967e-06	0.00014416199	0	0	0	0	0	3
438	107	0	6.43692122	-4.20635791e-06	-5.32473628e-06	-1.21876975e-05	4.1982757e-06	6.42528808e-06	0.000144258741	0	0	0	0	0	3
439	108	0	6.45161738	4.81064691e-06	-4.85281828e-06	-1.21876975e-05	4.81064691e-06	6.12874152e-06	0.00014422279	0	0	0	0	0	3
440	108	0	6.46631355	-4.48595922e-06	-4.92756871e-06	-1.21876975e-05	4.81064691e-06	5.92679594e-06	0.000144056752	0	0	0	0	0	3
441	108	0	6.48100972	5.8131047e-06	-4.4517229e-06	-1.21876975e-05	5.8131047e-06	5.59050681e-06	0.000144340102	0	0	0	0	0	3
442	109	0	6.49570589	-5.90343916e-06	-4.59636076e-06	-1.21876975e-05	5.8131047e-06	5.45671504e-06	0.000144036862	0	0	0	0	0	3
443	109	0	6.51040205	4.37618281e-06	-4.17095458e-06	-1.21876975e-05	5.8131047e-06	5.06324392e-06	0.00014419032	0	0	0	0	0	3
444	109	0	6.52509822	-6.76870815e-06	-4.34862958e-06	-1.21876975e-05	5.8131047e-06	5.0442718e-06	0.000143977417	0	0	0	0	0	3
445	109	0	6.53979439	3.44332357e-06	-3.94475589e-06	-1.21876975e-05	5.8131047e-06	4.73121833e-06	0.000144460162	0	0	0	0	0	3
446	110	0	6.55449055	-7.3645782e-06	-4.11235304e-06	-1.21876975e-05	5.8131047e-06	4.72442246e-06	0.000143906793	0	0	0	0	0	3
447	110	0	6.56918672	2.26634732e-06	-3.70898857e-06	-1.21876975e-05	5.8131047e-06	4.6794864e-06	0.000144180588	0	0	0	0	0	3
448	110	0	6.58388289	-6.2866396e-06	-3.86124075e-06	-1.21876975e-05	5.8131047e-06	4.6794864e-06	0.000144387172	0	0	0	0	0	3
449	110	0	6.59857906	2.74437805e-06	-3.43461002e-06	-1.20052764e-05	5.8131047e-06	4.75052013e-06	0.000144154147	0	0	0	0	0	3
450	111	0	6.61327522	-5.04978436e-06	-3.53481171e-06	-1.20052764e-05	5.8131047e-06	4.75052013e-06	0.000144321743	0	0	0	0	0	3
451	111	0	6.62797139	5.93324958e-06	-3.06565866e-06	-1.20052764e-05	5.93324958e-06	4.96054007e-06	0.000144486129	0	0	0	0	0	3
452	112	0	6.64266756	-3.96077463e-06	-3.11777207e-06	-1.20052764e-05	5.93324958e-06	4.96054007e-06	0.000144004008	0	0	0	0	0	3
453	112	0	6.65736372	5.98181315e-06	-2.61281136e-06	-1.20052764e-05	5.98181315e-06	5.31679798e-06	0.000144374991	0	0	0	0	0	3
454	112	0	6.67205989	-3.71526382e-06	-2.6392825e-06	-1.20052764e-05	5.98181315e-06	5.31679798e-06	0.000144097124	0	0	0	0	0	3
455	112	0	6.68675606	4.52193824e-06	-2.16707637e-06	-1.11522466e-05	5.98181315e-06	5.67237635e-06	0.000144079288	0	0	0	0	0	3
456	113	0	6.70145223	-4.84246598e-06	-2.22055969e-06	-1.11522466e-05	5.98181315e-06	5.67237635e-06	0.000144197356	0	0	0	0	0	3
457	113	0	6.71614839	3.12878131e-06	-1.84443752e-06	-1.11522466e-05	5.98181315e-06	5.92846468e-06	0.000144313337	0	0	0	0	0	3
458	113	0	6.73084456	-6.15926709e-06	-1.96130725e-06	-1.11522466e-05	5.98181315e-06	5.92846468e-06	0.000143955935	0	0	0	0	0	3
459	113	0	6.74554073	1.34976194e-06	-1.604107e-06	-1.06624458e-05	5.98181315e-06	6.04429016e-06	0.000144395719	0	0	0	0	0	3
460	114	0	6.7602369	-6.15614095e-06	-1.68927444e-06	-1.06624458e-05	5.98181315e-06	6.04429016e-06	0.00014458961	0	0	0	0	0	3
461	114	0	6.77493306	1.83036447e-06	-1.332337e-06	-8.4360134e-06	5.98181315e-06	6.02873803e-06	0.000144013602	0	0	0	0	0	3
462	115	0	6.78962923	-5.12928653e-06	-1.40774747e-06	-8.4360134e-06	5.98181315e-06	6.02873803e-06	0.000143980228	0	0	0	0	0	3
463	115	0	6.8043254	4.11063835e-06	-1.04927171e-06	-7.3645782e-06	5.98181315e-06	5.92430551e-06	0.000144514533	0	0	0	0	0	3
464	115	0	6.81902156	-4.57061729e-06	-1.15981601e-06	-7.3645782e-06	5.98181315e-06	5.9054685e-06	0.000144001434	0	0	0	0	0	3
465	115	0	6.83371773	4.81556052e-06	-8.23307038e-07	-7.3645782e-06	5.98181315e-06	5.70916517e-06	0.000144017109	0	0	0	0	0	3
466	116	0	6.8484139	-4.93586051e-06	-9.84662796e-07	-7.3645782e-06	5.98181315e-06	5.70916517e-06	0.000144013165	0	0	0	0	0	3
467	116	0	6.86311007	4.42753543e-06	-6.65043409e-07	-7.3645782e-06	5.98181315e-06	5.47546353e-06	0.000144420404	0	0	0	0	0	3
468	116	0	6.87780623	-5.38732563e-06	-8.74887881e-07	-7.3645782e-06	5.98181315e-06	5.47546353e-06	0.000144282829	0	0	0	0	0	3
469	116	0	6.8925024	3.67521488e-06	-5.72336254e-07	-7.3645782e-06	5.98181315e-06	5.17640421e-06	0.000144237132	0	0	0	0	0	3
470	117	0	6.90719857	-6.07141451e-06	-8.52171204e-07	-7.3645782e-06	5.98181315e-06	5.17640421e-06	0.000144447896	0	0	0	0	0	3
471	117	0	6.92189473	3.47649012e-06	-5.740079e-07	-7.3645782e-06	5.98181315e-06	4.75240003e-06	0.000144203843	0	0	0	0	0	3
472	117	0	6.9365909	-7.05329766e-06	-8.95481425e-07	-7.3645782e-06	5.98181315e-06	4.75240003e-06	0.000144229264	0	0	0	0	0	3
473	118	0	6.95128707	1.83064876e-06	-7.2299552e-07	-7.3645782e-06	5.98181315e-06	4.35523245e-06	0.00014410615	0	0	0	0	0	3
474	118	0	6.96598324	-7.34886624e-06	-1.07041018e-06	-7.3645782e-06	5.98181315e-06	4.35523245e-06	0.000144251448	0	0	0	0	0	3
475	118	0	6.9806794	7.47327478e-07	-9.20887704e-07	-7.3645782e-06	5.98181315e-06	4.0240245e-06	0.000144571019	0	0	0	0	0	3
476	118	0	6.99537557	-7.67178464e-06	-1.30617026e-06	-7.67178464e-06	5.98181315e-06	4.0240245e-06	0.000144153255	0	0	0	0	0	3
477	118	0	7.01007174	8.36740266e-07	-1.1135937e-06	-7.67178464e-06	5.98181315e-06	3.77629332e-06	0.000144064283	0	0	0	0	0	3
478	119	0	7.0247679	-7.90722508e-06	-1.46454821e-06	-7.90722508e-06	5.98181315e-06	3.77629332e-06	0.000144241552	0	0	0	0	0	3
479	119	0	7.03946407	7.17927e-07	-1.25064435e-06	-7.90722508e-06	5.98181315e-06	3.54001679e-06	0.000144427901	0	0	0	0	0	3
480	119	0	7.05416024	-7.7332588e-06	-1.56997528e-06	-7.90722508e-06	5.98181315e-06	3.54001679e-06	0.000144376111	0	0	0	0	0	3
481	119	0	7.06885641	1.75974548e-06	-1.30928031e-06	-7.90722508e-06	5.98181315e-06	3.28890449e-06	0.000144137959	0	0	0	0	0	3
482	120	0	7.08355257	-7.89788064e-06	-1.59968683e-06	-7.90722508e-06	5.98181315e-06	3.28890449e-06	0.000144416417	0	0	0	0	0	3
483	120	0	7.09824874	1.83433273e-06	-1.36765905e-06	-7.90722508e-06	5.98181315e-06	2.96247546e-06	0.000144271876	0	0	0	0	0	3
484	120	0	7.11294491	-7.34657496e-06	-1.65597199e-06	-7.90722508e-06	5.98181315e-06	2.96247546e-06	0.000144362679	0	0	0	0	0	3
485	120	0	7.12764107	2.27447945e-06	-1.44670731e-06	-7.90722508e-06	5.98181315e-06	2.54543582e-06	0.000144190241	0	0	0	0	0	3
486	121	0	7.14233724	-7.07213314e-06	-1.81828967e-06	-7.90722508e-06	5.98181315e-06	2.54543582e-06	0.000144045403	0	0	0	0	0	3
487	121	0	7.15703341	1.7380658e-06	-1.65546566e-06	-7.90722508e-06	5.98181315e-06	2.06694624e-06	0.000144202522	0	0	0	0	0	3
488	121	0	7.17172958	-7.58206348e-06	-2.04300499e-06	-7.90722508e-06	4.81556052e-06	2.06694624e-06	0.00014402512	0	0	0	0	0	3
489	121	0	7.18642574	1.19238497e-06	-1.90278646e-06	-7.90722508e-06	4.81556052e-06	1.64822343e-06	0.000144186892	0	0	0	0	0	3
490	122	0	7.20112191	-8.04511317e-06	-2.26184507e-06	-8.04511317e-06	4.81556052e-06	1.68950881e-06	0.000144071993	0	0	0	0	0	3
491	122	0	7.21581808	9.91944108e-07	-2.09514764e-06	-8.04511317e-06	4.81556052e-06	1.68950881e-06	0.000144143559	0	0	0	0	0	3
492	123	0	7.23051424	-8.04458355e-06	-2.41438663e-06	-8.04511317e-06	4.81556052e-06	1.84205038e-06	0.000144102718	0	0	0	0	0	3
493	123	0	7.24521041	1.1421051e-06	-2.205776e-06	-8.04511317e-06	4.81556052e-06	1.84205038e-06	0.000144160025	0	0	0	0	0	3
494	123	0	7.25990658	-7.57417414e-06	-2.4607456e-06	-8.04511317e-06	4.81556052e-06	1.88840935e-06	0.000143984367	0	0	0	0	0	3
495	123	0	7.27460275	1.56295217e-06	-2.24020008e-06	-8.04511317e-06	4.81556052e-06	1.88840935e-06	0.000144150711	0	0	0	0	0	3
496	124	0	7.28929891	-6.78480115e-06	-2.48634767e-06	-8.04511317e-06	4.81556052e-06	1.91401142e-06	0.000144076155	0	0	0	0	0	3
497	124	0	7.30399508	2.76666889e-06	-2.26074895e-06	-8.04511317e-06	4.81556052e-06	1.91401142e-06	0.000144173457	0	0	0	0	0	3
498	124	0	7.31869125	-5.1805791e-06	-2.5262123e-06	-8.04511317e-06	4.81556052e-06	1.95387605e-06	0.000144070524	0	0	0	0	0	3
499	124	0	7.33338741	4.75139052e-06	-2.25986922e-06	-8.04511317e-06	4.81556052e-06	1.95387605e-06	0.000144159467	0	0	0	0	0	3
500	125	0	7.34808358	-2.48056125e-06	-2.46832984e-06	-8.04511317e-06	4.75139052e-06	1.95387605e-06	0.000144003751	0	0	0	0	0	3
501	125	0	7.36277975	7.02111878e-06	-2.12670186e-06	-8.04511317e-06	7.02111878e-06	1.95387605e-06	0.000144263125	0	0	0	0	0	3
502	126	0	7.37747592	-1.60473783e-06	-2.29905253e-06	-8.04511317e-06	7.02111878e-06	1.95387605e-06	0.000144022738	0	0	0	0	0	3
503	126	0	7.39217208	6.47075007e-06	-1.96025036e-06	-8.04511317e-06	7.02111878e-06	1.95387605e-06	0.000144030865	0	0	0	0	0	3
504	126	0	7.40686825	-2.14533537e-06	-2.1265518e-06	-8.04511317e-06	7.02111878e-06	1.9522044e-06	0.000144116426	0	0	0	0	0	3
505	126	0	7.42156442	4.56184695e-06	-1.82274433e-06	-8.04511317e-06	7.02111878e-06	1.9522044e-06	0.000143839922	0	0	0	0	0	3
506	127	0	7.43626058	-4.21844204e-06	-2.04259953e-06	-8.04511317e-06	7.02111878e-06	1.80321678e-06	0.000143859031	0	0	0	0	0	3
507	127	0	7.45095675	2.73655235e-06	-1.76288953e-06	-8.04511317e-06	7.02111878e-06	1.80321678e-06	0.000144087699	0	0	0	0	0	3
508	127	0	7.46565292	-5.6841022e-06	-1.9775967e-06	-8.04511317e-06	7.02111878e-06	1.6053246e-06	0.000144374903	0	0	0	0	0	3
509	128	0	7.48034909	2.16803238e-06	-1.70568531e-06	-8.04511317e-06	7.02111878e-06	1.6053246e-06	0.000144067156	0	0	0	0	0	3
510	128	0	7.49504525	-5.50019455e-06	-1.88418594e-06	-8.04511317e-06	7.02111878e-06	1.4126186e-06	0.000144046305	0	0	0	0	0	3
511	128	0	7.50974142	3.7513263e-06	-1.55781135e-06	-8.04511317e-06	7.02111878e-06	1.4126186e-06	0.000144053143	0	0	0	0	0	3
512	128	0	7.52443759	-5.4178513e-06	-1.73651396e-06	-8.04511317e-06	7.02111878e-06	1.27556795e-06	0.000144051098	0	0	0	0	0	3
513	129	0	7.53913375	4.59718441e-06	-1.37924512e-06	-8.04511317e-06	7.02111878e-06	1.27556795e-06	0.000144608937	0	0	0	0	0	3
514	129	0	7.55382992	-4.97900005e-06	-1.54201446e-06	-8.04511317e-06	7.02111878e-06	1.21693199e-06	0.000144084768	0	0	0	0	0	3
515	129	0	7.56852609	4.34868907e-06	-1.19681595e-06	-8.04511317e-06	7.02111878e-06	1.32939635e-06	0.000144393269	0	0	0	0	0	3
516	129	0	7.58322226	-4.28997011e-06	-1.36966497e-06	-8.04511317e-06	7.02111878e-06	1.32939635e-06	0.000144474096	0	0	0	0	0	3
517	130	0	7.59791842	3.69303182e-06	-1.03849604e-06	-8.04511317e-06	7.02111878e-06	1.48771626e-06	0.000143979661	0	0	0	0	0	3
518	130	0	7.61261459	-4.46774453e-06	-1.21855539e-06	-8.04511317e-06	7.02111878e-06	1.48771626e-06	0.000143954149	0	0	0	0	0	3
519	130	0	7.62731076	3.47267592e-06	-9.0943394e-07	-8.04511317e-06	7.02111878e-06	1.61677836e-06	0.000144115413	0	0	0	0	0	3
520	130	0	7.64200692	-5.27346242e-06	-1.12508942e-06	-8.04511317e-06	7.02111878e-06	1.61677836e-06	0.000144387238	0	0	0	0	0	3
521	131	0	7.65670309	3.01528769e-06	-8.36877398e-07	-8.04511317e-06	7.02111878e-06	1.6893349e-06	0.000144157801	0	0	0	0	0	3
522	131	0	7.67139926	-5.97249969e-06	-1.05717927e-06	-8.04511317e-06	7.02111878e-06	1.6893349e-06	0.000144122731	0	0	0	0	0	3
523	131	0	7.68609543	3.53760723e-06	-7.39474392e-07	-8.04511317e-06	7.02111878e-06	1.78673791e-06	0.000144180249	0	0	0	0	0	3
524	131	0	7.70079159	-6.84140118e-06	-9.69011139e-07	-8.04511317e-06	7.02111878e-06	1.78673791e-06	0.000143940952	0	0	0	0	0	3
525	132	0	7.71548776	2.89828863e-06	-6.56342516e-07	-8.04458355e-06	7.02111878e-06	1.86986979e-06	0.000144212368	0	0	0	0	0	3
526	132	0	7.73018393	-6.11475149e-06	-8.59390961e-07	-8.04458355e-06	7.02111878e-06	1.86986979e-06	0.000144125866	0	0	0	0	0	3
527	132	0	7.74488009	2.35686465e-06	-5.62206727e-07	-7.57417414e-06	7.02111878e-06	1.96400557e-06	0.000144234168	0	0	0	0	0	3
528	132	0	7.75957626	-5.61035793e-06	-7.55134242e-07	-7.57417414e-06	7.02111878e-06	1.96400557e-06	0.000144031964	0	0	0	0	0	3
529	133	0	7.77427243	2.48306288e-06	-4.67784613e-07	-6.84140118e-06	7.02111878e-06	2.05842769e-06	0.000144127787	0	0	0	0	0	3
530	133	0	7.7889686	-5.45770614e-06	-6.68374851e-07	-6.84140118e-06	7.02111878e-06	2.05842769e-06	0.000144017131	0	0	0	0	0	3
531	133	0	7.80366476	3.04974198e-06	-3.87387904e-07	-6.84140118e-06	7.02111878e-06	2.1388244e-06	0.000144261979	0	0	0	0	0	3
532	133	0	7.81836093	-6.48075659e-06	-6.51600061e-07	-6.84140118e-06	7.02111878e-06	2.1388244e-06	0.000144143495	0	0	0	0	0	3
533	134	0	7.8330571	2.38904759e-06	-4.35325012e-07	-6.84140118e-06	7.02111878e-06	2.08094194e-06	0.000144469059	0	0	0	0	0	3
534	134	0	7.84775327	-7.25750604e-06	-7.78436343e-07	-7.25750604e-06	7.02111878e-06	2.08094194e-06	0.000144308472	0	0	0	0	0	3
535	134	0	7.86244943	1.7166731e-06	-6.58515361e-07	-7.25750604e-06	7.02111878e-06	1.91166462e-06	0.000144209656	0	0	0	0	0	3
536	134	0	7.8771456	-8.04890698e-06	-1.08908753e-06	-8.04890698e-06	6.47075007e-06	1.91166462e-06	0.000144348305	0	0	0	0	0	3
537	135	0	7.89184177	1.72969898e-06	-9.93817902e-07	-8.04890698e-06	6.47075007e-06	1.7391639e-06	0.000144404542	0	0	0	0	0	3
538	135	0	7.90653793	-8.2886111e-06	-1.41551394e-06	-8.2886111e-06	4.59718441e-06	1.7391639e-06	0.000144199237	0	0	0	0	0	3
539	135	0	7.9212341	1.41688959e-06	-1.31373608e-06	-8.2886111e-06	4.59718441e-06	1.65521163e-06	0.000144165956	0	0	0	0	0	3
540	135	0	7.93593027	-6.94204581e-06	-1.64241873e-06	-8.2886111e-06	4.59718441e-06	1.65521163e-06	0.000144203698	0	0	0	0	0	3
541	136	0	7.95062644	1.81297091e-06	-1.47009265e-06	-8.2886111e-06	4.59718441e-06	1.5902088e-06	0.00014421058	0	0	0	0	0	3
542	136	0	7.9653226	-6.09112224e-06	-1.72231192e-06	-8.2886111e-06	4.59718441e-06	1.5902088e-06	0.000143921556	0	0	0	0	0	3
543	136	0	7.98001877	2.6968312e-06	-1.48285668e-06	-8.2886111e-06	4.59718441e-06	1.49679804e-06	0.000144256466	0	0	0	0	0	3
544	137	0	7.99471494	-5.35730504e-06	-1.69786632e-06	-8.2886111e-06	4.59718441e-06	1.49679804e-06	0.000144216407	0	0	0	0	0	3
545	137	0	8.0094111	3.25208799e-06	-1.44780111e-06	-8.2886111e-06	4.59718441e-06	1.34912606e-06	0.000144215908	0	0	0	0	0	3
546	137	0	8.02410727	-5.0843504e-06	-1.70024901e-06	-8.2886111e-06	4.59718441e-06	1.34912606e-06	0.000143845204	0	0	0	0	0	3
547	137	0	8.03880344	5.6398561e-06	-1.38431451e-06	-8.2886111e-06	5.6398561e-06	1.33492402e-06	0.000144057482	0	0	0	0	0	3
548	138	0	8.05349961	-4.52557552e-06	-1.6449648e-06	-8.2886111e-06	5.6398561e-06	1.33492402e-06	0.000143862053	0	0	0	0	0	3
549	138	0	8.06819577	6.22564268e-06	-1.32483215e-06	-8.2886111e-06	6.22564268e-06	1.33492402e-06	0.000143965529	0	0	0	0	0	3
550	138	0	8.08289194	-3.98812223e-06	-1.56302676e-06	-8.2886111e-06	6.22564268e-06	1.33492402e-06	0.000144000636	0	0	0	0	0	3
551	138	0	8.09758811	7.07711479e-06	-1.2382529e-06	-8.2886111e-06	7.07711479e-06	1.33492402e-06	0.000144288165	0	0	0	0	0	3
552	138	0	8.11228427	-3.74405177e-06	-1.450741e-06	-8.2886111e-06	7.07711479e-06	1.33492402e-06	0.000143994502	0	0	0	0	0	3
553	139	0	8.12698044	6.34332216e-06	-1.14185338e-06	-8.2886111e-06	7.07711479e-06	1.33492402e-06	0.000143885916	0	0	0	0	0	3
554	139	0	8.14167661	-2.94342201e-06	-1.32517047e-06	-8.2886111e-06	7.07711479e-06	1.33492402e-06	0.000144034257	0	0	0	0	0	3
555	139	0	8.15637278	4.65343896e-06	-1.04154471e-06	-8.2886111e-06	7.07711479e-06	1.33492402e-06	0.000144135557	0	0	0	0	0	3
556	140	0	8.17106894	-3.88888906e-06	-1.23880691e-06	-8.2886111e-06	7.07711479e-06	1.33492402e-06	0.000143981661	0	0	0	0	0	3
557	140	0	8.18576511	3.96006077e-06	-9.55019466e-07	-8.2886111e-06	7.07711479e-06	1.33492402e-06	0.000144204278	0	0	0	0	0	3
558	140	0	8.20046128	-4.39504234e-06	-1.1816666e-06	-8.2886111e-06	7.07711479e-06	1.33492402e-06	0.000144201711	0	0	0	0	0	3
559	140	0	8.21515744	4.00642165e-06	-8.71728802e-07	-8.2886111e-06	7.07711479e-06	1.33492402e-06	0.000144250681	0	0	0	0	0	3
560	141	0	8.22985361	-4.06027258e-06	-1.07054484e-06	-8.2886111e-06	7.07711479e-06	1.33492402e-06	0.000143922232	0	0	0	0	0	3
561	141	0	8.24454978	6.08202813e-06	-7.22065418e-07	-8.2886111e-06	7.07711479e-06	1.33492402e-06	0.000144110401	0	0	0	0	0	3
562	141	0	8.25924595	-4.09997209e-06	-9.06546468e-07	-8.2886111e-06	7.07711479e-06	1.33492402e-06	0.000143830103	0	0	0	0	0	3
563	141	0	8.27394211	5.82516037e-06	-5.79817374e-07	-8.2886111e-06	7.07711479e-06	1.33492402e-06	0.000143875843	0	0	0	0	0	3
564	141	0	8.28863828	-4.16311082e-06	-7.69708051e-07	-8.2886111e-06	7.07711479e-06	1.33492402e-06	0.000143894006	0	0	0	0	0	3
565	142	0	8.30333445	5.07250896e-06	-4.68844762e-07	-8.2886111e-06	7.07711479e-06	1.33492402e-06	0.000144179995	0	0	0	0	0	3
566	142	0	8.31803061	-5.02911775e-06	-6.99669326e-07	-8.2886111e-06	7.07711479e-06	1.28698691e-06	0.000144101836	0	0	0	0	0	3
567	142	0	8.33272678	4.31258515e-06	-3.91288134e-07	-8.2886111e-06	7.07711479e-06	1.33102379e-06	0.000144038345	0	0	0	0	0	3
568	142	0	8.34742295	-5.75494491e-06	-6.23973634e-07	-8.2886111e-06	7.07711479e-06	1.33102379e-06	0.000143954745	0	0	0	0	0	3
569	143	0	8.36211912	3.83780102e-06	-3.0696486e-07	-8.2886111e-06	7.07711479e-06	1.41534706e-06	0.000144119962	0	0	0	0	0	3
570	143	0	8.37681528	-6.14535108e-06	-5.31594123e-07	-8.2886111e-06	7.07711479e-06	1.41534706e-06	0.000143953517	0	0	0	0	0	3
571	143	0	8.39151145	2.95233714e-06	-2.17272862e-07	-8.2886111e-06	7.07711479e-06	1.50503906e-06	0.000144229165	0	0	0	0	0	3
572	144	0	8.40620762	-6.34512439e-06	-4.47982101e-07	-8.2886111e-06	7.07711479e-06	1.50503906e-06	0.000144236795	0	0	0	0	0	3
573	144	0	8.42090378	2.92301152e-06	-1.27650026e-07	-6.94204581e-06	7.07711479e-06	1.59466189e-06	0.000144255119	0	0	0	0	0	3
574	144	0	8.43559995	-6.45949059e-06	-3.5268946e-07	-6.94204581e-06	7.07711479e-06	1.59466189e-06	0.000144133453	0	0	0	0	0	3
575	144	0	8.45029612	3.12441053e-06	-6.50764222e-08	-6.45949059e-06	7.07711479e-06	1.6572355e-06	0.000144445587	0	0	0	0	0	3
576	145	0	8.46499229	-5.77183528e-06	-2.8178517e-07	-6.45949059e-06	7.07711479e-06	1.6572355e-06	0.00014400475	0	0	0	0	0	3
577	145	0	8.47968845	4.19417482e-06	1.20804597e-08	-6.45949059e-06	7.07711479e-06	1.71232947e-06	0.000144287548	0	0	0	0	0	3
578	145	0	8.49438462	-5.24762643e-06	-2.14904044e-07	-6.45949059e-06	7.07711479e-06	1.71232947e-06	0.00014412205	0	0	0	0	0	3
579	145	0	8.50908079	3.99744804e-06	5.23746154e-08	-6.45949059e-06	7.07711479e-06	1.75262363e-06	0.000144072923	0	0	0	0	0	3
580	146	0	8.52377695	-3.94349412e-06	-1.53213445e-07	-6.45949059e-06	7.07711479e-06	1.75262363e-06	0.000144105768	0	0	0	0	0	3
581	146	0	8.53847312	3.6240482e-06	9.55979435e-08	-6.45949059e-06	7.07711479e-06	1.74056274e-06	0.00014410411	0	0	0	0	0	3
582	146	0	8.55316929	-4.73337552e-06	-2.00780103e-07	-6.45949059e-06	7.07711479e-06	1.74056274e-06	0.00014389404	0	0	0	0	0	3
583	146	0	8.56786546	4.19994915e-06	4.85206018e-08	-6.45949059e-06	7.07711479e-06	1.6586247e-06	0.000144385562	0	0	0	0	0	3
584	147	0	8.58256162	-5.68888781e-06	-2.91894555e-07	-6.45949059e-06	7.07711479e-06	1.6586247e-06	0.000144156805	0	0	0	0	0	3
585	147	0	8.59725779	3.81699598e-06	-6.88911776e-08	-6.45949059e-06	7.07711479e-06	1.54633895e-06	0.000144288384	0	0	0	0	0	3
586	147	0	8.61195396	-6.0979039e-06	-4.45320283e-07	-6.45949059e-06	6.34332216e-06	1.54633895e-06	0.000144046564	0	0	0	0	0	3
587	147	0	8.62665012	3.65620705e-06	-2.33884317e-07	-6.45949059e-06	6.34332216e-06	1.42076841e-06	0.000144416851	0	0	0	0	0	3
588	148	0	8.64134629	-6.52155502e-06	-6.01452237e-07	-6.52155502e-06	6.08202813e-06	1.42076841e-06	0.000144012312	0	0	0	0	0	3
589	148	0	8.65604246	3.42793013e-06	-4.19413604e-07	-6.52155502e-06	6.08202813e-06	1.33440485e-06	0.00014420962	0	0	0	0	0	3
590	148	0	8.67073863	-6.1485405e-06	-7.28041589e-07	-6.52155502e-06	6.08202813e-06	1.33440485e-06	0.000144054198	0	0	0	0	0	3
591	148	0	8.68543479	3.29874495e-06	-5.22680617e-07	-6.52155502e-06	6.08202813e-06	1.27726454e-06	0.000144424901	0	0	0	0	0	3
592	149	0	8.70013096	-6.5136624e-06	-8.2192985e-07	-6.52155502e-06	6.08202813e-06	1.27726454e-06	0.00014403638	0	0	0	0	0	3
593	149	0	8.71482713	2.39999877e-06	-6.27785818e-07	-6.52155502e-06	6.08202813e-06	1.16614278e-06	0.000144263951	0	0	0	0	0	3
594	149	0	8.72952329	-6.41812635e-06	-9.25630047e-07	-6.52155502e-06	6.08202813e-06	1.16614278e-06	0.000144148935	0	0	0	0	0	3
595	149	0	8.74421946	1.92406992e-06	-7.54648833e-07	-6.52155502e-06	6.08202813e-06	1.02122799e-06	0.000144275144	0	0	0	0	0	3
596	149	0	8.75891563	-6.02363349e-06	-1.10052488e-06	-6.52155502e-06	5.82516037e-06	1.19612282e-06	0.000144126574	0	0	0	0	0	3
597	150	0	8.7736118	1.79670885e-06	-9.32048281e-07	-6.52155502e-06	5.82516037e-06	1.19612282e-06	0.000144208654	0	0	0	0	0	3
598	150	0	8.78830796	-6.84865195e-06	-1.2941572e-06	-6.84865195e-06	5.07250896e-06	1.38975515e-06	0.000144068746	0	0	0	0	0	3
599	150	0	8.80300413	1.04212489e-06	-1.14543618e-06	-6.84865195e-06	5.07250896e-06	1.38975515e-06	0.000144234039	0	0	0	0	0	3
600	150	0	8.8177003	-7.78134689e-06	-1.51268921e-06	-7.78134689e-06	4.31258515e-06	1.60828715e-06	0.000144047119	0	0	0	0	0	3
601	151	0	8.83239647	3.77607413e-07	-1.35821135e-06	-7.78134689e-06	4.31258515e-06	1.60828715e-06	0.000144219799	0	0	0	0	0	3
602	151	0	8.84709263	-8.79398692e-06	-1.73268483e-06	-8.79398692e-06	4.19994915e-06	1.82828278e-06	0.000144082794	0	0	0	0	0	3
603	151	0	8.8617888	1.29924764e-06	-1.53113648e-06	-8.79398692e-06	4.19994915e-06	1.82828278e-06	0.000144283666	0	0	0	0	0	3
604	151	0	8.87648497	-9.16168897e-06	-1.90255048e-06	-9.16168897e-06	4.19994915e-06	1.99814842e-06	0.000143940385	0	0	0	0	0	3
605	151	0	8.89118113	1.81355101e-06	-1.67515327e-06	-9.16168897e-06	4.19994915e-06	1.99814842e-06	0.0001442183	0	0	0	0	0	3
606	152	0	8.9058773	-7.10084817e-06	-1.96238714e-06	-9.16168897e-06	4.19994915e-06	2.05798508e-06	0.000144189269	0	0	0	0	0	3
607	152	0	8.92057347	2.60074044e-06	-1.706791e-06	-9.16168897e-06	4.19994915e-06	2.05798508e-06	0.000144335262	0	0	0	0	0	3
608	152	0	8.93526964	-6.40119151e-06	-1.9731968e-06	-9.16168897e-06	4.19994915e-06	2.06879475e-06	0.00014408952	0	0	0	0	0	3
609	152	0	8.9499658	6.11624791e-06	-1.61388999e-06	-9.16168897e-06	6.11624791e-06	2.06879475e-06	0.000144275544	0	0	0	0	0	3
610	153	0	8.96466197	-3.94869153e-06	-1.81597862e-06	-9.16168897e-06	6.11624791e-06	2.06879475e-06	0.000143846355	0	0	0	0	0	3
611	153	0	8.97935814	8.72628244e-06	-1.40174668e-06	-9.16168897e-06	8.72628244e-06	2.06879475e-06	0.000144149964	0	0	0	0	0	3
612	153	0	8.9940543	-1.22945291e-07	-1.52509297e-06	-9.16168897e-06	8.72628244e-06	2.06879475e-06	0.000144107925	0	0	0	0	0	3
613	153	0	9.00875047	9.77313192e-06	-1.09592845e-06	-9.16168897e-06	9.77313192e-06	2.06879475e-06	0.00014431614	0	0	0	0	0	3
614	153	0	9.02344664	-1.54215802e-07	-1.21454741e-06	-9.16168897e-06	9.77313192e-06	2.06879475e-06	0.000143957667	0	0	0	0	0	3
615	154	0	9.03814281	9.79653969e-06	-8.2197502e-07	-9.16168897e-06	9.79653969e-06	2.06879475e-06	0.000144170167	0	0	0	0	0	3
616	154	0	9.05283897	-1.94013676e-06	-9.80951733e-07	-9.16168897e-06	9.79653969e-06	2.0217174e-06	0.000143625354	0	0	0	0	0	3
617	154	0	9.06753514	7.45325303e-06	-6.32762345e-07	-9.16168897e-06	9.79653969e-06	2.0217174e-06	0.000144061357	0	0	0	0	0	3
618	154	0	9.08223131	-2.16310193e-06	-8.14563805e-07	-9.16168897e-06	9.79653969e-06	1.90430562e-06	0.000144111909	0	0	0	0	0	3
619	155	0	9.09692747	5.22678831e-06	-5.02687344e-07	-9.16168897e-06	9.79653969e-06	1.90430562e-06	0.000149446434	0	0	0	0	0	3
620	155	0	9.11162364	-3.99022075e-06	-7.2575068e-07	-9.16168897e-06	9.79653969e-06	1.73931249e-06	0.000143860659	0	0	0	0	0	3
621	155	0	9.12631981	5.73609235e-06	-3.87636501e-07	-9.16168897e-06	9.79653969e-06	1.73931249e-06	0.000144013442	0	0	0	0	0	3
622	155	0	9.14101598	-5.49958951e-06	-6.49230688e-07	-9.16168897e-06	9.79653969e-06	1.5855603e-06	0.000149050367	0	0	0	0	0	3
623	155	0	9.15571214	4.13677791e-06	-3.4470689e-07	-9.16168897e-06	9.79653969e-06	1.62848991e-06	0.000143829252	0	0	0	0	0	3
624	156	0	9.17040831	-5.15955784e-06	-5.90063689e-07	-9.16168897e-06	9.79653969e-06	1.62848991e-06	0.000144009411	0	0	0	0	0	3
625	156	0	9.18510448	4.17999355e-06	-2.94962717e-07	-9.16168897e-06	9.79653969e-06	1.67823409e-06	0.000144144648	0	0	0	0	0	3
626	156	0	9.19980064	-5.20568271e-06	-5.37946364e-07	-9.16168897e-06	9.79653969e-06	1.67823409e-06	0.000149348779	0	0	0	0	0	3
627	156	0	9.21449681	4.23467999e-06	-2.30850867e-07	-9.16168897e-06	9.79653969e-06	1.74234594e-06	0.00014445013	0	0	0	0	0	3
628	157	0	9.22919298	-4.2999331e-06	-4.22277492e-07	-9.16168897e-06	9.79653969e-06	1.74234594e-06	0.000149220082	0	0	0	0	0	3
629	157	0	9.24388915	4.83951589e-06	-1.00630571e-07	-9.16168897e-06	9.79653969e-06	1.87256623e-06	0.000143894942	0	0	0	0	0	3
630	157	0	9.25858531	-4.04928938e-06	-2.7129798e-07	-9.16168897e-06	9.79653969e-06	1.87256623e-06	0.000143974642	0	0	0	0	0	3
631	157	0	9.27328148	4.30844577e-06	2.3904285e-08	-9.16168897e-06	9.79653969e-06	1.99710109e-06	0.000144012286	0	0	0	0	0	3
632	158	0	9.28797765	-4.23539782e-06	-1.4844162e-07	-9.16168897e-06	9.79653969e-06	1.99710109e-06	0.000144234077	0	0	0	0	0	3
633	158	0	9.30267381	4.01191755e-06	1.61860366e-07	-9.16168897e-06	9.79653969e-06	2.13505717e-06	0.000143928235	0	0	0	0	0	3
634	158	0	9.31736998	-5.20510662e-06	-1.66319632e-08	-9.16168897e-06	9.79653969e-06	2.13505717e-06	0.000143941963	0	0	0	0	0	3
635	158	0	9.33206615	2.98305414e-06	2.90922352e-07	-9.16168897e-06	9.79653969e-06	2.26411915e-06	0.000144312565	0	0	0	0	0	3
636	158	0	9.34676232	-5.7372863e-06	1.16211103e-07	-9.16168897e-06	9.79653969e-06	2.26411915e-06	0.000144112708	0	0	0	0	0	3
637	159	0	9.36145848	3.79847669e-06	4.75995778e-07	-9.16168897e-06	9.79653969e-06	2.44919258e-06	0.000144651242	0	0	0	0	0	3
638	159	0	9.37615465	-5.34748493e-06	2.86089133e-07	-9.16168897e-06	9.79653969e-06	2.44919258e-06	0.000144217199	0	0	0	0	0	3
639	159	0	9.39085082	3.59469214e-06	6.50557165e-07	-7.10084817e-06	9.79653969e-06	2.62375397e-06	0.000144531628	0	0	0	0	0	3
640	159	0	9.40554698	-5.31317352e-06	4.46936464e-07	-7.10084817e-06	9.79653969e-06	2.62375397e-06	0.000144373758	0	0	0	0	0	3
641	160	0	9.42024315	3.41188948e-06	7.47300396e-07	-6.40119151e-06	9.79653969e-06	2.7204972e-06	0.000144819535	0	0	0	0	0	3
642	160	0	9.43493932	-5.63146798e-06	5.12094442e-07	-6.40119151e-06	9.79653969e-06	2.7204972e-06	0.000144429426	0	0	0	0	0	3
643	160	0	9.44963549	3.3701885e-06	7.91276728e-07	-5.7372863e-06	9.79653969e-06	2.60725535e-06	0.000144219118	0	0	0	0	0	3
644	160	0	9.46433165	-6.04261551e-06	4.4388063e-07	-6.04261551e-06	9.79653969e-06	2.60725535e-06	0.000144007851	0	0	0	0	0	3
645	161	0	9.47902782	3.19277817e-06	6.47922621e-07	-6.04261551e-06	9.79653969e-06	2.3163697e-06	0.000144492797	0	0	0	0	0	3
646	161	0	9.49372399	-6.45615561e-06	2.14138677e-07	-6.45615561e-06	9.79653969e-06	2.3163697e-06	0.000144118248	0	0	0	0	0	3
647	161	0	9.50842015	2.48181753e-06	2.88560472e-07	-6.45615561e-06	9.79653969e-06	2.00582414e-06	0.000144450763	0	0	0	0	0	3
648	161	0	9.52311632	-6.03312579e-06	-1.63046891e-07	-6.45615561e-06	9.79653969e-06	2.00582414e-06	0.000144343607	0	0	0	0	0	3
649	162	0	9.53781249	1.7896231e-06	-1.07508637e-07	-6.45615561e-06	9.79653969e-06	1.77222846e-06	0.000144433934	0	0	0	0	0	3
650	162	0	9.55250866	-6.64846573e-06	-5.77365934e-07	-6.64846573e-06	7.45325303e-06	1.77222846e-06	0.000144431623	0	0	0	0	0	3
651	162	0	9.56720482	1.33176426e-06	-4.83883048e-07	-6.64846573e-06	7.45325303e-06	1.60584053e-06	0.000144520377	0	0	0	0	0	3
652	162	0	9.58190099	-6.8346752e-06	-8.92109569e-07	-6.8346752e-06	5.73609235e-06	1.6833863e-06	0.000144382625	0	0	0	0	0	3
653	163	0	9.59659716	1.41595593e-06	-7.89850773e-07	-6.8346752e-06	5.73609235e-06	1.6833863e-06	0.000144508752	0	0	0	0	0	3
654	163	0	9.61129332	-6.75784234e-06	-1.13226879e-06	-6.8346752e-06	5.73609235e-06	1.92354552e-06	0.000144410135	0	0	0	0	0	3
655	163	0	9.62598949	1.80636672e-06	-9.66652006e-07	-6.8346752e-06	5.73609235e-06	1.92354552e-06	0.000144482144	0	0	0	0	0	3
656	163	0	9.64068566	-6.06231204e-06	-1.30374927e-06	-6.8346752e-06	4.83951589e-06	2.095026e-06	0.000144513407	0	0	0	0	0	3
657	164	0	9.65538183	2.42344055e-06	-1.07737699e-06	-6.8346752e-06	4.83951589e-06	2.095026e-06	0.000144854911	0	0	0	0	0	3
658	164	0	9.67007799	-5.51807241e-06	-1.35322985e-06	-6.8346752e-06	4.83951589e-06	2.14450658e-06	0.000144660818	0	0	0	0	0	3
659	164	0	9.68477416	4.27034317e-06	-1.08380411e-06	-6.8346752e-06	4.83951589e-06	2.14450658e-06	0.000144997629	0	0	0	0	0	3
660	164	0	9.69947033	-4.97617532e-06	-1.34540894e-06	-6.8346752e-06	4.83951589e-06	2.14450658e-06	0.000144511587	0	0	0	0	0	3
661	165	0	9.71416649	5.17343046e-06	-1.04886284e-06	-6.8346752e-06	5.17343046e-06	2.14450658e-06	0.000144671634	0	0	0	0	0	3
662	165	0	9.72886266	-2.92914534e-06	-1.25354357e-06	-6.8346752e-06	5.17343046e-06	2.14450658e-06	0.000149943361	0	0	0	0	0	3
663	165	0	9.74355883	6.87404484e-06	-9.34287056e-07	-6.8346752e-06	6.87404484e-06	2.14450658e-06	0.000144685696	0	0	0	0	0	3
664	165	0	9.758255	-1.22030539e-06	-1.10742481e-06	-6.8346752e-06	6.87404484e-06	2.14450658e-06	0.000144346156	0	0	0	0	0	3
665	165	0	9.77295116	7.84553829e-06	-7.67572587e-07	-6.8346752e-06	7.84553829e-06	2.14450658e-06	0.000144606681	0	0	0	0	0	3
666	166	0	9.78764733	-7.06134496e-07	-9.10846309e-07	-6.8346752e-06	7.84553829e-06	2.14450658e-06	0.000149551036	0	0	0	0	0	3
667	166	0	9.8023435	7.47453641e-06	-5.76276759e-07	-6.8346752e-06	7.84553829e-06	2.14450658e-06	0.000144419654	0	0	0	0	0	3
668	166	0	9.81703966	-1.68348384e-06	-7.39002513e-07	-6.8346752e-06	7.84553829e-06	2.14450658e-06	0.000144197194	0	0	0	0	0	3
669	166	0	9.83173583	6.37892196e-06	-4.08030268e-07	-6.8346752e-06	7.84553829e-06	2.14450658e-06	0.000144469035	0	0	0	0	0	3
670	166	0	9.846432	-2.65650683e-06	-5.69160581e-07	-6.8346752e-06	7.84553829e-06	2.14450658e-06	0.000149427796	0	0	0	0	0	3
671	167	0	9.86112817	5.28385594e-06	-2.54270803e-07	-6.8346752e-06	7.84553829e-06	2.14450658e-06	0.000144372952	0	0	0	0	0	3
672	167	0	9.87582433	-3.72818072e-06	-4.69318158e-07	-6.8346752e-06	7.84553829e-06	2.14450658e-06	0.000149293482	0	0	0	0	0	3
673	167	0	9.8905205	4.6730987e-06	-1.83015768e-07	-6.8346752e-06	7.84553829e-06	2.14450658e-06	0.00014410866	0	0	0	0	0	3
674	167	0	9.90521667	-4.58629668e-06	-4.16758306e-07	-6.8346752e-06	7.84553829e-06	2.14450658e-06	0.000143984602	0	0	0	0	0	3
675	168	0	9.91991284	4.23075817e-06	-1.44074543e-07	-6.8346752e-06	7.84553829e-06	2.14450658e-06	0.000144349022	0	0	0	0	0	3
676	168	0	9.934609	-4.42449131e-06	-3.67971137e-07	-6.8346752e-06	7.84553829e-06	2.14450658e-06	0.000149330414	0	0	0	0	0	3
677	168	0	9.94930517	4.19371839e-06	-8.72515264e-08	-6.8346752e-06	7.84553829e-06	2.14450658e-06	0.000144430711	0	0	0	0	0	3
678	168	0	9.96400134	-5.23668439e-06	-3.3316218e-07	-6.8346752e-06	7.84553829e-06	2.00115247e-06	0.000149488008	0	0	0	0	0	3
679	168	0	9.9786975	4.31351416e-06	-3.72727613e-08	-6.8346752e-06	7.84553829e-06	2.00115247e-06	0.000144426954	0	0	0	0	0	3
680	169	0	9.99339367	-5.30503371e-06	-2.80067386e-07	-6.8346752e-06	7.84553829e-06	1.64179033e-06	0.000149482845	0	0	0	0	0	3
681	169	0	10.0080898	3.84478109e-06	1.42450909e-08	-6.8346752e-06	7.84553829e-06	1.64179033e-06	0.000144201806	0	0	0	0	0	3
