Iteration	CPUTime	PhysTime	Travels	Value	AvValue	MinValue	MaxValue	Delta	Criteria	Progress	dGMaxMin	CriteriaType	CriteriaVarType	CriteriaPercentage
1	18	0	0.00992953813	0	0	0	0	0	0	0	0	0	0	0	3
2	19	0	0.0198590763	0	0	0	0	0	0	0	0	0	0	0	3
3	19	0	0.0297886144	0	0	0	0	0	0	0	0	0	0	0	3
4	20	0	0.0397181525	0	0	0	0	0	0	0	0	0	0	0	3
5	20	0	0.0496476907	0	0	0	0	0	0	0	0	0	0	0	3
6	21	0	0.0595772288	0	0	0	0	0	0	0	0	0	0	0	3
7	22	0	0.0695067669	0	0	0	0	0	0	0	0	0	0	0	3
8	22	0	0.0794363051	0	0	0	0	0	0	0	0	0	0	0	3
9	23	0	0.0893658432	0	0	0	0	0	0	0	0	0	0	0	3
10	23	0	0.0992953813	0	0	0	0	0	0	0	0	0	0	0	3
11	24	0	0.109224919	0	0	0	0	0	0	0	0	0	0	0	3
12	24	0	0.119154458	0	0	0	0	0	0	0	0	0	0	0	3
13	25	0	0.129083996	0	0	0	0	0	0	0	0	0	0	0	3
14	25	0	0.139013534	0	0	0	0	0	0	0	0	0	0	0	3
15	26	0	0.148943072	0	0	0	0	0	0	0	0	0	0	0	3
16	26	0	0.15887261	0	0	0	0	0	0	0	0	0	0	0	3
17	27	0	0.168802148	0	0	0	0	0	0	0	0	0	0	0	3
18	27	0	0.178731686	0	0	0	0	0	0	0	0	0	0	0	3
19	28	0	0.188661225	0	0	0	0	0	0	0	0	0	0	0	3
20	28	0	0.198590763	0	0	0	0	0	0	0	0	0	0	0	3
21	29	0	0.208520301	0	0	0	0	0	0	0	0	0	0	0	3
22	29	0	0.218449839	0	0	0	0	0	0	0	0	0	0	0	3
23	30	0	0.228379377	0	0	0	0	0	0	0	0	0	0	0	3
24	30	0	0.238308915	0	0	0	0	0	0	0	0	0	0	0	3
25	31	0	0.248238453	0	0	0	0	0	0	0	0	0	0	0	3
26	31	0	0.258167991	0	0	0	0	0	0	0	0	0	0	0	3
27	32	0	0.26809753	0	0	0	0	0	0	0	0	0	0	0	3
28	33	0	0.278027068	0	0	0	0	0	0	0	0	0	0	0	3
29	33	0	0.287956606	0	0	0	0	0	0	0	0	0	0	0	3
30	34	0	0.297886144	0	0	0	0	0	0	0	0	0	0	0	3
31	34	0	0.307815682	0	0	0	0	0	0	0	0	0	0	0	3
32	35	0	0.31774522	0	0	0	0	0	0	0	0	0	0	0	3
33	35	0	0.327674758	0	0	0	0	0	0	0	0	0	0	0	3
34	36	0	0.337604297	0	0	0	0	0	0	0	0	0	0	0	3
35	36	0	0.347533835	0	0	0	0	0	0	0	0	0	0	0	3
36	37	0	0.357463373	0	0	0	0	0	0	0	0	0	0	0	3
37	37	0	0.367392911	0	0	0	0	0	0	0	0	0	0	0	3
38	38	0	0.377322449	0	0	0	0	0	0	0	0	0	0	0	3
39	38	0	0.387251987	0	0	0	0	0	0	0	0	0	0	0	3
40	39	0	0.397181525	0	0	0	0	0	0	0	0	0	0	0	3
41	39	0	0.407111063	0	0	0	0	0	0	0	0	0	0	0	3
42	40	0	0.417040602	0	0	0	0	0	0	0	0	0	0	0	3
43	40	0	0.42697014	0	0	0	0	0	0	0	0	0	0	0	3
44	41	0	0.436899678	0	0	0	0	0	0	0	0	0	0	0	3
45	41	0	0.446829216	0	0	0	0	0	0	0	0	0	0	0	3
46	42	0	0.456758754	0	0	0	0	0	0	0	0	0	0	0	3
47	42	0	0.466688292	0	0	0	0	0	0	0	0	0	0	0	3
48	43	0	0.47661783	0	0	0	0	0	0	0	0	0	0	0	3
49	43	0	0.486547369	0	0	0	0	0	0	0	0	0	0	0	3
50	44	0	0.496476907	0	0	0	0	0	0	0	0	0	0	0	3
51	44	0	0.506406445	0	0	0	0	0	0	0	0	0	0	0	3
52	45	0	0.516335983	0	0	0	0	0	0	0	0	0	0	0	3
53	45	0	0.526265521	0	0	0	0	0	0	0	0	0	0	0	3
54	46	0	0.536195059	0	0	0	0	0	0	0	0	0	0	0	3
55	46	0	0.546124597	0	0	0	0	0	0	0	0	0	0	0	3
56	47	0	0.556054135	0	0	0	0	0	0	0	0	0	0	0	3
57	48	0	0.565983674	0	0	0	0	0	0	0	0	0	0	0	3
58	48	0	0.575913212	0	0	0	0	0	0	0	0	0	0	0	3
59	49	0	0.58584275	0	0	0	0	0	0	0	0	0	0	0	3
60	49	0	0.595772288	0	0	0	0	0	0	0	0	0	0	0	3
61	50	0	0.605701826	0	0	0	0	0	0	0	0	0	0	0	3
62	50	0	0.615631364	0	0	0	0	0	0	0	0	0	0	0	3
63	51	0	0.625560902	0	0	0	0	0	0	0	0	0	0	0	3
64	51	0	0.635490441	0	0	0	0	0	0	0	0	0	0	0	3
65	52	0	0.645419979	0	0	0	0	0	0	0	0	0	0	0	3
66	52	0	0.655349517	0	0	0	0	0	0	0	0	0	0	0	3
67	53	0	0.665279055	0	0	0	0	0	0	0	0	0	0	0	3
68	53	0	0.675208593	0	0	0	0	0	0	0	0	0	0	0	3
69	54	0	0.685138131	0	0	0	0	0	0	0	0	0	0	0	3
70	54	0	0.695067669	0	0	0	0	0	0	0	0	0	0	0	3
71	55	0	0.704997208	0	0	0	0	0	0	0	0	0	0	0	3
72	55	0	0.714926746	0	0	0	0	0	0	0	0	0	0	0	3
73	56	0	0.724856284	0	0	0	0	0	0	0	0	0	0	0	3
74	56	0	0.734785822	0	0	0	0	0	0	0	0	0	0	0	3
75	57	0	0.74471536	0	0	0	0	0	0	0	0	0	0	0	3
76	57	0	0.754644898	0	0	0	0	0	0	0	0	0	0	0	3
77	58	0	0.764574436	0	0	0	0	0	0	0	0	0	0	0	3
78	58	0	0.774503974	0	0	0	0	0	0	0	0	0	0	0	3
79	59	0	0.784433513	0	0	0	0	0	0	0	0	0	0	0	3
80	59	0	0.794363051	0	0	0	0	0	0	0	0	0	0	0	3
81	60	0	0.804292589	0	0	0	0	0	0	0	0	0	0	0	3
82	60	0	0.814222127	0	0	0	0	0	0	0	0	0	0	0	3
83	61	0	0.824151665	0	0	0	0	0	0	0	0	0	0	0	3
84	61	0	0.834081203	0	0	0	0	0	0	0	0	0	0	0	3
85	62	0	0.844010741	0	0	0	0	0	0	0	0	0	0	0	3
86	63	0	0.85394028	0	0	0	0	0	0	0	0	0	0	0	3
87	63	0	0.863869818	0	0	0	0	0	0	0	0	0	0	0	3
88	64	0	0.873799356	0	0	0	0	0	0	0	0	0	0	0	3
89	64	0	0.883728894	0	0	0	0	0	0	0	0	0	0	0	3
90	65	0	0.893658432	0	0	0	0	0	0	0	0	0	0	0	3
91	65	0	0.90358797	0	0	0	0	0	0	0	0	0	0	0	3
92	66	0	0.913517508	0	0	0	0	0	0	0	0	0	0	0	3
93	66	0	0.923447046	0	0	0	0	0	0	0	0	0	0	0	3
94	67	0	0.933376585	0	0	0	0	0	0	0	0	0	0	0	3
95	67	0	0.943306123	0	0	0	0	0	0	0	0	0	0	0	3
96	68	0	0.953235661	0	0	0	0	0	0	0	0	0	0	0	3
97	69	0	0.963165199	0	0	0	0	0	0	0	0	0	0	0	3
98	69	0	0.973094737	0	0	0	0	0	0	0	0	0	0	0	3
99	70	0	0.983024275	0	0	0	0	0	0	0	0	0	0	0	3
100	70	0	0.992953813	0	0	0	0	0	0	0	0	0	0	0	3
101	71	0	1.00288335	0	0	0	0	0	5e-06	0	0	0	0	0	3
102	71	0	1.01281289	0	0	0	0	0	5e-06	0	0	0	0	0	3
103	72	0	1.02274243	0	0	0	0	0	5e-06	0	0	0	0	0	3
104	73	0	1.03267197	0	0	0	0	0	5e-06	0	0	0	0	0	3
105	73	0	1.0426015	0	0	0	0	0	5e-06	0	0	0	0	0	3
106	74	0	1.05253104	0	0	0	0	0	5e-06	0	0	0	0	0	3
107	74	0	1.06246058	0	0	0	0	0	5e-06	0	0	0	0	0	3
108	75	0	1.07239012	0	0	0	0	0	5e-06	0	0	0	0	0	3
109	75	0	1.08231966	0	0	0	0	0	5e-06	0	0	0	0	0	3
110	76	0	1.09224919	0	0	0	0	0	5e-06	0	0	0	0	0	3
111	77	0	1.10217873	0	0	0	0	0	5e-06	0	0	0	0	0	3
112	77	0	1.11210827	0	0	0	0	0	5e-06	0	0	0	0	0	3
113	78	0	1.12203781	0	0	0	0	0	5e-06	0	0	0	0	0	3
114	79	0	1.13196735	0	0	0	0	0	5e-06	0	0	0	0	0	3
115	79	0	1.14189689	0	0	0	0	0	5e-06	0	0	0	0	0	3
116	80	0	1.15182642	0	0	0	0	0	5e-06	0	0	0	0	0	3
117	81	0	1.16175596	0	0	0	0	0	5e-06	0	0	0	0	0	3
118	81	0	1.1716855	0	0	0	0	0	5e-06	0	0	0	0	0	3
119	82	0	1.18161504	0	0	0	0	0	5e-06	0	0	0	0	0	3
120	82	0	1.19154458	0	0	0	0	0	5e-06	0	0	0	0	0	3
121	83	0	1.20147411	0	0	0	0	0	5e-06	0	0	0	0	0	3
122	84	0	1.21140365	0	0	0	0	0	5e-06	0	0	0	0	0	3
123	84	0	1.22133319	0	0	0	0	0	5e-06	0	0	0	0	0	3
124	85	0	1.23126273	0	0	0	0	0	5e-06	0	0	0	0	0	3
125	85	0	1.24119227	0	0	0	0	0	5e-06	0	0	0	0	0	3
126	86	0	1.2511218	0	0	0	0	0	5e-06	0	0	0	0	0	3
127	86	0	1.26105134	0	0	0	0	0	5e-06	0	0	0	0	0	3
128	87	0	1.27098088	0	0	0	0	0	5e-06	0	0	0	0	0	3
129	88	0	1.28091042	0	0	0	0	0	5e-06	0	0	0	0	0	3
130	88	0	1.29083996	0	0	0	0	0	5e-06	0	0	0	0	0	3
131	89	0	1.3007695	0	0	0	0	0	5e-06	0	0	0	0	0	3
132	89	0	1.31069903	0	0	0	0	0	5e-06	0	0	0	0	0	3
133	90	0	1.32062857	0	0	0	0	0	5e-06	0	0	0	0	0	3
134	90	0	1.33055811	0	0	0	0	0	5e-06	0	0	0	0	0	3
135	91	0	1.34048765	0	0	0	0	0	5e-06	0	0	0	0	0	3
136	92	0	1.35041719	0	0	0	0	0	5e-06	0	0	0	0	0	3
137	92	0	1.36034672	0	0	0	0	0	5e-06	0	0	0	0	0	3
138	93	0	1.37027626	0	0	0	0	0	5e-06	0	0	0	0	0	3
139	93	0	1.3802058	0	0	0	0	0	5e-06	0	0	0	0	0	3
140	94	0	1.39013534	0	0	0	0	0	5e-06	0	0	0	0	0	3
141	94	0	1.40006488	0	0	0	0	0	5e-06	0	0	0	0	0	3
142	95	0	1.40999442	0	0	0	0	0	5e-06	0	0	0	0	0	3
143	96	0	1.41992395	0	0	0	0	0	5e-06	0	0	0	0	0	3
144	96	0	1.42985349	0	0	0	0	0	5e-06	0	0	0	0	0	3
145	97	0	1.43978303	0	0	0	0	0	5e-06	0	0	0	0	0	3
146	97	0	1.44971257	0	0	0	0	0	5e-06	0	0	0	0	0	3
147	98	0	1.45964211	0	0	0	0	0	5e-06	0	0	0	0	0	3
148	98	0	1.46957164	0	0	0	0	0	5e-06	0	0	0	0	0	3
149	99	0	1.47950118	0	0	0	0	0	5e-06	0	0	0	0	0	3
150	99	0	1.48943072	0	0	0	0	0	5e-06	0	0	0	0	0	3
151	100	0	1.49936026	0	0	0	0	0	5e-06	0	0	0	0	0	3
152	101	0	1.5092898	0	0	0	0	0	5e-06	0	0	0	0	0	3
153	101	0	1.51921933	0	0	0	0	0	5e-06	0	0	0	0	0	3
154	102	0	1.52914887	0	0	0	0	0	5e-06	0	0	0	0	0	3
155	102	0	1.53907841	0	0	0	0	0	5e-06	0	0	0	0	0	3
156	103	0	1.54900795	0	0	0	0	0	5e-06	0	0	0	0	0	3
157	104	0	1.55893749	0	0	0	0	0	5e-06	0	0	0	0	0	3
158	105	0	1.56886703	0	0	0	0	0	5e-06	0	0	0	0	0	3
159	105	0	1.57879656	0	0	0	0	0	5e-06	0	0	0	0	0	3
160	106	0	1.5887261	0	0	0	0	0	5e-06	0	0	0	0	0	3
161	107	0	1.59865564	0	0	0	0	0	5e-06	0	0	0	0	0	3
162	107	0	1.60858518	0	0	0	0	0	5e-06	0	0	0	0	0	3
163	108	0	1.61851472	0	0	0	0	0	5e-06	0	0	0	0	0	3
164	109	0	1.62844425	0	0	0	0	0	5e-06	0	0	0	0	0	3
165	109	0	1.63837379	0	0	0	0	0	5e-06	0	0	0	0	0	3
166	110	0	1.64830333	0	0	0	0	0	5e-06	0	0	0	0	0	3
167	110	0	1.65823287	0	0	0	0	0	5e-06	0	0	0	0	0	3
168	111	0	1.66816241	0	0	0	0	0	5e-06	0	0	0	0	0	3
169	112	0	1.67809194	0	0	0	0	0	5e-06	0	0	0	0	0	3
170	112	0	1.68802148	0	0	0	0	0	5e-06	0	0	0	0	0	3
171	113	0	1.69795102	0	0	0	0	0	5e-06	0	0	0	0	0	3
172	113	0	1.70788056	0	0	0	0	0	5e-06	0	0	0	0	0	3
173	114	0	1.7178101	0	0	0	0	0	5e-06	0	0	0	0	0	3
174	114	0	1.72773964	0	0	0	0	0	5e-06	0	0	0	0	0	3
175	115	0	1.73766917	0	0	0	0	0	5e-06	0	0	0	0	0	3
176	116	0	1.74759871	0	0	0	0	0	5e-06	0	0	0	0	0	3
177	116	0	1.75752825	0	0	0	0	0	5e-06	0	0	0	0	0	3
178	117	0	1.76745779	0	0	0	0	0	5e-06	0	0	0	0	0	3
179	117	0	1.77738733	0	0	0	0	0	5e-06	0	0	0	0	0	3
180	118	0	1.78731686	0	0	0	0	0	5e-06	0	0	0	0	0	3
181	118	0	1.7972464	0	0	0	0	0	5e-06	0	0	0	0	0	3
182	119	0	1.80717594	0	0	0	0	0	5e-06	0	0	0	0	0	3
183	119	0	1.81710548	0	0	0	0	0	5e-06	0	0	0	0	0	3
184	120	0	1.82703502	0	0	0	0	0	5e-06	0	0	0	0	0	3
185	121	0	1.83696455	0	0	0	0	0	5e-06	0	0	0	0	0	3
186	121	0	1.84689409	0	0	0	0	0	5e-06	0	0	0	0	0	3
187	122	0	1.85682363	0	0	0	0	0	5e-06	0	0	0	0	0	3
188	122	0	1.86675317	0	0	0	0	0	5e-06	0	0	0	0	0	3
189	123	0	1.87668271	0	0	0	0	0	5e-06	0	0	0	0	0	3
190	123	0	1.88661225	0	0	0	0	0	5e-06	0	0	0	0	0	3
191	124	0	1.89654178	0	0	0	0	0	5e-06	0	0	0	0	0	3
192	125	0	1.90647132	0	0	0	0	0	5e-06	0	0	0	0	0	3
193	125	0	1.91640086	0	0	0	0	0	5e-06	0	0	0	0	0	3
194	126	0	1.9263304	0	0	0	0	0	5e-06	0	0	0	0	0	3
195	126	0	1.93625994	0	0	0	0	0	5e-06	0	0	0	0	0	3
196	127	0	1.94618947	0	0	0	0	0	5e-06	0	0	0	0	0	3
197	127	0	1.95611901	0	0	0	0	0	5e-06	0	0	0	0	0	3
198	128	0	1.96604855	0	0	0	0	0	5e-06	0	0	0	0	0	3
199	128	0	1.97597809	0	0	0	0	0	5e-06	0	0	0	0	0	3
200	129	0	1.98590763	0	0	0	0	0	5e-06	0	0	0	0	0	3
201	130	0	1.99583716	0	0	0	0	0	5e-06	0	0	0	0	0	3
202	130	0	2.0057667	0	0	0	0	0	5e-06	0	0	0	0	0	3
203	131	0	2.01569624	0	0	0	0	0	5e-06	0	0	0	0	0	3
204	131	0	2.02562578	0	0	0	0	0	5e-06	0	0	0	0	0	3
205	132	0	2.03555532	0	0	0	0	0	5e-06	0	0	0	0	0	3
206	133	0	2.04548486	0	0	0	0	0	5e-06	0	0	0	0	0	3
207	133	0	2.05541439	0	0	0	0	0	5e-06	0	0	0	0	0	3
208	134	0	2.06534393	0	0	0	0	0	5e-06	0	0	0	0	0	3
209	134	0	2.07527347	0	0	0	0	0	5e-06	0	0	0	0	0	3
210	135	0	2.08520301	0	0	0	0	0	5e-06	0	0	0	0	0	3
211	135	0	2.09513255	0	0	0	0	0	5e-06	0	0	0	0	0	3
212	136	0	2.10506208	0	0	0	0	0	5e-06	0	0	0	0	0	3
213	137	0	2.11499162	0	0	0	0	0	5e-06	0	0	0	0	0	3
214	137	0	2.12492116	0	0	0	0	0	5e-06	0	0	0	0	0	3
215	138	0	2.1348507	0	0	0	0	0	5e-06	0	0	0	0	0	3
216	138	0	2.14478024	0	0	0	0	0	5e-06	0	0	0	0	0	3
217	139	0	2.15470978	0	0	0	0	0	5e-06	0	0	0	0	0	3
218	139	0	2.16463931	0	0	0	0	0	5e-06	0	0	0	0	0	3
219	140	0	2.17456885	0	0	0	0	0	5e-06	0	0	0	0	0	3
220	141	0	2.18449839	0	0	0	0	0	5e-06	0	0	0	0	0	3
221	141	0	2.19442793	0	0	0	0	0	5e-06	0	0	0	0	0	3
222	142	0	2.20435747	0	0	0	0	0	5e-06	0	0	0	0	0	3
223	142	0	2.214287	0	0	0	0	0	5e-06	0	0	0	0	0	3
224	143	0	2.22421654	0	0	0	0	0	5e-06	0	0	0	0	0	3
225	143	0	2.23414608	0	0	0	0	0	5e-06	0	0	0	0	0	3
226	144	0	2.24407562	0	0	0	0	0	5e-06	0	0	0	0	0	3
227	145	0	2.25400516	0	0	0	0	0	5e-06	0	0	0	0	0	3
228	145	0	2.26393469	0	0	0	0	0	5e-06	0	0	0	0	0	3
229	146	0	2.27386423	0	0	0	0	0	5e-06	0	0	0	0	0	3
230	146	0	2.28379377	0	0	0	0	0	5e-06	0	0	0	0	0	3
231	147	0	2.29372331	0	0	0	0	0	5e-06	0	0	0	0	0	3
232	148	0	2.30365285	0	0	0	0	0	5e-06	0	0	0	0	0	3
233	148	0	2.31358239	0	0	0	0	0	5e-06	0	0	0	0	0	3
234	149	0	2.32351192	0	0	0	0	0	5e-06	0	0	0	0	0	3
235	149	0	2.33344146	0	0	0	0	0	5e-06	0	0	0	0	0	3
236	150	0	2.343371	0	0	0	0	0	5e-06	0	0	0	0	0	3
237	150	0	2.35330054	0	0	0	0	0	5e-06	0	0	0	0	0	3
238	151	0	2.36323008	0	0	0	0	0	5e-06	0	0	0	0	0	3
239	151	0	2.37315961	0	0	0	0	0	5e-06	0	0	0	0	0	3
240	152	0	2.38308915	0	0	0	0	0	5e-06	0	0	0	0	0	3
241	153	0	2.39301869	0	0	0	0	0	5e-06	0	0	0	0	0	3
242	153	0	2.40294823	0	0	0	0	0	5e-06	0	0	0	0	0	3
243	154	0	2.41287777	0	0	0	0	0	5e-06	0	0	0	0	0	3
244	154	0	2.4228073	0	0	0	0	0	5e-06	0	0	0	0	0	3
245	155	0	2.43273684	0	0	0	0	0	5e-06	0	0	0	0	0	3
246	155	0	2.44266638	0	0	0	0	0	5e-06	0	0	0	0	0	3
247	156	0	2.45259592	0	0	0	0	0	5e-06	0	0	0	0	0	3
248	156	0	2.46252546	0	0	0	0	0	5e-06	0	0	0	0	0	3
249	157	0	2.472455	0	0	0	0	0	5e-06	0	0	0	0	0	3
250	158	0	2.48238453	0	0	0	0	0	5e-06	0	0	0	0	0	3
251	158	0	2.49231407	0	0	0	0	0	5e-06	0	0	0	0	0	3
252	159	0	2.50224361	0	0	0	0	0	5e-06	0	0	0	0	0	3
253	159	0	2.51217315	0	0	0	0	0	5e-06	0	0	0	0	0	3
254	160	0	2.52210269	0	0	0	0	0	5e-06	0	0	0	0	0	3
255	160	0	2.53203222	0	0	0	0	0	5e-06	0	0	0	0	0	3
256	161	0	2.54196176	0	0	0	0	0	5e-06	0	0	0	0	0	3
257	161	0	2.5518913	0	0	0	0	0	5e-06	0	0	0	0	0	3
258	162	0	2.56182084	0	0	0	0	0	5e-06	0	0	0	0	0	3
259	163	0	2.57175038	0	0	0	0	0	5e-06	0	0	0	0	0	3
260	163	0	2.58167991	0	0	0	0	0	5e-06	0	0	0	0	0	3
261	164	0	2.59160945	0	0	0	0	0	5e-06	0	0	0	0	0	3
262	164	0	2.60153899	0	0	0	0	0	5e-06	0	0	0	0	0	3
263	165	0	2.61146853	0	0	0	0	0	5e-06	0	0	0	0	0	3
264	165	0	2.62139807	0	0	0	0	0	5e-06	0	0	0	0	0	3
265	166	0	2.63132761	0	0	0	0	0	5e-06	0	0	0	0	0	3
266	166	0	2.64125714	0	0	0	0	0	5e-06	0	0	0	0	0	3
267	167	0	2.65118668	0	0	0	0	0	5e-06	0	0	0	0	0	3
268	168	0	2.66111622	0	0	0	0	0	5e-06	0	0	0	0	0	3
269	168	0	2.67104576	0	0	0	0	0	5e-06	0	0	0	0	0	3
270	169	0	2.6809753	0	0	0	0	0	5e-06	0	0	0	0	0	3
271	169	0	2.69090483	0	0	0	0	0	5e-06	0	0	0	0	0	3
272	170	0	2.70083437	0	0	0	0	0	5e-06	0	0	0	0	0	3
273	171	0	2.71076391	0	0	0	0	0	5e-06	0	0	0	0	0	3
274	171	0	2.72069345	0	0	0	0	0	5e-06	0	0	0	0	0	3
275	172	0	2.73062299	0	0	0	0	0	5e-06	0	0	0	0	0	3
276	172	0	2.74055252	0	0	0	0	0	5e-06	0	0	0	0	0	3
277	173	0	2.75048206	0	0	0	0	0	5e-06	0	0	0	0	0	3
278	173	0	2.7604116	0	0	0	0	0	5e-06	0	0	0	0	0	3
279	174	0	2.77034114	0	0	0	0	0	5e-06	0	0	0	0	0	3
280	175	0	2.78027068	0	0	0	0	0	5e-06	0	0	0	0	0	3
281	175	0	2.79020022	0	0	0	0	0	5e-06	0	0	0	0	0	3
282	176	0	2.80012975	0	0	0	0	0	5e-06	0	0	0	0	0	3
283	176	0	2.81005929	0	0	0	0	0	5e-06	0	0	0	0	0	3
284	177	0	2.81998883	0	0	0	0	0	5e-06	0	0	0	0	0	3
285	177	0	2.82991837	0	0	0	0	0	5e-06	0	0	0	0	0	3
286	178	0	2.83984791	0	0	0	0	0	5e-06	0	0	0	0	0	3
287	178	0	2.84977744	0	0	0	0	0	5e-06	0	0	0	0	0	3
288	179	0	2.85970698	0	0	0	0	0	5e-06	0	0	0	0	0	3
289	180	0	2.86963652	0	0	0	0	0	5e-06	0	0	0	0	0	3
290	180	0	2.87956606	0	0	0	0	0	5e-06	0	0	0	0	0	3
291	181	0	2.8894956	0	0	0	0	0	5e-06	0	0	0	0	0	3
292	181	0	2.89942514	0	0	0	0	0	5e-06	0	0	0	0	0	3
293	182	0	2.90935467	0	0	0	0	0	5e-06	0	0	0	0	0	3
294	182	0	2.91928421	0	0	0	0	0	5e-06	0	0	0	0	0	3
295	183	0	2.92921375	0	0	0	0	0	5e-06	0	0	0	0	0	3
296	184	0	2.93914329	0	0	0	0	0	5e-06	0	0	0	0	0	3
297	184	0	2.94907283	0	0	0	0	0	5e-06	0	0	0	0	0	3
298	185	0	2.95900236	0	0	0	0	0	5e-06	0	0	0	0	0	3
299	185	0	2.9689319	0	0	0	0	0	5e-06	0	0	0	0	0	3
300	186	0	2.97886144	0	0	0	0	0	5e-06	0	0	0	0	0	3
301	187	0	2.98879098	0	0	0	0	0	5e-06	0	0	0	0	0	3
302	187	0	2.99872052	0	0	0	0	0	5e-06	0	0	0	0	0	3
303	188	0	3.00865005	0	0	0	0	0	5e-06	0	0	0	0	0	3
304	188	0	3.01857959	0	0	0	0	0	5e-06	0	0	0	0	0	3
305	189	0	3.02850913	0	0	0	0	0	5e-06	0	0	0	0	0	3
306	190	0	3.03843867	0	0	0	0	0	5e-06	0	0	0	0	0	3
307	190	0	3.04836821	0	0	0	0	0	5e-06	0	0	0	0	0	3
308	191	0	3.05829775	0	0	0	0	0	5e-06	0	0	0	0	0	3
309	192	0	3.06822728	0	0	0	0	0	5e-06	0	0	0	0	0	3
310	192	0	3.07815682	0	0	0	0	0	5e-06	0	0	0	0	0	3
311	193	0	3.08808636	0	0	0	0	0	5e-06	0	0	0	0	0	3
312	193	0	3.0980159	0	0	0	0	0	5e-06	0	0	0	0	0	3
313	194	0	3.10794544	0	0	0	0	0	5e-06	0	0	0	0	0	3
314	195	0	3.11787497	0	0	0	0	0	5e-06	0	0	0	0	0	3
315	195	0	3.12780451	0	0	0	0	0	5e-06	0	0	0	0	0	3
316	196	0	3.13773405	0	0	0	0	0	5e-06	0	0	0	0	0	3
317	197	0	3.14766359	0	0	0	0	0	5e-06	0	0	0	0	0	3
318	197	0	3.15759313	0	0	0	0	0	5e-06	0	0	0	0	0	3
319	198	0	3.16752266	0	0	0	0	0	5e-06	0	0	0	0	0	3
320	199	0	3.1774522	0	0	0	0	0	5e-06	0	0	0	0	0	3
321	200	0	3.18738174	0	0	0	0	0	5e-06	0	0	0	0	0	3
322	201	0	3.19731128	0	0	0	0	0	5e-06	0	0	0	0	0	3
323	202	0	3.20724082	0	0	0	0	0	5e-06	0	0	0	0	0	3
324	203	0	3.21717036	0	0	0	0	0	5e-06	0	0	0	0	0	3
325	204	0	3.22709989	0	0	0	0	0	5e-06	0	0	0	0	0	3
326	204	0	3.23702943	0	0	0	0	0	5e-06	0	0	0	0	0	3
327	205	0	3.24695897	0	0	0	0	0	5e-06	0	0	0	0	0	3
328	206	0	3.25688851	0	0	0	0	0	5e-06	0	0	0	0	0	3
329	207	0	3.26681805	0	0	0	0	0	5e-06	0	0	0	0	0	3
330	207	0	3.27674758	0	0	0	0	0	5e-06	0	0	0	0	0	3
331	208	0	3.28667712	0	0	0	0	0	5e-06	0	0	0	0	0	3
332	209	0	3.29660666	0	0	0	0	0	5e-06	0	0	0	0	0	3
333	210	0	3.3065362	0	0	0	0	0	5e-06	0	0	0	0	0	3
334	210	0	3.31646574	0	0	0	0	0	5e-06	0	0	0	0	0	3
335	211	0	3.32639527	0	0	0	0	0	5e-06	0	0	0	0	0	3
336	212	0	3.33632481	0	0	0	0	0	5e-06	0	0	0	0	0	3
337	213	0	3.34625435	0	0	0	0	0	5e-06	0	0	0	0	0	3
338	214	0	3.35618389	0	0	0	0	0	5e-06	0	0	0	0	0	3
339	215	0	3.36611343	0	0	0	0	0	5e-06	0	0	0	0	0	3
340	216	0	3.37604297	0	0	0	0	0	5e-06	0	0	0	0	0	3
341	216	0	3.3859725	0	0	0	0	0	5e-06	0	0	0	0	0	3
342	217	0	3.39590204	0	0	0	0	0	5e-06	0	0	0	0	0	3
343	218	0	3.40583158	0	0	0	0	0	5e-06	0	0	0	0	0	3
344	219	0	3.41576112	0	0	0	0	0	5e-06	0	0	0	0	0	3
345	219	0	3.42569066	0	0	0	0	0	5e-06	0	0	0	0	0	3
346	220	0	3.43562019	0	0	0	0	0	5e-06	0	0	0	0	0	3
347	220	0	3.44554973	0	0	0	0	0	5e-06	0	0	0	0	0	3
348	221	0	3.45547927	0	0	0	0	0	5e-06	0	0	0	0	0	3
349	222	0	3.46540881	0	0	0	0	0	5e-06	0	0	0	0	0	3
350	222	0	3.47533835	0	0	0	0	0	5e-06	0	0	0	0	0	3
351	223	0	3.48526788	0	0	0	0	0	5e-06	0	0	0	0	0	3
352	224	0	3.49519742	0	0	0	0	0	5e-06	0	0	0	0	0	3
353	224	0	3.50512696	0	0	0	0	0	5e-06	0	0	0	0	0	3
354	225	0	3.5150565	0	0	0	0	0	5e-06	0	0	0	0	0	3
355	226	0	3.52498604	0	0	0	0	0	5e-06	0	0	0	0	0	3
356	226	0	3.53491558	0	0	0	0	0	5e-06	0	0	0	0	0	3
357	227	0	3.54484511	0	0	0	0	0	5e-06	0	0	0	0	0	3
358	228	0	3.55477465	0	0	0	0	0	5e-06	0	0	0	0	0	3
359	228	0	3.56470419	0	0	0	0	0	5e-06	0	0	0	0	0	3
360	229	0	3.57463373	0	0	0	0	0	5e-06	0	0	0	0	0	3
361	230	0	3.58456327	0	0	0	0	0	5e-06	0	0	0	0	0	3
362	230	0	3.5944928	0	0	0	0	0	5e-06	0	0	0	0	0	3
363	231	0	3.60442234	0	0	0	0	0	5e-06	0	0	0	0	0	3
364	231	0	3.61435188	0	0	0	0	0	5e-06	0	0	0	0	0	3
365	232	0	3.62428142	0	0	0	0	0	5e-06	0	0	0	0	0	3
366	233	0	3.63421096	0	0	0	0	0	5e-06	0	0	0	0	0	3
367	233	0	3.6441405	0	0	0	0	0	5e-06	0	0	0	0	0	3
368	234	0	3.65407003	0	0	0	0	0	5e-06	0	0	0	0	0	3
369	234	0	3.66399957	0	0	0	0	0	5e-06	0	0	0	0	0	3
370	235	0	3.67392911	0	0	0	0	0	5e-06	0	0	0	0	0	3
371	235	0	3.68385865	0	0	0	0	0	5e-06	0	0	0	0	0	3
372	236	0	3.69378819	0	0	0	0	0	5e-06	0	0	0	0	0	3
373	237	0	3.70371772	0	0	0	0	0	5e-06	0	0	0	0	0	3
374	237	0	3.71364726	0	0	0	0	0	5e-06	0	0	0	0	0	3
375	238	0	3.7235768	0	0	0	0	0	5e-06	0	0	0	0	0	3
376	239	0	3.73350634	0	0	0	0	0	5e-06	0	0	0	0	0	3
377	239	0	3.74343588	0	0	0	0	0	5e-06	0	0	0	0	0	3
378	240	0	3.75336541	0	0	0	0	0	5e-06	0	0	0	0	0	3
379	241	0	3.76329495	0	0	0	0	0	5e-06	0	0	0	0	0	3
380	241	0	3.77322449	0	0	0	0	0	5e-06	0	0	0	0	0	3
381	243	0	3.78315403	0	0	0	0	0	5e-06	0	0	0	0	0	3
382	243	0	3.79308357	0	0	0	0	0	5e-06	0	0	0	0	0	3
383	244	0	3.80301311	0	0	0	0	0	5e-06	0	0	0	0	0	3
384	245	0	3.81294264	0	0	0	0	0	5e-06	0	0	0	0	0	3
385	246	0	3.82287218	0	0	0	0	0	5e-06	0	0	0	0	0	3
386	246	0	3.83280172	0	0	0	0	0	5e-06	0	0	0	0	0	3
387	247	0	3.84273126	0	0	0	0	0	5e-06	0	0	0	0	0	3
388	247	0	3.8526608	0	0	0	0	0	5e-06	0	0	0	0	0	3
389	248	0	3.86259033	0	0	0	0	0	5e-06	0	0	0	0	0	3
390	249	0	3.87251987	0	0	0	0	0	5e-06	0	0	0	0	0	3
391	249	0	3.88244941	0	0	0	0	0	5e-06	0	0	0	0	0	3
392	250	0	3.89237895	0	0	0	0	0	5e-06	0	0	0	0	0	3
393	250	0	3.90230849	0	0	0	0	0	5e-06	0	0	0	0	0	3
394	251	0	3.91223802	0	0	0	0	0	5e-06	0	0	0	0	0	3
395	251	0	3.92216756	0	0	0	0	0	5e-06	0	0	0	0	0	3
396	252	0	3.9320971	0	0	0	0	0	5e-06	0	0	0	0	0	3
397	252	0	3.94202664	0	0	0	0	0	5e-06	0	0	0	0	0	3
398	253	0	3.95195618	0	0	0	0	0	5e-06	0	0	0	0	0	3
399	254	0	3.96188572	0	0	0	0	0	5e-06	0	0	0	0	0	3
400	254	0	3.97181525	0	0	0	0	0	5e-06	0	0	0	0	0	3
401	255	0	3.98174479	0	0	0	0	0	5e-06	0	0	0	0	0	3
402	255	0	3.99167433	0	0	0	0	0	5e-06	0	0	0	0	0	3
403	256	0	4.00160387	0	0	0	0	0	5e-06	0	0	0	0	0	3
404	257	0	4.01153341	0	0	0	0	0	5e-06	0	0	0	0	0	3
405	257	0	4.02146294	0	0	0	0	0	5e-06	0	0	0	0	0	3
406	258	0	4.03139248	0	0	0	0	0	5e-06	0	0	0	0	0	3
407	258	0	4.04132202	0	0	0	0	0	5e-06	0	0	0	0	0	3
408	259	0	4.05125156	0	0	0	0	0	5e-06	0	0	0	0	0	3
409	260	0	4.0611811	0	0	0	0	0	5e-06	0	0	0	0	0	3
410	260	0	4.07111063	0	0	0	0	0	5e-06	0	0	0	0	0	3
411	261	0	4.08104017	0	0	0	0	0	5e-06	0	0	0	0	0	3
412	261	0	4.09096971	0	0	0	0	0	5e-06	0	0	0	0	0	3
413	262	0	4.10089925	0	0	0	0	0	5e-06	0	0	0	0	0	3
414	263	0	4.11082879	0	0	0	0	0	5e-06	0	0	0	0	0	3
415	263	0	4.12075833	0	0	0	0	0	5e-06	0	0	0	0	0	3
416	264	0	4.13068786	0	0	0	0	0	5e-06	0	0	0	0	0	3
417	264	0	4.1406174	0	0	0	0	0	5e-06	0	0	0	0	0	3
418	265	0	4.15054694	0	0	0	0	0	5e-06	0	0	0	0	0	3
419	265	0	4.16047648	0	0	0	0	0	5e-06	0	0	0	0	0	3
420	266	0	4.17040602	0	0	0	0	0	5e-06	0	0	0	0	0	3
421	266	0	4.18033555	0	0	0	0	0	5e-06	0	0	0	0	0	3
422	267	0	4.19026509	0	0	0	0	0	5e-06	0	0	0	0	0	3
423	268	0	4.20019463	0	0	0	0	0	5e-06	0	0	0	0	0	3
424	268	0	4.21012417	0	0	0	0	0	5e-06	0	0	0	0	0	3
425	269	0	4.22005371	0	0	0	0	0	5e-06	0	0	0	0	0	3
426	269	0	4.22998325	0	0	0	0	0	5e-06	0	0	0	0	0	3
427	270	0	4.23991278	0	0	0	0	0	5e-06	0	0	0	0	0	3
428	270	0	4.24984232	0	0	0	0	0	5e-06	0	0	0	0	0	3
429	271	0	4.25977186	0	0	0	0	0	5e-06	0	0	0	0	0	3
430	271	0	4.2697014	0	0	0	0	0	5e-06	0	0	0	0	0	3
431	272	0	4.27963094	0	0	0	0	0	5e-06	0	0	0	0	0	3
432	272	0	4.28956047	0	0	0	0	0	5e-06	0	0	0	0	0	3
433	273	0	4.29949001	0	0	0	0	0	5e-06	0	0	0	0	0	3
434	274	0	4.30941955	0	0	0	0	0	5e-06	0	0	0	0	0	3
435	274	0	4.31934909	0	0	0	0	0	5e-06	0	0	0	0	0	3
436	275	0	4.32927863	0	0	0	0	0	5e-06	0	0	0	0	0	3
437	275	0	4.33920816	0	0	0	0	0	5e-06	0	0	0	0	0	3
438	276	0	4.3491377	0	0	0	0	0	5e-06	0	0	0	0	0	3
439	277	0	4.35906724	0	0	0	0	0	5e-06	0	0	0	0	0	3
440	277	0	4.36899678	0	0	0	0	0	5e-06	0	0	0	0	0	3
441	278	0	4.37892632	0	0	0	0	0	5e-06	0	0	0	0	0	3
442	278	0	4.38885586	0	0	0	0	0	5e-06	0	0	0	0	0	3
443	279	0	4.39878539	0	0	0	0	0	5e-06	0	0	0	0	0	3
444	279	0	4.40871493	0	0	0	0	0	5e-06	0	0	0	0	0	3
445	280	0	4.41864447	0	0	0	0	0	5e-06	0	0	0	0	0	3
446	281	0	4.42857401	0	0	0	0	0	5e-06	0	0	0	0	0	3
447	281	0	4.43850355	0	0	0	0	0	5e-06	0	0	0	0	0	3
448	282	0	4.44843308	0	0	0	0	0	5e-06	0	0	0	0	0	3
449	282	0	4.45836262	0	0	0	0	0	5e-06	0	0	0	0	0	3
450	283	0	4.46829216	0	0	0	0	0	5e-06	0	0	0	0	0	3
451	283	0	4.4782217	0	0	0	0	0	5e-06	0	0	0	0	0	3
452	284	0	4.48815124	0	0	0	0	0	5e-06	0	0	0	0	0	3
453	285	0	4.49808077	0	0	0	0	0	5e-06	0	0	0	0	0	3
454	285	0	4.50801031	0	0	0	0	0	5e-06	0	0	0	0	0	3
455	286	0	4.51793985	0	0	0	0	0	5e-06	0	0	0	0	0	3
456	286	0	4.52786939	0	0	0	0	0	5e-06	0	0	0	0	0	3
457	287	0	4.53779893	0	0	0	0	0	5e-06	0	0	0	0	0	3
458	287	0	4.54772847	0	0	0	0	0	5e-06	0	0	0	0	0	3
459	288	0	4.557658	0	0	0	0	0	5e-06	0	0	0	0	0	3
460	288	0	4.56758754	0	0	0	0	0	5e-06	0	0	0	0	0	3
461	289	0	4.57751708	0	0	0	0	0	5e-06	0	0	0	0	0	3
462	289	0	4.58744662	0	0	0	0	0	5e-06	0	0	0	0	0	3
463	290	0	4.59737616	0	0	0	0	0	5e-06	0	0	0	0	0	3
464	290	0	4.60730569	0	0	0	0	0	5e-06	0	0	0	0	0	3
465	291	0	4.61723523	0	0	0	0	0	5e-06	0	0	0	0	0	3
466	292	0	4.62716477	0	0	0	0	0	5e-06	0	0	0	0	0	3
467	292	0	4.63709431	0	0	0	0	0	5e-06	0	0	0	0	0	3
468	293	0	4.64702385	0	0	0	0	0	5e-06	0	0	0	0	0	3
469	293	0	4.65695338	0	0	0	0	0	5e-06	0	0	0	0	0	3
470	294	0	4.66688292	0	0	0	0	0	5e-06	0	0	0	0	0	3
471	294	0	4.67681246	0	0	0	0	0	5e-06	0	0	0	0	0	3
472	295	0	4.686742	0	0	0	0	0	5e-06	0	0	0	0	0	3
473	295	0	4.69667154	0	0	0	0	0	5e-06	0	0	0	0	0	3
474	296	0	4.70660108	0	0	0	0	0	5e-06	0	0	0	0	0	3
475	296	0	4.71653061	0	0	0	0	0	5e-06	0	0	0	0	0	3
476	297	0	4.72646015	0	0	0	0	0	5e-06	0	0	0	0	0	3
477	298	0	4.73638969	0	0	0	0	0	5e-06	0	0	0	0	0	3
478	298	0	4.74631923	0	0	0	0	0	5e-06	0	0	0	0	0	3
479	299	0	4.75624877	0	0	0	0	0	5e-06	0	0	0	0	0	3
480	299	0	4.7661783	0	0	0	0	0	5e-06	0	0	0	0	0	3
481	300	0	4.77610784	0	0	0	0	0	5e-06	0	0	0	0	0	3
482	300	0	4.78603738	0	0	0	0	0	5e-06	0	0	0	0	0	3
483	301	0	4.79596692	0	0	0	0	0	5e-06	0	0	0	0	0	3
484	301	0	4.80589646	0	0	0	0	0	5e-06	0	0	0	0	0	3
485	302	0	4.81582599	0	0	0	0	0	5e-06	0	0	0	0	0	3
486	302	0	4.82575553	0	0	0	0	0	5e-06	0	0	0	0	0	3
487	303	0	4.83568507	0	0	0	0	0	5e-06	0	0	0	0	0	3
488	303	0	4.84561461	0	0	0	0	0	5e-06	0	0	0	0	0	3
489	304	0	4.85554415	0	0	0	0	0	5e-06	0	0	0	0	0	3
490	304	0	4.86547369	0	0	0	0	0	5e-06	0	0	0	0	0	3
491	305	0	4.87540322	0	0	0	0	0	5e-06	0	0	0	0	0	3
492	305	0	4.88533276	0	0	0	0	0	5e-06	0	0	0	0	0	3
493	306	0	4.8952623	0	0	0	0	0	5e-06	0	0	0	0	0	3
494	307	0	4.90519184	0	0	0	0	0	5e-06	0	0	0	0	0	3
495	307	0	4.91512138	0	0	0	0	0	5e-06	0	0	0	0	0	3
496	308	0	4.92505091	0	0	0	0	0	5e-06	0	0	0	0	0	3
497	308	0	4.93498045	0	0	0	0	0	5e-06	0	0	0	0	0	3
498	309	0	4.94490999	0	0	0	0	0	5e-06	0	0	0	0	0	3
499	310	0	4.95483953	0	0	0	0	0	5e-06	0	0	0	0	0	3
500	310	0	4.96476907	0	0	0	0	0	5e-06	0	0	0	0	0	3
501	311	0	4.97469861	0	0	0	0	0	5e-06	0	0	0	0	0	3
502	311	0	4.98462814	0	0	0	0	0	5e-06	0	0	0	0	0	3
503	312	0	4.99455768	0	0	0	0	0	5e-06	0	0	0	0	0	3
504	313	0	5.00448722	0	0	0	0	0	5e-06	0	0	0	0	0	3
505	313	0	5.01441676	0	0	0	0	0	5e-06	0	0	0	0	0	3
506	314	0	5.0243463	0	0	0	0	0	5e-06	0	0	0	0	0	3
507	314	0	5.03427583	0	0	0	0	0	5e-06	0	0	0	0	0	3
508	315	0	5.04420537	0	0	0	0	0	5e-06	0	0	0	0	0	3
509	315	0	5.05413491	0	0	0	0	0	5e-06	0	0	0	0	0	3
510	316	0	5.06406445	0	0	0	0	0	5e-06	0	0	0	0	0	3
511	317	0	5.07399399	0	0	0	0	0	5e-06	0	0	0	0	0	3
512	317	0	5.08392352	0	0	0	0	0	5e-06	0	0	0	0	0	3
513	318	0	5.09385306	0	0	0	0	0	5e-06	0	0	0	0	0	3
514	318	0	5.1037826	0	0	0	0	0	5e-06	0	0	0	0	0	3
515	319	0	5.11371214	0	0	0	0	0	5e-06	0	0	0	0	0	3
516	319	0	5.12364168	0	0	0	0	0	5e-06	0	0	0	0	0	3
517	320	0	5.13357122	0	0	0	0	0	5e-06	0	0	0	0	0	3
518	320	0	5.14350075	0	0	0	0	0	5e-06	0	0	0	0	0	3
519	321	0	5.15343029	0	0	0	0	0	5e-06	0	0	0	0	0	3
520	322	0	5.16335983	0	0	0	0	0	5e-06	0	0	0	0	0	3
521	322	0	5.17328937	0	0	0	0	0	5e-06	0	0	0	0	0	3
522	323	0	5.18321891	0	0	0	0	0	5e-06	0	0	0	0	0	3
523	323	0	5.19314844	0	0	0	0	0	5e-06	0	0	0	0	0	3
524	324	0	5.20307798	0	0	0	0	0	5e-06	0	0	0	0	0	3
525	325	0	5.21300752	0	0	0	0	0	5e-06	0	0	0	0	0	3
526	325	0	5.22293706	0	0	0	0	0	5e-06	0	0	0	0	0	3
527	326	0	5.2328666	0	0	0	0	0	5e-06	0	0	0	0	0	3
528	326	0	5.24279613	0	0	0	0	0	5e-06	0	0	0	0	0	3
529	327	0	5.25272567	0	0	0	0	0	5e-06	0	0	0	0	0	3
530	327	0	5.26265521	0	0	0	0	0	5e-06	0	0	0	0	0	3
531	328	0	5.27258475	0	0	0	0	0	5e-06	0	0	0	0	0	3
532	328	0	5.28251429	0	0	0	0	0	5e-06	0	0	0	0	0	3
533	329	0	5.29244383	0	0	0	0	0	5e-06	0	0	0	0	0	3
534	330	0	5.30237336	0	0	0	0	0	5e-06	0	0	0	0	0	3
535	330	0	5.3123029	0	0	0	0	0	5e-06	0	0	0	0	0	3
536	331	0	5.32223244	0	0	0	0	0	5e-06	0	0	0	0	0	3
537	331	0	5.33216198	0	0	0	0	0	5e-06	0	0	0	0	0	3
538	332	0	5.34209152	0	0	0	0	0	5e-06	0	0	0	0	0	3
539	333	0	5.35202105	0	0	0	0	0	5e-06	0	0	0	0	0	3
540	333	0	5.36195059	0	0	0	0	0	5e-06	0	0	0	0	0	3
541	334	0	5.37188013	0	0	0	0	0	5e-06	0	0	0	0	0	3
542	334	0	5.38180967	0	0	0	0	0	5e-06	0	0	0	0	0	3
543	335	0	5.39173921	0	0	0	0	0	5e-06	0	0	0	0	0	3
544	335	0	5.40166874	0	0	0	0	0	5e-06	0	0	0	0	0	3
545	336	0	5.41159828	0	0	0	0	0	5e-06	0	0	0	0	0	3
546	336	0	5.42152782	0	0	0	0	0	5e-06	0	0	0	0	0	3
547	337	0	5.43145736	0	0	0	0	0	5e-06	0	0	0	0	0	3
548	338	0	5.4413869	0	0	0	0	0	5e-06	0	0	0	0	0	3
549	338	0	5.45131644	0	0	0	0	0	5e-06	0	0	0	0	0	3
550	339	0	5.46124597	0	0	0	0	0	5e-06	0	0	0	0	0	3
551	339	0	5.47117551	0	0	0	0	0	5e-06	0	0	0	0	0	3
552	340	0	5.48110505	0	0	0	0	0	5e-06	0	0	0	0	0	3
553	340	0	5.49103459	0	0	0	0	0	5e-06	0	0	0	0	0	3
554	341	0	5.50096413	0	0	0	0	0	5e-06	0	0	0	0	0	3
555	341	0	5.51089366	0	0	0	0	0	5e-06	0	0	0	0	0	3
556	342	0	5.5208232	0	0	0	0	0	5e-06	0	0	0	0	0	3
557	342	0	5.53075274	0	0	0	0	0	5e-06	0	0	0	0	0	3
558	343	0	5.54068228	0	0	0	0	0	5e-06	0	0	0	0	0	3
559	344	0	5.55061182	0	0	0	0	0	5e-06	0	0	0	0	0	3
560	344	0	5.56054135	0	0	0	0	0	5e-06	0	0	0	0	0	3
561	345	0	5.57047089	0	0	0	0	0	5e-06	0	0	0	0	0	3
562	346	0	5.58040043	0	0	0	0	0	5e-06	0	0	0	0	0	3
563	346	0	5.59032997	0	0	0	0	0	5e-06	0	0	0	0	0	3
564	347	0	5.60025951	0	0	0	0	0	5e-06	0	0	0	0	0	3
565	347	0	5.61018905	0	0	0	0	0	5e-06	0	0	0	0	0	3
566	348	0	5.62011858	0	0	0	0	0	5e-06	0	0	0	0	0	3
567	349	0	5.63004812	0	0	0	0	0	5e-06	0	0	0	0	0	3
568	349	0	5.63997766	0	0	0	0	0	5e-06	0	0	0	0	0	3
569	350	0	5.6499072	0	0	0	0	0	5e-06	0	0	0	0	0	3
570	350	0	5.65983674	0	0	0	0	0	5e-06	0	0	0	0	0	3
571	351	0	5.66976627	0	0	0	0	0	5e-06	0	0	0	0	0	3
572	351	0	5.67969581	0	0	0	0	0	5e-06	0	0	0	0	0	3
573	352	0	5.68962535	0	0	0	0	0	5e-06	0	0	0	0	0	3
574	353	0	5.69955489	0	0	0	0	0	5e-06	0	0	0	0	0	3
575	354	0	5.70948443	0	0	0	0	0	5e-06	0	0	0	0	0	3
576	354	0	5.71941397	0	0	0	0	0	5e-06	0	0	0	0	0	3
577	355	0	5.7293435	0	0	0	0	0	5e-06	0	0	0	0	0	3
578	355	0	5.73927304	0	0	0	0	0	5e-06	0	0	0	0	0	3
579	356	0	5.74920258	0	0	0	0	0	5e-06	0	0	0	0	0	3
580	357	0	5.75913212	0	0	0	0	0	5e-06	0	0	0	0	0	3
581	357	0	5.76906166	0	0	0	0	0	5e-06	0	0	0	0	0	3
582	358	0	5.77899119	0	0	0	0	0	5e-06	0	0	0	0	0	3
583	358	0	5.78892073	0	0	0	0	0	5e-06	0	0	0	0	0	3
584	359	0	5.79885027	0	0	0	0	0	5e-06	0	0	0	0	0	3
585	360	0	5.80877981	0	0	0	0	0	5e-06	0	0	0	0	0	3
586	360	0	5.81870935	0	0	0	0	0	5e-06	0	0	0	0	0	3
587	361	0	5.82863888	0	0	0	0	0	5e-06	0	0	0	0	0	3
588	361	0	5.83856842	0	0	0	0	0	5e-06	0	0	0	0	0	3
589	362	0	5.84849796	0	0	0	0	0	5e-06	0	0	0	0	0	3
590	362	0	5.8584275	0	0	0	0	0	5e-06	0	0	0	0	0	3
591	363	0	5.86835704	0	0	0	0	0	5e-06	0	0	0	0	0	3
592	363	0	5.87828658	0	0	0	0	0	5e-06	0	0	0	0	0	3
593	364	0	5.88821611	0	0	0	0	0	5e-06	0	0	0	0	0	3
594	365	0	5.89814565	0	0	0	0	0	5e-06	0	0	0	0	0	3
595	365	0	5.90807519	0	0	0	0	0	5e-06	0	0	0	0	0	3
596	366	0	5.91800473	0	0	0	0	0	5e-06	0	0	0	0	0	3
597	367	0	5.92793427	0	0	0	0	0	5e-06	0	0	0	0	0	3
598	367	0	5.9378638	0	0	0	0	0	5e-06	0	0	0	0	0	3
599	368	0	5.94779334	0	0	0	0	0	5e-06	0	0	0	0	0	3
600	368	0	5.95772288	0	0	0	0	0	5e-06	0	0	0	0	0	3
601	369	0	5.96765242	0	0	0	0	0	5e-06	0	0	0	0	0	3
602	370	0	5.97758196	0	0	0	0	0	5e-06	0	0	0	0	0	3
603	370	0	5.98751149	0	0	0	0	0	5e-06	0	0	0	0	0	3
604	371	0	5.99744103	0	0	0	0	0	5e-06	0	0	0	0	0	3
605	372	0	6.00737057	0	0	0	0	0	5e-06	0	0	0	0	0	3
606	372	0	6.01730011	0	0	0	0	0	5e-06	0	0	0	0	0	3
607	373	0	6.02722965	0	0	0	0	0	5e-06	0	0	0	0	0	3
608	373	0	6.03715919	0	0	0	0	0	5e-06	0	0	0	0	0	3
609	374	0	6.04708872	0	0	0	0	0	5e-06	0	0	0	0	0	3
610	374	0	6.05701826	0	0	0	0	0	5e-06	0	0	0	0	0	3
611	375	0	6.0669478	0	0	0	0	0	5e-06	0	0	0	0	0	3
612	376	0	6.07687734	0	0	0	0	0	5e-06	0	0	0	0	0	3
613	376	0	6.08680688	0	0	0	0	0	5e-06	0	0	0	0	0	3
614	377	0	6.09673641	0	0	0	0	0	5e-06	0	0	0	0	0	3
615	378	0	6.10666595	0	0	0	0	0	5e-06	0	0	0	0	0	3
616	378	0	6.11659549	0	0	0	0	0	5e-06	0	0	0	0	0	3
617	379	0	6.12652503	0	0	0	0	0	5e-06	0	0	0	0	0	3
618	379	0	6.13645457	0	0	0	0	0	5e-06	0	0	0	0	0	3
619	380	0	6.1463841	0	0	0	0	0	5e-06	0	0	0	0	0	3
620	381	0	6.15631364	0	0	0	0	0	5e-06	0	0	0	0	0	3
621	381	0	6.16624318	0	0	0	0	0	5e-06	0	0	0	0	0	3
622	382	0	6.17617272	0	0	0	0	0	5e-06	0	0	0	0	0	3
623	382	0	6.18610226	0	0	0	0	0	5e-06	0	0	0	0	0	3
624	383	0	6.1960318	0	0	0	0	0	5e-06	0	0	0	0	0	3
625	384	0	6.20596133	0	0	0	0	0	5e-06	0	0	0	0	0	3
626	384	0	6.21589087	0	0	0	0	0	5e-06	0	0	0	0	0	3
627	385	0	6.22582041	0	0	0	0	0	5e-06	0	0	0	0	0	3
628	385	0	6.23574995	0	0	0	0	0	5e-06	0	0	0	0	0	3
629	386	0	6.24567949	0	0	0	0	0	5e-06	0	0	0	0	0	3
630	386	0	6.25560902	0	0	0	0	0	5e-06	0	0	0	0	0	3
631	387	0	6.26553856	0	0	0	0	0	5e-06	0	0	0	0	0	3
632	387	0	6.2754681	0	0	0	0	0	5e-06	0	0	0	0	0	3
633	388	0	6.28539764	0	0	0	0	0	5e-06	0	0	0	0	0	3
634	388	0	6.29532718	0	0	0	0	0	5e-06	0	0	0	0	0	3
635	389	0	6.30525672	0	0	0	0	0	5e-06	0	0	0	0	0	3
636	389	0	6.31518625	0	0	0	0	0	5e-06	0	0	0	0	0	3
637	390	0	6.32511579	0	0	0	0	0	5e-06	0	0	0	0	0	3
638	391	0	6.33504533	0	0	0	0	0	5e-06	0	0	0	0	0	3
639	391	0	6.34497487	0	0	0	0	0	5e-06	0	0	0	0	0	3
640	392	0	6.35490441	0	0	0	0	0	5e-06	0	0	0	0	0	3
641	392	0	6.36483394	0	0	0	0	0	5e-06	0	0	0	0	0	3
642	393	0	6.37476348	0	0	0	0	0	5e-06	0	0	0	0	0	3
643	393	0	6.38469302	0	0	0	0	0	5e-06	0	0	0	0	0	3
644	394	0	6.39462256	0	0	0	0	0	5e-06	0	0	0	0	0	3
645	394	0	6.4045521	0	0	0	0	0	5e-06	0	0	0	0	0	3
646	395	0	6.41448163	0	0	0	0	0	5e-06	0	0	0	0	0	3
647	396	0	6.42441117	0	0	0	0	0	5e-06	0	0	0	0	0	3
648	396	0	6.43434071	0	0	0	0	0	5e-06	0	0	0	0	0	3
649	397	0	6.44427025	0	0	0	0	0	5e-06	0	0	0	0	0	3
650	398	0	6.45419979	0	0	0	0	0	5e-06	0	0	0	0	0	3
651	399	0	6.46412933	0	0	0	0	0	5e-06	0	0	0	0	0	3
652	399	0	6.47405886	0	0	0	0	0	5e-06	0	0	0	0	0	3
653	400	0	6.4839884	0	0	0	0	0	5e-06	0	0	0	0	0	3
654	401	0	6.49391794	0	0	0	0	0	5e-06	0	0	0	0	0	3
655	401	0	6.50384748	0	0	0	0	0	5e-06	0	0	0	0	0	3
656	402	0	6.51377702	0	0	0	0	0	5e-06	0	0	0	0	0	3
657	403	0	6.52370655	0	0	0	0	0	5e-06	0	0	0	0	0	3
658	403	0	6.53363609	0	0	0	0	0	5e-06	0	0	0	0	0	3
659	404	0	6.54356563	0	0	0	0	0	5e-06	0	0	0	0	0	3
660	404	0	6.55349517	0	0	0	0	0	5e-06	0	0	0	0	0	3
661	405	0	6.56342471	0	0	0	0	0	5e-06	0	0	0	0	0	3
662	405	0	6.57335424	0	0	0	0	0	5e-06	0	0	0	0	0	3
663	406	0	6.58328378	0	0	0	0	0	5e-06	0	0	0	0	0	3
664	406	0	6.59321332	0	0	0	0	0	5e-06	0	0	0	0	0	3
665	407	0	6.60314286	0	0	0	0	0	5e-06	0	0	0	0	0	3
666	408	0	6.6130724	0	0	0	0	0	5e-06	0	0	0	0	0	3
667	408	0	6.62300194	0	0	0	0	0	5e-06	0	0	0	0	0	3
668	409	0	6.63293147	0	0	0	0	0	5e-06	0	0	0	0	0	3
669	409	0	6.64286101	0	0	0	0	0	5e-06	0	0	0	0	0	3
670	410	0	6.65279055	0	0	0	0	0	5e-06	0	0	0	0	0	3
671	411	0	6.66272009	0	0	0	0	0	5e-06	0	0	0	0	0	3
672	411	0	6.67264963	0	0	0	0	0	5e-06	0	0	0	0	0	3
673	412	0	6.68257916	0	0	0	0	0	5e-06	0	0	0	0	0	3
674	412	0	6.6925087	0	0	0	0	0	5e-06	0	0	0	0	0	3
675	413	0	6.70243824	0	0	0	0	0	5e-06	0	0	0	0	0	3
676	413	0	6.71236778	0	0	0	0	0	5e-06	0	0	0	0	0	3
677	414	0	6.72229732	0	0	0	0	0	5e-06	0	0	0	0	0	3
678	415	0	6.73222685	0	0	0	0	0	5e-06	0	0	0	0	0	3
679	415	0	6.74215639	0	0	0	0	0	5e-06	0	0	0	0	0	3
680	416	0	6.75208593	0	0	0	0	0	5e-06	0	0	0	0	0	3
681	416	0	6.76201547	0	0	0	0	0	5e-06	0	0	0	0	0	3
682	417	0	6.77194501	0	0	0	0	0	5e-06	0	0	0	0	0	3
683	417	0	6.78187455	0	0	0	0	0	5e-06	0	0	0	0	0	3
684	418	0	6.79180408	0	0	0	0	0	5e-06	0	0	0	0	0	3
685	418	0	6.80173362	0	0	0	0	0	5e-06	0	0	0	0	0	3
686	419	0	6.81166316	0	0	0	0	0	5e-06	0	0	0	0	0	3
687	419	0	6.8215927	0	0	0	0	0	5e-06	0	0	0	0	0	3
688	420	0	6.83152224	0	0	0	0	0	5e-06	0	0	0	0	0	3
689	420	0	6.84145177	0	0	0	0	0	5e-06	0	0	0	0	0	3
690	421	0	6.85138131	0	0	0	0	0	5e-06	0	0	0	0	0	3
691	422	0	6.86131085	0	0	0	0	0	5e-06	0	0	0	0	0	3
692	422	0	6.87124039	0	0	0	0	0	5e-06	0	0	0	0	0	3
693	423	0	6.88116993	0	0	0	0	0	5e-06	0	0	0	0	0	3
694	423	0	6.89109946	0	0	0	0	0	5e-06	0	0	0	0	0	3
695	424	0	6.901029	0	0	0	0	0	5e-06	0	0	0	0	0	3
696	425	0	6.91095854	0	0	0	0	0	5e-06	0	0	0	0	0	3
697	425	0	6.92088808	0	0	0	0	0	5e-06	0	0	0	0	0	3
698	426	0	6.93081762	0	0	0	0	0	5e-06	0	0	0	0	0	3
699	426	0	6.94074716	0	0	0	0	0	5e-06	0	0	0	0	0	3
700	427	0	6.95067669	0	0	0	0	0	5e-06	0	0	0	0	0	3
701	428	0	6.96060623	0	0	0	0	0	5e-06	0	0	0	0	0	3
702	428	0	6.97053577	0	0	0	0	0	5e-06	0	0	0	0	0	3
703	429	0	6.98046531	0	0	0	0	0	5e-06	0	0	0	0	0	3
704	430	0	6.99039485	0	0	0	0	0	5e-06	0	0	0	0	0	3
705	430	0	7.00032438	0	0	0	0	0	5e-06	0	0	0	0	0	3
706	431	0	7.01025392	0	0	0	0	0	5e-06	0	0	0	0	0	3
707	431	0	7.02018346	0	0	0	0	0	5e-06	0	0	0	0	0	3
708	432	0	7.030113	0	0	0	0	0	5e-06	0	0	0	0	0	3
709	432	0	7.04004254	0	0	0	0	0	5e-06	0	0	0	0	0	3
710	433	0	7.04997208	0	0	0	0	0	5e-06	0	0	0	0	0	3
711	433	0	7.05990161	0	0	0	0	0	5e-06	0	0	0	0	0	3
712	434	0	7.06983115	0	0	0	0	0	5e-06	0	0	0	0	0	3
713	435	0	7.07976069	0	0	0	0	0	5e-06	0	0	0	0	0	3
714	435	0	7.08969023	0	0	0	0	0	5e-06	0	0	0	0	0	3
715	436	0	7.09961977	0	0	0	0	0	5e-06	0	0	0	0	0	3
716	436	0	7.1095493	0	0	0	0	0	5e-06	0	0	0	0	0	3
717	437	0	7.11947884	0	0	0	0	0	5e-06	0	0	0	0	0	3
718	437	0	7.12940838	0	0	0	0	0	5e-06	0	0	0	0	0	3
719	438	0	7.13933792	0	0	0	0	0	5e-06	0	0	0	0	0	3
720	438	0	7.14926746	0	0	0	0	0	5e-06	0	0	0	0	0	3
721	439	0	7.15919699	0	0	0	0	0	5e-06	0	0	0	0	0	3
722	439	0	7.16912653	0	0	0	0	0	5e-06	0	0	0	0	0	3
723	440	0	7.17905607	0	0	0	0	0	5e-06	0	0	0	0	0	3
724	441	0	7.18898561	0	0	0	0	0	5e-06	0	0	0	0	0	3
725	441	0	7.19891515	0	0	0	0	0	5e-06	0	0	0	0	0	3
726	442	0	7.20884469	0	0	0	0	0	5e-06	0	0	0	0	0	3
727	442	0	7.21877422	0	0	0	0	0	5e-06	0	0	0	0	0	3
728	443	0	7.22870376	0	0	0	0	0	5e-06	0	0	0	0	0	3
729	443	0	7.2386333	0	0	0	0	0	5e-06	0	0	0	0	0	3
730	444	0	7.24856284	0	0	0	0	0	5e-06	0	0	0	0	0	3
731	444	0	7.25849238	0	0	0	0	0	5e-06	0	0	0	0	0	3
732	445	0	7.26842191	0	0	0	0	0	5e-06	0	0	0	0	0	3
733	446	0	7.27835145	0	0	0	0	0	5e-06	0	0	0	0	0	3
734	446	0	7.28828099	0	0	0	0	0	5e-06	0	0	0	0	0	3
735	447	0	7.29821053	0	0	0	0	0	5e-06	0	0	0	0	0	3
736	447	0	7.30814007	0	0	0	0	0	5e-06	0	0	0	0	0	3
737	448	0	7.3180696	0	0	0	0	0	5e-06	0	0	0	0	0	3
738	448	0	7.32799914	0	0	0	0	0	5e-06	0	0	0	0	0	3
739	449	0	7.33792868	0	0	0	0	0	5e-06	0	0	0	0	0	3
740	450	0	7.34785822	0	0	0	0	0	5e-06	0	0	0	0	0	3
741	450	0	7.35778776	0	0	0	0	0	5e-06	0	0	0	0	0	3
742	451	0	7.3677173	0	0	0	0	0	5e-06	0	0	0	0	0	3
743	452	0	7.37764683	0	0	0	0	0	5e-06	0	0	0	0	0	3
744	452	0	7.38757637	0	0	0	0	0	5e-06	0	0	0	0	0	3
745	453	0	7.39750591	0	0	0	0	0	5e-06	0	0	0	0	0	3
746	453	0	7.40743545	0	0	0	0	0	5e-06	0	0	0	0	0	3
747	454	0	7.41736499	0	0	0	0	0	5e-06	0	0	0	0	0	3
748	455	0	7.42729452	0	0	0	0	0	5e-06	0	0	0	0	0	3
749	455	0	7.43722406	0	0	0	0	0	5e-06	0	0	0	0	0	3
750	456	0	7.4471536	0	0	0	0	0	5e-06	0	0	0	0	0	3
751	456	0	7.45708314	0	0	0	0	0	5e-06	0	0	0	0	0	3
752	457	0	7.46701268	0	0	0	0	0	5e-06	0	0	0	0	0	3
753	458	0	7.47694221	0	0	0	0	0	5e-06	0	0	0	0	0	3
754	458	0	7.48687175	0	0	0	0	0	5e-06	0	0	0	0	0	3
755	459	0	7.49680129	0	0	0	0	0	5e-06	0	0	0	0	0	3
756	459	0	7.50673083	0	0	0	0	0	5e-06	0	0	0	0	0	3
757	460	0	7.51666037	0	0	0	0	0	5e-06	0	0	0	0	0	3
758	460	0	7.52658991	0	0	0	0	0	5e-06	0	0	0	0	0	3
759	461	0	7.53651944	0	0	0	0	0	5e-06	0	0	0	0	0	3
760	461	0	7.54644898	0	0	0	0	0	5e-06	0	0	0	0	0	3
761	462	0	7.55637852	0	0	0	0	0	5e-06	0	0	0	0	0	3
762	463	0	7.56630806	0	0	0	0	0	5e-06	0	0	0	0	0	3
763	463	0	7.5762376	0	0	0	0	0	5e-06	0	0	0	0	0	3
764	464	0	7.58616713	0	0	0	0	0	5e-06	0	0	0	0	0	3
765	464	0	7.59609667	0	0	0	0	0	5e-06	0	0	0	0	0	3
766	465	0	7.60602621	0	0	0	0	0	5e-06	0	0	0	0	0	3
767	465	0	7.61595575	0	0	0	0	0	5e-06	0	0	0	0	0	3
768	466	0	7.62588529	0	0	0	0	0	5e-06	0	0	0	0	0	3
769	467	0	7.63581482	0	0	0	0	0	5e-06	0	0	0	0	0	3
770	467	0	7.64574436	0	0	0	0	0	5e-06	0	0	0	0	0	3
771	468	0	7.6556739	0	0	0	0	0	5e-06	0	0	0	0	0	3
772	468	0	7.66560344	0	0	0	0	0	5e-06	0	0	0	0	0	3
773	469	0	7.67553298	0	0	0	0	0	5e-06	0	0	0	0	0	3
774	469	0	7.68546252	0	0	0	0	0	5e-06	0	0	0	0	0	3
775	470	0	7.69539205	0	0	0	0	0	5e-06	0	0	0	0	0	3
776	471	0	7.70532159	0	0	0	0	0	5e-06	0	0	0	0	0	3
777	471	0	7.71525113	0	0	0	0	0	5e-06	0	0	0	0	0	3
778	472	0	7.72518067	0	0	0	0	0	5e-06	0	0	0	0	0	3
779	472	0	7.73511021	0	0	0	0	0	5e-06	0	0	0	0	0	3
780	473	0	7.74503974	0	0	0	0	0	5e-06	0	0	0	0	0	3
781	473	0	7.75496928	0	0	0	0	0	5e-06	0	0	0	0	0	3
782	474	0	7.76489882	0	0	0	0	0	5e-06	0	0	0	0	0	3
783	475	0	7.77482836	0	0	0	0	0	5e-06	0	0	0	0	0	3
784	475	0	7.7847579	0	0	0	0	0	5e-06	0	0	0	0	0	3
785	476	0	7.79468744	0	0	0	0	0	5e-06	0	0	0	0	0	3
786	476	0	7.80461697	0	0	0	0	0	5e-06	0	0	0	0	0	3
787	477	0	7.81454651	0	0	0	0	0	5e-06	0	0	0	0	0	3
788	477	0	7.82447605	0	0	0	0	0	5e-06	0	0	0	0	0	3
789	478	0	7.83440559	0	0	0	0	0	5e-06	0	0	0	0	0	3
790	478	0	7.84433513	0	0	0	0	0	5e-06	0	0	0	0	0	3
791	479	0	7.85426466	0	0	0	0	0	5e-06	0	0	0	0	0	3
792	480	0	7.8641942	0	0	0	0	0	5e-06	0	0	0	0	0	3
793	480	0	7.87412374	0	0	0	0	0	5e-06	0	0	0	0	0	3
794	481	0	7.88405328	0	0	0	0	0	5e-06	0	0	0	0	0	3
795	481	0	7.89398282	0	0	0	0	0	5e-06	0	0	0	0	0	3
796	482	0	7.90391235	0	0	0	0	0	5e-06	0	0	0	0	0	3
797	482	0	7.91384189	0	0	0	0	0	5e-06	0	0	0	0	0	3
798	483	0	7.92377143	0	0	0	0	0	5e-06	0	0	0	0	0	3
799	484	0	7.93370097	0	0	0	0	0	5e-06	0	0	0	0	0	3
800	484	0	7.94363051	0	0	0	0	0	5e-06	0	0	0	0	0	3
801	485	0	7.95356005	0	0	0	0	0	5e-06	0	0	0	0	0	3
802	486	0	7.96348958	0	0	0	0	0	5e-06	0	0	0	0	0	3
803	486	0	7.97341912	0	0	0	0	0	5e-06	0	0	0	0	0	3
804	487	0	7.98334866	0	0	0	0	0	5e-06	0	0	0	0	0	3
805	487	0	7.9932782	0	0	0	0	0	5e-06	0	0	0	0	0	3
806	488	0	8.00320774	0	0	0	0	0	5e-06	0	0	0	0	0	3
807	488	0	8.01313727	0	0	0	0	0	5e-06	0	0	0	0	0	3
808	489	0	8.02306681	0	0	0	0	0	5e-06	0	0	0	0	0	3
809	490	0	8.03299635	0	0	0	0	0	5e-06	0	0	0	0	0	3
810	490	0	8.04292589	0	0	0	0	0	5e-06	0	0	0	0	0	3
811	491	0	8.05285543	0	0	0	0	0	5e-06	0	0	0	0	0	3
812	491	0	8.06278496	0	0	0	0	0	5e-06	0	0	0	0	0	3
813	492	0	8.0727145	0	0	0	0	0	5e-06	0	0	0	0	0	3
814	493	0	8.08264404	0	0	0	0	0	5e-06	0	0	0	0	0	3
815	493	0	8.09257358	0	0	0	0	0	5e-06	0	0	0	0	0	3
816	494	0	8.10250312	0	0	0	0	0	5e-06	0	0	0	0	0	3
817	494	0	8.11243266	0	0	0	0	0	5e-06	0	0	0	0	0	3
818	495	0	8.12236219	0	0	0	0	0	5e-06	0	0	0	0	0	3
819	495	0	8.13229173	0	0	0	0	0	5e-06	0	0	0	0	0	3
820	496	0	8.14222127	0	0	0	0	0	5e-06	0	0	0	0	0	3
821	497	0	8.15215081	0	0	0	0	0	5e-06	0	0	0	0	0	3
822	497	0	8.16208035	0	0	0	0	0	5e-06	0	0	0	0	0	3
823	498	0	8.17200988	0	0	0	0	0	5e-06	0	0	0	0	0	3
824	498	0	8.18193942	0	0	0	0	0	5e-06	0	0	0	0	0	3
825	499	0	8.19186896	0	0	0	0	0	5e-06	0	0	0	0	0	3
826	499	0	8.2017985	0	0	0	0	0	5e-06	0	0	0	0	0	3
827	500	0	8.21172804	0	0	0	0	0	5e-06	0	0	0	0	0	3
828	500	0	8.22165757	0	0	0	0	0	5e-06	0	0	0	0	0	3
829	501	0	8.23158711	0	0	0	0	0	5e-06	0	0	0	0	0	3
830	502	0	8.24151665	0	0	0	0	0	5e-06	0	0	0	0	0	3
831	502	0	8.25144619	0	0	0	0	0	5e-06	0	0	0	0	0	3
832	503	0	8.26137573	0	0	0	0	0	5e-06	0	0	0	0	0	3
833	503	0	8.27130527	0	0	0	0	0	5e-06	0	0	0	0	0	3
834	504	0	8.2812348	0	0	0	0	0	5e-06	0	0	0	0	0	3
835	504	0	8.29116434	0	0	0	0	0	5e-06	0	0	0	0	0	3
836	505	0	8.30109388	0	0	0	0	0	5e-06	0	0	0	0	0	3
837	506	0	8.31102342	0	0	0	0	0	5e-06	0	0	0	0	0	3
838	506	0	8.32095296	0	0	0	0	0	5e-06	0	0	0	0	0	3
839	507	0	8.33088249	0	0	0	0	0	5e-06	0	0	0	0	0	3
840	507	0	8.34081203	0	0	0	0	0	5e-06	0	0	0	0	0	3
841	508	0	8.35074157	0	0	0	0	0	5e-06	0	0	0	0	0	3
842	508	0	8.36067111	0	0	0	0	0	5e-06	0	0	0	0	0	3
843	509	0	8.37060065	0	0	0	0	0	5e-06	0	0	0	0	0	3
844	510	0	8.38053019	0	0	0	0	0	5e-06	0	0	0	0	0	3
845	510	0	8.39045972	0	0	0	0	0	5e-06	0	0	0	0	0	3
846	511	0	8.40038926	0	0	0	0	0	5e-06	0	0	0	0	0	3
847	511	0	8.4103188	0	0	0	0	0	5e-06	0	0	0	0	0	3
848	512	0	8.42024834	0	0	0	0	0	5e-06	0	0	0	0	0	3
849	512	0	8.43017788	0	0	0	0	0	5e-06	0	0	0	0	0	3
850	513	0	8.44010741	0	0	0	0	0	5e-06	0	0	0	0	0	3
851	514	0	8.45003695	0	0	0	0	0	5e-06	0	0	0	0	0	3
852	514	0	8.45996649	0	0	0	0	0	5e-06	0	0	0	0	0	3
853	515	0	8.46989603	0	0	0	0	0	5e-06	0	0	0	0	0	3
854	515	0	8.47982557	0	0	0	0	0	5e-06	0	0	0	0	0	3
855	516	0	8.4897551	0	0	0	0	0	5e-06	0	0	0	0	0	3
856	516	0	8.49968464	0	0	0	0	0	5e-06	0	0	0	0	0	3
857	517	0	8.50961418	0	0	0	0	0	5e-06	0	0	0	0	0	3
858	518	0	8.51954372	0	0	0	0	0	5e-06	0	0	0	0	0	3
859	518	0	8.52947326	0	0	0	0	0	5e-06	0	0	0	0	0	3
860	519	0	8.5394028	0	0	0	0	0	5e-06	0	0	0	0	0	3
861	519	0	8.54933233	0	0	0	0	0	5e-06	0	0	0	0	0	3
862	520	0	8.55926187	0	0	0	0	0	5e-06	0	0	0	0	0	3
863	521	0	8.56919141	0	0	0	0	0	5e-06	0	0	0	0	0	3
864	521	0	8.57912095	0	0	0	0	0	5e-06	0	0	0	0	0	3
865	522	0	8.58905049	0	0	0	0	0	5e-06	0	0	0	0	0	3
866	522	0	8.59898002	0	0	0	0	0	5e-06	0	0	0	0	0	3
867	523	0	8.60890956	0	0	0	0	0	5e-06	0	0	0	0	0	3
868	523	0	8.6188391	0	0	0	0	0	5e-06	0	0	0	0	0	3
869	524	0	8.62876864	0	0	0	0	0	5e-06	0	0	0	0	0	3
870	525	0	8.63869818	0	0	0	0	0	5e-06	0	0	0	0	0	3
871	525	0	8.64862771	0	0	0	0	0	5e-06	0	0	0	0	0	3
872	526	0	8.65855725	0	0	0	0	0	5e-06	0	0	0	0	0	3
873	526	0	8.66848679	0	0	0	0	0	5e-06	0	0	0	0	0	3
874	527	0	8.67841633	0	0	0	0	0	5e-06	0	0	0	0	0	3
875	528	0	8.68834587	0	0	0	0	0	5e-06	0	0	0	0	0	3
876	528	0	8.69827541	0	0	0	0	0	5e-06	0	0	0	0	0	3
877	529	0	8.70820494	0	0	0	0	0	5e-06	0	0	0	0	0	3
878	530	0	8.71813448	0	0	0	0	0	5e-06	0	0	0	0	0	3
879	530	0	8.72806402	0	0	0	0	0	5e-06	0	0	0	0	0	3
880	531	0	8.73799356	0	0	0	0	0	5e-06	0	0	0	0	0	3
881	531	0	8.7479231	0	0	0	0	0	5e-06	0	0	0	0	0	3
882	532	0	8.75785263	0	0	0	0	0	5e-06	0	0	0	0	0	3
883	532	0	8.76778217	0	0	0	0	0	5e-06	0	0	0	0	0	3
884	533	0	8.77771171	0	0	0	0	0	5e-06	0	0	0	0	0	3
885	534	0	8.78764125	0	0	0	0	0	5e-06	0	0	0	0	0	3
886	534	0	8.79757079	0	0	0	0	0	5e-06	0	0	0	0	0	3
887	535	0	8.80750032	0	0	0	0	0	5e-06	0	0	0	0	0	3
888	535	0	8.81742986	0	0	0	0	0	5e-06	0	0	0	0	0	3
889	536	0	8.8273594	0	0	0	0	0	5e-06	0	0	0	0	0	3
890	536	0	8.83728894	0	0	0	0	0	5e-06	0	0	0	0	0	3
891	537	0	8.84721848	0	0	0	0	0	5e-06	0	0	0	0	0	3
892	538	0	8.85714802	0	0	0	0	0	5e-06	0	0	0	0	0	3
893	538	0	8.86707755	0	0	0	0	0	5e-06	0	0	0	0	0	3
894	539	0	8.87700709	0	0	0	0	0	5e-06	0	0	0	0	0	3
895	539	0	8.88693663	0	0	0	0	0	5e-06	0	0	0	0	0	3
896	540	0	8.89686617	0	0	0	0	0	5e-06	0	0	0	0	0	3
897	541	0	8.90679571	0	0	0	0	0	5e-06	0	0	0	0	0	3
898	541	0	8.91672524	0	0	0	0	0	5e-06	0	0	0	0	0	3
899	542	0	8.92665478	0	0	0	0	0	5e-06	0	0	0	0	0	3
900	542	0	8.93658432	0	0	0	0	0	5e-06	0	0	0	0	0	3
901	543	0	8.94651386	0	0	0	0	0	5e-06	0	0	0	0	0	3
902	544	0	8.9564434	0	0	0	0	0	5e-06	0	0	0	0	0	3
903	544	0	8.96637293	0	0	0	0	0	5e-06	0	0	0	0	0	3
904	545	0	8.97630247	0	0	0	0	0	5e-06	0	0	0	0	0	3
905	546	0	8.98623201	0	0	0	0	0	5e-06	0	0	0	0	0	3
906	546	0	8.99616155	0	0	0	0	0	5e-06	0	0	0	0	0	3
907	547	0	9.00609109	0	0	0	0	0	5e-06	0	0	0	0	0	3
908	547	0	9.01602063	0	0	0	0	0	5e-06	0	0	0	0	0	3
909	548	0	9.02595016	0	0	0	0	0	5e-06	0	0	0	0	0	3
910	549	0	9.0358797	0	0	0	0	0	5e-06	0	0	0	0	0	3
911	549	0	9.04580924	0	0	0	0	0	5e-06	0	0	0	0	0	3
912	550	0	9.05573878	0	0	0	0	0	5e-06	0	0	0	0	0	3
913	550	0	9.06566832	0	0	0	0	0	5e-06	0	0	0	0	0	3
914	551	0	9.07559785	0	0	0	0	0	5e-06	0	0	0	0	0	3
915	551	0	9.08552739	0	0	0	0	0	5e-06	0	0	0	0	0	3
916	552	0	9.09545693	0	0	0	0	0	5e-06	0	0	0	0	0	3
917	553	0	9.10538647	0	0	0	0	0	5e-06	0	0	0	0	0	3
918	553	0	9.11531601	0	0	0	0	0	5e-06	0	0	0	0	0	3
919	554	0	9.12524555	0	0	0	0	0	5e-06	0	0	0	0	0	3
920	554	0	9.13517508	0	0	0	0	0	5e-06	0	0	0	0	0	3
921	555	0	9.14510462	0	0	0	0	0	5e-06	0	0	0	0	0	3
922	555	0	9.15503416	0	0	0	0	0	5e-06	0	0	0	0	0	3
923	556	0	9.1649637	0	0	0	0	0	5e-06	0	0	0	0	0	3
924	556	0	9.17489324	0	0	0	0	0	5e-06	0	0	0	0	0	3
925	557	0	9.18482277	0	0	0	0	0	5e-06	0	0	0	0	0	3
926	558	0	9.19475231	0	0	0	0	0	5e-06	0	0	0	0	0	3
927	558	0	9.20468185	0	0	0	0	0	5e-06	0	0	0	0	0	3
928	559	0	9.21461139	0	0	0	0	0	5e-06	0	0	0	0	0	3
929	559	0	9.22454093	0	0	0	0	0	5e-06	0	0	0	0	0	3
930	560	0	9.23447046	0	0	0	0	0	5e-06	0	0	0	0	0	3
931	561	0	9.2444	0	0	0	0	0	5e-06	0	0	0	0	0	3
932	562	0	9.25432954	0	0	0	0	0	5e-06	0	0	0	0	0	3
933	562	0	9.26425908	0	0	0	0	0	5e-06	0	0	0	0	0	3
934	563	0	9.27418862	0	0	0	0	0	5e-06	0	0	0	0	0	3
935	563	0	9.28411816	0	0	0	0	0	5e-06	0	0	0	0	0	3
936	564	0	9.29404769	0	0	0	0	0	5e-06	0	0	0	0	0	3
937	564	0	9.30397723	0	0	0	0	0	5e-06	0	0	0	0	0	3
938	565	0	9.31390677	0	0	0	0	0	5e-06	0	0	0	0	0	3
939	565	0	9.32383631	0	0	0	0	0	5e-06	0	0	0	0	0	3
940	566	0	9.33376585	0	0	0	0	0	5e-06	0	0	0	0	0	3
941	567	0	9.34369538	0	0	0	0	0	5e-06	0	0	0	0	0	3
942	567	0	9.35362492	0	0	0	0	0	5e-06	0	0	0	0	0	3
943	568	0	9.36355446	0	0	0	0	0	5e-06	0	0	0	0	0	3
944	568	0	9.373484	0	0	0	0	0	5e-06	0	0	0	0	0	3
945	569	0	9.38341354	0	0	0	0	0	5e-06	0	0	0	0	0	3
946	569	0	9.39334307	0	0	0	0	0	5e-06	0	0	0	0	0	3
947	570	0	9.40327261	0	0	0	0	0	5e-06	0	0	0	0	0	3
948	570	0	9.41320215	0	0	0	0	0	5e-06	0	0	0	0	0	3
949	571	0	9.42313169	0	0	0	0	0	5e-06	0	0	0	0	0	3
950	572	0	9.43306123	0	0	0	0	0	5e-06	0	0	0	0	0	3
951	572	0	9.44299077	0	0	0	0	0	5e-06	0	0	0	0	0	3
952	573	0	9.4529203	0	0	0	0	0	5e-06	0	0	0	0	0	3
953	573	0	9.46284984	0	0	0	0	0	5e-06	0	0	0	0	0	3
954	574	0	9.47277938	0	0	0	0	0	5e-06	0	0	0	0	0	3
955	574	0	9.48270892	0	0	0	0	0	5e-06	0	0	0	0	0	3
956	575	0	9.49263846	0	0	0	0	0	5e-06	0	0	0	0	0	3
957	575	0	9.50256799	0	0	0	0	0	5e-06	0	0	0	0	0	3
958	576	0	9.51249753	0	0	0	0	0	5e-06	0	0	0	0	0	3
959	577	0	9.52242707	0	0	0	0	0	5e-06	0	0	0	0	0	3
960	577	0	9.53235661	0	0	0	0	0	5e-06	0	0	0	0	0	3
961	578	0	9.54228615	0	0	0	0	0	5e-06	0	0	0	0	0	3
962	578	0	9.55221568	0	0	0	0	0	5e-06	0	0	0	0	0	3
963	579	0	9.56214522	0	0	0	0	0	5e-06	0	0	0	0	0	3
964	580	0	9.57207476	0	0	0	0	0	5e-06	0	0	0	0	0	3
965	580	0	9.5820043	0	0	0	0	0	5e-06	0	0	0	0	0	3
966	581	0	9.59193384	0	0	0	0	0	5e-06	0	0	0	0	0	3
967	582	0	9.60186338	0	0	0	0	0	5e-06	0	0	0	0	0	3
968	582	0	9.61179291	0	0	0	0	0	5e-06	0	0	0	0	0	3
969	583	0	9.62172245	0	0	0	0	0	5e-06	0	0	0	0	0	3
970	583	0	9.63165199	0	0	0	0	0	5e-06	0	0	0	0	0	3
971	584	0	9.64158153	0	0	0	0	0	5e-06	0	0	0	0	0	3
972	584	0	9.65151107	0	0	0	0	0	5e-06	0	0	0	0	0	3
973	585	0	9.6614406	0	0	0	0	0	5e-06	0	0	0	0	0	3
974	586	0	9.67137014	0	0	0	0	0	5e-06	0	0	0	0	0	3
975	586	0	9.68129968	0	0	0	0	0	5e-06	0	0	0	0	0	3
976	587	0	9.69122922	0	0	0	0	0	5e-06	0	0	0	0	0	3
977	587	0	9.70115876	0	0	0	0	0	5e-06	0	0	0	0	0	3
978	588	0	9.71108829	0	0	0	0	0	5e-06	0	0	0	0	0	3
979	588	0	9.72101783	0	0	0	0	0	5e-06	0	0	0	0	0	3
980	589	0	9.73094737	0	0	0	0	0	5e-06	0	0	0	0	0	3
981	589	0	9.74087691	0	0	0	0	0	5e-06	0	0	0	0	0	3
982	590	0	9.75080645	0	0	0	0	0	5e-06	0	0	0	0	0	3
983	590	0	9.76073599	0	0	0	0	0	5e-06	0	0	0	0	0	3
984	591	0	9.77066552	0	0	0	0	0	5e-06	0	0	0	0	0	3
985	592	0	9.78059506	0	0	0	0	0	5e-06	0	0	0	0	0	3
986	592	0	9.7905246	0	0	0	0	0	5e-06	0	0	0	0	0	3
987	593	0	9.80045414	0	0	0	0	0	5e-06	0	0	0	0	0	3
988	593	0	9.81038368	0	0	0	0	0	5e-06	0	0	0	0	0	3
989	594	0	9.82031321	0	0	0	0	0	5e-06	0	0	0	0	0	3
990	595	0	9.83024275	0	0	0	0	0	5e-06	0	0	0	0	0	3
991	595	0	9.84017229	0	0	0	0	0	5e-06	0	0	0	0	0	3
992	596	0	9.85010183	0	0	0	0	0	5e-06	0	0	0	0	0	3
993	597	0	9.86003137	0	0	0	0	0	5e-06	0	0	0	0	0	3
994	597	0	9.86996091	0	0	0	0	0	5e-06	0	0	0	0	0	3
995	598	0	9.87989044	0	0	0	0	0	5e-06	0	0	0	0	0	3
996	599	0	9.88981998	0	0	0	0	0	5e-06	0	0	0	0	0	3
997	600	0	9.89974952	0	0	0	0	0	5e-06	0	0	0	0	0	3
998	601	0	9.90967906	0	0	0	0	0	5e-06	0	0	0	0	0	3
999	602	0	9.9196086	0	0	0	0	0	5e-06	0	0	0	0	0	3
1000	603	0	9.92953813	0	0	0	0	0	5e-06	0	0	0	0	0	3
1001	604	0	9.93946767	0	0	0	0	0	5e-06	0	0	0	0	0	3
1002	605	0	9.94939721	0	0	0	0	0	5e-06	0	0	0	0	0	3
1003	605	0	9.95932675	0	0	0	0	0	5e-06	0	0	0	0	0	3
1004	606	0	9.96925629	0	0	0	0	0	5e-06	0	0	0	0	0	3
1005	607	0	9.97918582	0	0	0	0	0	5e-06	0	0	0	0	0	3
1006	607	0	9.98911536	0	0	0	0	0	5e-06	0	0	0	0	0	3
1007	608	0	9.9990449	0	0	0	0	0	5e-06	0	0	0	0	0	3
1008	609	0	10.0089744	0	0	0	0	0	5e-06	0	0	0	0	0	3
