Iteration	CPUTime	PhysTime	Travels	Value	AvValue	MinValue	MaxValue	Delta	Criteria	Progress	dGMaxMin	CriteriaType	CriteriaVarType	CriteriaPercentage
1	18	0	0.00992953813	0	0	0	0	0	0	0	0	0	0	0	3
2	19	0	0.0198590763	0	0	0	0	0	0	0	0	0	0	0	3
3	19	0	0.0297886144	0	0	0	0	0	0	0	0	0	0	0	3
4	20	0	0.0397181525	0	0	0	0	0	0	0	0	0	0	0	3
5	20	0	0.0496476907	0	0	0	0	0	0	0	0	0	0	0	3
6	21	0	0.0595772288	0	0	0	0	0	0	0	0	0	0	0	3
7	21	0	0.0695067669	0	0	0	0	0	0	0	0	0	0	0	3
8	22	0	0.0794363051	0	0	0	0	0	0	0	0	0	0	0	3
9	22	0	0.0893658432	0	0	0	0	0	0	0	0	0	0	0	3
10	23	0	0.0992953813	0	0	0	0	0	0	0	0	0	0	0	3
11	23	0	0.109224919	0	0	0	0	0	0	0	0	0	0	0	3
12	23	0	0.119154458	0	0	0	0	0	0	0	0	0	0	0	3
13	24	0	0.129083996	0	0	0	0	0	0	0	0	0	0	0	3
14	24	0	0.139013534	0	0	0	0	0	0	0	0	0	0	0	3
15	25	0	0.148943072	0	0	0	0	0	0	0	0	0	0	0	3
16	25	0	0.15887261	0	0	0	0	0	0	0	0	0	0	0	3
17	25	0	0.168802148	0	0	0	0	0	0	0	0	0	0	0	3
18	26	0	0.178731686	0	0	0	0	0	0	0	0	0	0	0	3
19	26	0	0.188661225	0	0	0	0	0	0	0	0	0	0	0	3
20	27	0	0.198590763	0	0	0	0	0	0	0	0	0	0	0	3
21	27	0	0.208520301	0	0	0	0	0	0	0	0	0	0	0	3
22	27	0	0.218449839	0	0	0	0	0	0	0	0	0	0	0	3
23	28	0	0.228379377	0	0	0	0	0	0	0	0	0	0	0	3
24	28	0	0.238308915	0	0	0	0	0	0	0	0	0	0	0	3
25	29	0	0.248238453	0	0	0	0	0	0	0	0	0	0	0	3
26	29	0	0.258167991	0	0	0	0	0	0	0	0	0	0	0	3
27	29	0	0.26809753	0	0	0	0	0	0	0	0	0	0	0	3
28	30	0	0.278027068	0	0	0	0	0	0	0	0	0	0	0	3
29	30	0	0.287956606	0	0	0	0	0	0	0	0	0	0	0	3
30	31	0	0.297886144	0	0	0	0	0	0	0	0	0	0	0	3
31	31	0	0.307815682	0	0	0	0	0	0	0	0	0	0	0	3
32	31	0	0.31774522	0	0	0	0	0	0	0	0	0	0	0	3
33	32	0	0.327674758	0	0	0	0	0	0	0	0	0	0	0	3
34	32	0	0.337604297	0	0	0	0	0	0	0	0	0	0	0	3
35	33	0	0.347533835	0	0	0	0	0	0	0	0	0	0	0	3
36	33	0	0.357463373	0	0	0	0	0	0	0	0	0	0	0	3
37	33	0	0.367392911	0	0	0	0	0	0	0	0	0	0	0	3
38	34	0	0.377322449	0	0	0	0	0	0	0	0	0	0	0	3
39	34	0	0.387251987	0	0	0	0	0	0	0	0	0	0	0	3
40	35	0	0.397181525	0	0	0	0	0	0	0	0	0	0	0	3
41	35	0	0.407111063	0	0	0	0	0	0	0	0	0	0	0	3
42	35	0	0.417040602	0	0	0	0	0	0	0	0	0	0	0	3
43	36	0	0.42697014	0	0	0	0	0	0	0	0	0	0	0	3
44	36	0	0.436899678	0	0	0	0	0	0	0	0	0	0	0	3
45	37	0	0.446829216	0	0	0	0	0	0	0	0	0	0	0	3
46	37	0	0.456758754	0	0	0	0	0	0	0	0	0	0	0	3
47	37	0	0.466688292	0	0	0	0	0	0	0	0	0	0	0	3
48	38	0	0.47661783	0	0	0	0	0	0	0	0	0	0	0	3
49	38	0	0.486547369	0	0	0	0	0	0	0	0	0	0	0	3
50	39	0	0.496476907	0	0	0	0	0	0	0	0	0	0	0	3
51	39	0	0.506406445	0	0	0	0	0	0	0	0	0	0	0	3
52	39	0	0.516335983	0	0	0	0	0	0	0	0	0	0	0	3
53	40	0	0.526265521	0	0	0	0	0	0	0	0	0	0	0	3
54	40	0	0.536195059	0	0	0	0	0	0	0	0	0	0	0	3
55	41	0	0.546124597	0	0	0	0	0	0	0	0	0	0	0	3
56	41	0	0.556054135	0	0	0	0	0	0	0	0	0	0	0	3
57	41	0	0.565983674	0	0	0	0	0	0	0	0	0	0	0	3
58	42	0	0.575913212	0	0	0	0	0	0	0	0	0	0	0	3
59	42	0	0.58584275	0	0	0	0	0	0	0	0	0	0	0	3
60	43	0	0.595772288	0	0	0	0	0	0	0	0	0	0	0	3
61	43	0	0.605701826	0	0	0	0	0	0	0	0	0	0	0	3
62	43	0	0.615631364	0	0	0	0	0	0	0	0	0	0	0	3
63	44	0	0.625560902	0	0	0	0	0	0	0	0	0	0	0	3
64	44	0	0.635490441	0	0	0	0	0	0	0	0	0	0	0	3
65	45	0	0.645419979	0	0	0	0	0	0	0	0	0	0	0	3
66	45	0	0.655349517	0	0	0	0	0	0	0	0	0	0	0	3
67	46	0	0.665279055	0	0	0	0	0	0	0	0	0	0	0	3
68	46	0	0.675208593	0	0	0	0	0	0	0	0	0	0	0	3
69	46	0	0.685138131	0	0	0	0	0	0	0	0	0	0	0	3
70	47	0	0.695067669	0	0	0	0	0	0	0	0	0	0	0	3
71	47	0	0.704997208	0	0	0	0	0	0	0	0	0	0	0	3
72	48	0	0.714926746	0	0	0	0	0	0	0	0	0	0	0	3
73	48	0	0.724856284	0	0	0	0	0	0	0	0	0	0	0	3
74	48	0	0.734785822	0	0	0	0	0	0	0	0	0	0	0	3
75	49	0	0.74471536	0	0	0	0	0	0	0	0	0	0	0	3
76	49	0	0.754644898	0	0	0	0	0	0	0	0	0	0	0	3
77	50	0	0.764574436	0	0	0	0	0	0	0	0	0	0	0	3
78	50	0	0.774503974	0	0	0	0	0	0	0	0	0	0	0	3
79	50	0	0.784433513	0	0	0	0	0	0	0	0	0	0	0	3
80	51	0	0.794363051	0	0	0	0	0	0	0	0	0	0	0	3
81	51	0	0.804292589	0	0	0	0	0	0	0	0	0	0	0	3
82	52	0	0.814222127	0	0	0	0	0	0	0	0	0	0	0	3
83	52	0	0.824151665	0	0	0	0	0	0	0	0	0	0	0	3
84	52	0	0.834081203	0	0	0	0	0	0	0	0	0	0	0	3
85	53	0	0.844010741	0	0	0	0	0	0	0	0	0	0	0	3
86	53	0	0.85394028	0	0	0	0	0	0	0	0	0	0	0	3
87	54	0	0.863869818	0	0	0	0	0	0	0	0	0	0	0	3
88	54	0	0.873799356	0	0	0	0	0	0	0	0	0	0	0	3
89	54	0	0.883728894	0	0	0	0	0	0	0	0	0	0	0	3
90	55	0	0.893658432	0	0	0	0	0	0	0	0	0	0	0	3
91	55	0	0.90358797	0	0	0	0	0	0	0	0	0	0	0	3
92	56	0	0.913517508	0	0	0	0	0	0	0	0	0	0	0	3
93	56	0	0.923447046	0	0	0	0	0	0	0	0	0	0	0	3
94	56	0	0.933376585	0	0	0	0	0	0	0	0	0	0	0	3
95	57	0	0.943306123	0	0	0	0	0	0	0	0	0	0	0	3
96	57	0	0.953235661	0	0	0	0	0	0	0	0	0	0	0	3
97	58	0	0.963165199	0	0	0	0	0	0	0	0	0	0	0	3
98	58	0	0.973094737	0	0	0	0	0	0	0	0	0	0	0	3
99	58	0	0.983024275	0	0	0	0	0	0	0	0	0	0	0	3
100	59	0	0.992953813	0	0	0	0	0	0	0	0	0	0	0	3
101	59	0	1.00288335	0	0	0	0	0	5e-06	0	0	0	0	0	3
102	60	0	1.01281289	0	0	0	0	0	5e-06	0	0	0	0	0	3
103	60	0	1.02274243	0	0	0	0	0	5e-06	0	0	0	0	0	3
104	61	0	1.03267197	0	0	0	0	0	5e-06	0	0	0	0	0	3
105	61	0	1.0426015	0	0	0	0	0	5e-06	0	0	0	0	0	3
106	62	0	1.05253104	0	0	0	0	0	5e-06	0	0	0	0	0	3
107	62	0	1.06246058	0	0	0	0	0	5e-06	0	0	0	0	0	3
108	63	0	1.07239012	0	0	0	0	0	5e-06	0	0	0	0	0	3
109	63	0	1.08231966	0	0	0	0	0	5e-06	0	0	0	0	0	3
110	63	0	1.09224919	0	0	0	0	0	5e-06	0	0	0	0	0	3
111	64	0	1.10217873	0	0	0	0	0	5e-06	0	0	0	0	0	3
112	64	0	1.11210827	0	0	0	0	0	5e-06	0	0	0	0	0	3
113	65	0	1.12203781	0	0	0	0	0	5e-06	0	0	0	0	0	3
114	65	0	1.13196735	0	0	0	0	0	5e-06	0	0	0	0	0	3
115	66	0	1.14189689	0	0	0	0	0	5e-06	0	0	0	0	0	3
116	66	0	1.15182642	0	0	0	0	0	5e-06	0	0	0	0	0	3
117	67	0	1.16175596	0	0	0	0	0	5e-06	0	0	0	0	0	3
118	67	0	1.1716855	0	0	0	0	0	5e-06	0	0	0	0	0	3
119	68	0	1.18161504	0	0	0	0	0	5e-06	0	0	0	0	0	3
120	68	0	1.19154458	0	0	0	0	0	5e-06	0	0	0	0	0	3
121	69	0	1.20147411	0	0	0	0	0	5e-06	0	0	0	0	0	3
122	69	0	1.21140365	0	0	0	0	0	5e-06	0	0	0	0	0	3
123	69	0	1.22133319	0	0	0	0	0	5e-06	0	0	0	0	0	3
124	70	0	1.23126273	0	0	0	0	0	5e-06	0	0	0	0	0	3
125	70	0	1.24119227	0	0	0	0	0	5e-06	0	0	0	0	0	3
126	71	0	1.2511218	0	0	0	0	0	5e-06	0	0	0	0	0	3
127	71	0	1.26105134	0	0	0	0	0	5e-06	0	0	0	0	0	3
128	72	0	1.27098088	0	0	0	0	0	5e-06	0	0	0	0	0	3
129	72	0	1.28091042	0	0	0	0	0	5e-06	0	0	0	0	0	3
130	73	0	1.29083996	0	0	0	0	0	5e-06	0	0	0	0	0	3
131	73	0	1.3007695	0	0	0	0	0	5e-06	0	0	0	0	0	3
132	73	0	1.31069903	0	0	0	0	0	5e-06	0	0	0	0	0	3
133	74	0	1.32062857	0	0	0	0	0	5e-06	0	0	0	0	0	3
134	74	0	1.33055811	0	0	0	0	0	5e-06	0	0	0	0	0	3
135	75	0	1.34048765	0	0	0	0	0	5e-06	0	0	0	0	0	3
136	75	0	1.35041719	0	0	0	0	0	5e-06	0	0	0	0	0	3
137	76	0	1.36034672	0	0	0	0	0	5e-06	0	0	0	0	0	3
138	76	0	1.37027626	0	0	0	0	0	5e-06	0	0	0	0	0	3
139	77	0	1.3802058	0	0	0	0	0	5e-06	0	0	0	0	0	3
140	77	0	1.39013534	0	0	0	0	0	5e-06	0	0	0	0	0	3
141	77	0	1.40006488	0	0	0	0	0	5e-06	0	0	0	0	0	3
142	78	0	1.40999442	0	0	0	0	0	5e-06	0	0	0	0	0	3
143	78	0	1.41992395	0	0	0	0	0	5e-06	0	0	0	0	0	3
144	79	0	1.42985349	0	0	0	0	0	5e-06	0	0	0	0	0	3
145	79	0	1.43978303	0	0	0	0	0	5e-06	0	0	0	0	0	3
146	80	0	1.44971257	0	0	0	0	0	5e-06	0	0	0	0	0	3
147	80	0	1.45964211	0	0	0	0	0	5e-06	0	0	0	0	0	3
148	81	0	1.46957164	0	0	0	0	0	5e-06	0	0	0	0	0	3
149	81	0	1.47950118	0	0	0	0	0	5e-06	0	0	0	0	0	3
150	81	0	1.48943072	0	0	0	0	0	5e-06	0	0	0	0	0	3
151	82	0	1.49936026	0	0	0	0	0	5e-06	0	0	0	0	0	3
152	82	0	1.5092898	0	0	0	0	0	5e-06	0	0	0	0	0	3
153	83	0	1.51921933	0	0	0	0	0	5e-06	0	0	0	0	0	3
154	83	0	1.52914887	0	0	0	0	0	5e-06	0	0	0	0	0	3
155	84	0	1.53907841	0	0	0	0	0	5e-06	0	0	0	0	0	3
156	84	0	1.54900795	0	0	0	0	0	5e-06	0	0	0	0	0	3
157	85	0	1.55893749	0	0	0	0	0	5e-06	0	0	0	0	0	3
158	85	0	1.56886703	0	0	0	0	0	5e-06	0	0	0	0	0	3
159	86	0	1.57879656	0	0	0	0	0	5e-06	0	0	0	0	0	3
160	86	0	1.5887261	0	0	0	0	0	5e-06	0	0	0	0	0	3
161	87	0	1.59865564	0	0	0	0	0	5e-06	0	0	0	0	0	3
162	87	0	1.60858518	0	0	0	0	0	5e-06	0	0	0	0	0	3
163	88	0	1.61851472	0	0	0	0	0	5e-06	0	0	0	0	0	3
164	88	0	1.62844425	0	0	0	0	0	5e-06	0	0	0	0	0	3
165	88	0	1.63837379	0	0	0	0	0	5e-06	0	0	0	0	0	3
166	89	0	1.64830333	0	0	0	0	0	5e-06	0	0	0	0	0	3
167	89	0	1.65823287	0	0	0	0	0	5e-06	0	0	0	0	0	3
168	90	0	1.66816241	0	0	0	0	0	5e-06	0	0	0	0	0	3
169	90	0	1.67809194	0	0	0	0	0	5e-06	0	0	0	0	0	3
170	91	0	1.68802148	0	0	0	0	0	5e-06	0	0	0	0	0	3
171	91	0	1.69795102	0	0	0	0	0	5e-06	0	0	0	0	0	3
172	92	0	1.70788056	0	0	0	0	0	5e-06	0	0	0	0	0	3
173	92	0	1.7178101	0	0	0	0	0	5e-06	0	0	0	0	0	3
174	93	0	1.72773964	0	0	0	0	0	5e-06	0	0	0	0	0	3
175	93	0	1.73766917	0	0	0	0	0	5e-06	0	0	0	0	0	3
176	94	0	1.74759871	0	0	0	0	0	5e-06	0	0	0	0	0	3
177	94	0	1.75752825	0	0	0	0	0	5e-06	0	0	0	0	0	3
178	95	0	1.76745779	0	0	0	0	0	5e-06	0	0	0	0	0	3
179	95	0	1.77738733	0	0	0	0	0	5e-06	0	0	0	0	0	3
180	96	0	1.78731686	0	0	0	0	0	5e-06	0	0	0	0	0	3
181	96	0	1.7972464	0	0	0	0	0	5e-06	0	0	0	0	0	3
182	97	0	1.80717594	0	0	0	0	0	5e-06	0	0	0	0	0	3
183	97	0	1.81710548	0	0	0	0	0	5e-06	0	0	0	0	0	3
184	98	0	1.82703502	0	0	0	0	0	5e-06	0	0	0	0	0	3
185	98	0	1.83696455	0	0	0	0	0	5e-06	0	0	0	0	0	3
186	99	0	1.84689409	0	0	0	0	0	5e-06	0	0	0	0	0	3
187	99	0	1.85682363	0	0	0	0	0	5e-06	0	0	0	0	0	3
188	100	0	1.86675317	0	0	0	0	0	5e-06	0	0	0	0	0	3
189	100	0	1.87668271	0	0	0	0	0	5e-06	0	0	0	0	0	3
190	101	0	1.88661225	0	0	0	0	0	5e-06	0	0	0	0	0	3
191	101	0	1.89654178	0	0	0	0	0	5e-06	0	0	0	0	0	3
192	102	0	1.90647132	0	0	0	0	0	5e-06	0	0	0	0	0	3
193	102	0	1.91640086	0	0	0	0	0	5e-06	0	0	0	0	0	3
194	103	0	1.9263304	0	0	0	0	0	5e-06	0	0	0	0	0	3
195	103	0	1.93625994	0	0	0	0	0	5e-06	0	0	0	0	0	3
196	104	0	1.94618947	0	0	0	0	0	5e-06	0	0	0	0	0	3
197	104	0	1.95611901	0	0	0	0	0	5e-06	0	0	0	0	0	3
198	105	0	1.96604855	0	0	0	0	0	5e-06	0	0	0	0	0	3
199	105	0	1.97597809	0	0	0	0	0	5e-06	0	0	0	0	0	3
200	106	0	1.98590763	0	0	0	0	0	5e-06	0	0	0	0	0	3
201	106	0	1.99583716	0	0	0	0	0	5e-06	0	0	0	0	0	3
202	107	0	2.0057667	0	0	0	0	0	5e-06	0	0	0	0	0	3
203	107	0	2.01569624	0	0	0	0	0	5e-06	0	0	0	0	0	3
204	108	0	2.02562578	0	0	0	0	0	5e-06	0	0	0	0	0	3
205	108	0	2.03555532	0	0	0	0	0	5e-06	0	0	0	0	0	3
206	108	0	2.04548486	0	0	0	0	0	5e-06	0	0	0	0	0	3
207	109	0	2.05541439	0	0	0	0	0	5e-06	0	0	0	0	0	3
208	109	0	2.06534393	0	0	0	0	0	5e-06	0	0	0	0	0	3
209	110	0	2.07527347	0	0	0	0	0	5e-06	0	0	0	0	0	3
210	110	0	2.08520301	0	0	0	0	0	5e-06	0	0	0	0	0	3
211	111	0	2.09513255	0	0	0	0	0	5e-06	0	0	0	0	0	3
212	111	0	2.10506208	0	0	0	0	0	5e-06	0	0	0	0	0	3
213	112	0	2.11499162	0	0	0	0	0	5e-06	0	0	0	0	0	3
214	112	0	2.12492116	0	0	0	0	0	5e-06	0	0	0	0	0	3
215	113	0	2.1348507	0	0	0	0	0	5e-06	0	0	0	0	0	3
216	113	0	2.14478024	0	0	0	0	0	5e-06	0	0	0	0	0	3
217	114	0	2.15470978	0	0	0	0	0	5e-06	0	0	0	0	0	3
218	114	0	2.16463931	0	0	0	0	0	5e-06	0	0	0	0	0	3
219	115	0	2.17456885	0	0	0	0	0	5e-06	0	0	0	0	0	3
220	115	0	2.18449839	0	0	0	0	0	5e-06	0	0	0	0	0	3
221	115	0	2.19442793	0	0	0	0	0	5e-06	0	0	0	0	0	3
222	116	0	2.20435747	0	0	0	0	0	5e-06	0	0	0	0	0	3
223	116	0	2.214287	0	0	0	0	0	5e-06	0	0	0	0	0	3
224	117	0	2.22421654	0	0	0	0	0	5e-06	0	0	0	0	0	3
225	117	0	2.23414608	0	0	0	0	0	5e-06	0	0	0	0	0	3
226	118	0	2.24407562	0	0	0	0	0	5e-06	0	0	0	0	0	3
227	118	0	2.25400516	0	0	0	0	0	5e-06	0	0	0	0	0	3
228	119	0	2.26393469	0	0	0	0	0	5e-06	0	0	0	0	0	3
229	119	0	2.27386423	0	0	0	0	0	5e-06	0	0	0	0	0	3
230	120	0	2.28379377	0	0	0	0	0	5e-06	0	0	0	0	0	3
231	120	0	2.29372331	0	0	0	0	0	5e-06	0	0	0	0	0	3
232	121	0	2.30365285	0	0	0	0	0	5e-06	0	0	0	0	0	3
233	121	0	2.31358239	0	0	0	0	0	5e-06	0	0	0	0	0	3
234	122	0	2.32351192	0	0	0	0	0	5e-06	0	0	0	0	0	3
235	122	0	2.33344146	0	0	0	0	0	5e-06	0	0	0	0	0	3
236	123	0	2.343371	0	0	0	0	0	5e-06	0	0	0	0	0	3
237	123	0	2.35330054	0	0	0	0	0	5e-06	0	0	0	0	0	3
238	124	0	2.36323008	0	0	0	0	0	5e-06	0	0	0	0	0	3
239	124	0	2.37315961	0	0	0	0	0	5e-06	0	0	0	0	0	3
240	125	0	2.38308915	0	0	0	0	0	5e-06	0	0	0	0	0	3
241	125	0	2.39301869	0	0	0	0	0	5e-06	0	0	0	0	0	3
242	126	0	2.40294823	0	0	0	0	0	5e-06	0	0	0	0	0	3
243	126	0	2.41287777	0	0	0	0	0	5e-06	0	0	0	0	0	3
244	127	0	2.4228073	0	0	0	0	0	5e-06	0	0	0	0	0	3
245	127	0	2.43273684	0	0	0	0	0	5e-06	0	0	0	0	0	3
246	127	0	2.44266638	0	0	0	0	0	5e-06	0	0	0	0	0	3
247	128	0	2.45259592	0	0	0	0	0	5e-06	0	0	0	0	0	3
248	128	0	2.46252546	0	0	0	0	0	5e-06	0	0	0	0	0	3
249	129	0	2.472455	0	0	0	0	0	5e-06	0	0	0	0	0	3
250	129	0	2.48238453	0	0	0	0	0	5e-06	0	0	0	0	0	3
251	130	0	2.49231407	0	0	0	0	0	5e-06	0	0	0	0	0	3
252	130	0	2.50224361	0	0	0	0	0	5e-06	0	0	0	0	0	3
253	131	0	2.51217315	0	0	0	0	0	5e-06	0	0	0	0	0	3
254	131	0	2.52210269	0	0	0	0	0	5e-06	0	0	0	0	0	3
255	132	0	2.53203222	0	0	0	0	0	5e-06	0	0	0	0	0	3
256	132	0	2.54196176	0	0	0	0	0	5e-06	0	0	0	0	0	3
257	133	0	2.5518913	0	0	0	0	0	5e-06	0	0	0	0	0	3
258	133	0	2.56182084	0	0	0	0	0	5e-06	0	0	0	0	0	3
259	133	0	2.57175038	0	0	0	0	0	5e-06	0	0	0	0	0	3
260	134	0	2.58167991	0	0	0	0	0	5e-06	0	0	0	0	0	3
261	134	0	2.59160945	0	0	0	0	0	5e-06	0	0	0	0	0	3
262	135	0	2.60153899	0	0	0	0	0	5e-06	0	0	0	0	0	3
263	135	0	2.61146853	0	0	0	0	0	5e-06	0	0	0	0	0	3
264	136	0	2.62139807	0	0	0	0	0	5e-06	0	0	0	0	0	3
265	136	0	2.63132761	0	0	0	0	0	5e-06	0	0	0	0	0	3
266	137	0	2.64125714	0	0	0	0	0	5e-06	0	0	0	0	0	3
267	137	0	2.65118668	0	0	0	0	0	5e-06	0	0	0	0	0	3
268	138	0	2.66111622	0	0	0	0	0	5e-06	0	0	0	0	0	3
269	138	0	2.67104576	0	0	0	0	0	5e-06	0	0	0	0	0	3
270	139	0	2.6809753	0	0	0	0	0	5e-06	0	0	0	0	0	3
271	139	0	2.69090483	0	0	0	0	0	5e-06	0	0	0	0	0	3
272	139	0	2.70083437	0	0	0	0	0	5e-06	0	0	0	0	0	3
273	140	0	2.71076391	0	0	0	0	0	5e-06	0	0	0	0	0	3
274	140	0	2.72069345	0	0	0	0	0	5e-06	0	0	0	0	0	3
275	141	0	2.73062299	0	0	0	0	0	5e-06	0	0	0	0	0	3
276	141	0	2.74055252	0	0	0	0	0	5e-06	0	0	0	0	0	3
277	142	0	2.75048206	0	0	0	0	0	5e-06	0	0	0	0	0	3
278	142	0	2.7604116	0	0	0	0	0	5e-06	0	0	0	0	0	3
279	143	0	2.77034114	0	0	0	0	0	5e-06	0	0	0	0	0	3
280	143	0	2.78027068	0	0	0	0	0	5e-06	0	0	0	0	0	3
281	144	0	2.79020022	0	0	0	0	0	5e-06	0	0	0	0	0	3
282	144	0	2.80012975	0	0	0	0	0	5e-06	0	0	0	0	0	3
283	144	0	2.81005929	0	0	0	0	0	5e-06	0	0	0	0	0	3
284	145	0	2.81998883	0	0	0	0	0	5e-06	0	0	0	0	0	3
285	145	0	2.82991837	0	0	0	0	0	5e-06	0	0	0	0	0	3
286	146	0	2.83984791	0	0	0	0	0	5e-06	0	0	0	0	0	3
287	146	0	2.84977744	0	0	0	0	0	5e-06	0	0	0	0	0	3
288	147	0	2.85970698	0	0	0	0	0	5e-06	0	0	0	0	0	3
289	147	0	2.86963652	0	0	0	0	0	5e-06	0	0	0	0	0	3
290	148	0	2.87956606	0	0	0	0	0	5e-06	0	0	0	0	0	3
291	148	0	2.8894956	0	0	0	0	0	5e-06	0	0	0	0	0	3
292	148	0	2.89942514	0	0	0	0	0	5e-06	0	0	0	0	0	3
293	149	0	2.90935467	0	0	0	0	0	5e-06	0	0	0	0	0	3
294	149	0	2.91928421	0	0	0	0	0	5e-06	0	0	0	0	0	3
295	150	0	2.92921375	0	0	0	0	0	5e-06	0	0	0	0	0	3
296	150	0	2.93914329	0	0	0	0	0	5e-06	0	0	0	0	0	3
297	151	0	2.94907283	0	0	0	0	0	5e-06	0	0	0	0	0	3
298	151	0	2.95900236	0	0	0	0	0	5e-06	0	0	0	0	0	3
299	152	0	2.9689319	0	0	0	0	0	5e-06	0	0	0	0	0	3
300	152	0	2.97886144	0	0	0	0	0	5e-06	0	0	0	0	0	3
301	153	0	2.98879098	0	0	0	0	0	5e-06	0	0	0	0	0	3
302	154	0	2.99872052	0	0	0	0	0	5e-06	0	0	0	0	0	3
303	154	0	3.00865005	0	0	0	0	0	5e-06	0	0	0	0	0	3
304	155	0	3.01857959	0	0	0	0	0	5e-06	0	0	0	0	0	3
305	155	0	3.02850913	0	0	0	0	0	5e-06	0	0	0	0	0	3
306	155	0	3.03843867	0	0	0	0	0	5e-06	0	0	0	0	0	3
307	156	0	3.04836821	0	0	0	0	0	5e-06	0	0	0	0	0	3
308	156	0	3.05829775	0	0	0	0	0	5e-06	0	0	0	0	0	3
309	157	0	3.06822728	0	0	0	0	0	5e-06	0	0	0	0	0	3
310	157	0	3.07815682	0	0	0	0	0	5e-06	0	0	0	0	0	3
311	158	0	3.08808636	0	0	0	0	0	5e-06	0	0	0	0	0	3
312	159	0	3.0980159	0	0	0	0	0	5e-06	0	0	0	0	0	3
313	159	0	3.10794544	0	0	0	0	0	5e-06	0	0	0	0	0	3
314	160	0	3.11787497	0	0	0	0	0	5e-06	0	0	0	0	0	3
315	160	0	3.12780451	0	0	0	0	0	5e-06	0	0	0	0	0	3
316	161	0	3.13773405	0	0	0	0	0	5e-06	0	0	0	0	0	3
317	161	0	3.14766359	0	0	0	0	0	5e-06	0	0	0	0	0	3
318	161	0	3.15759313	0	0	0	0	0	5e-06	0	0	0	0	0	3
319	162	0	3.16752266	0	0	0	0	0	5e-06	0	0	0	0	0	3
320	162	0	3.1774522	0	0	0	0	0	5e-06	0	0	0	0	0	3
321	163	0	3.18738174	0	0	0	0	0	5e-06	0	0	0	0	0	3
322	163	0	3.19731128	0	0	0	0	0	5e-06	0	0	0	0	0	3
323	164	0	3.20724082	0	0	0	0	0	5e-06	0	0	0	0	0	3
324	164	0	3.21717036	0	0	0	0	0	5e-06	0	0	0	0	0	3
325	165	0	3.22709989	0	0	0	0	0	5e-06	0	0	0	0	0	3
326	165	0	3.23702943	0	0	0	0	0	5e-06	0	0	0	0	0	3
327	165	0	3.24695897	0	0	0	0	0	5e-06	0	0	0	0	0	3
328	166	0	3.25688851	0	0	0	0	0	5e-06	0	0	0	0	0	3
329	166	0	3.26681805	0	0	0	0	0	5e-06	0	0	0	0	0	3
330	167	0	3.27674758	0	0	0	0	0	5e-06	0	0	0	0	0	3
331	167	0	3.28667712	0	0	0	0	0	5e-06	0	0	0	0	0	3
332	168	0	3.29660666	0	0	0	0	0	5e-06	0	0	0	0	0	3
333	168	0	3.3065362	0	0	0	0	0	5e-06	0	0	0	0	0	3
334	169	0	3.31646574	0	0	0	0	0	5e-06	0	0	0	0	0	3
335	169	0	3.32639527	0	0	0	0	0	5e-06	0	0	0	0	0	3
336	170	0	3.33632481	0	0	0	0	0	5e-06	0	0	0	0	0	3
337	170	0	3.34625435	0	0	0	0	0	5e-06	0	0	0	0	0	3
338	170	0	3.35618389	0	0	0	0	0	5e-06	0	0	0	0	0	3
339	171	0	3.36611343	0	0	0	0	0	5e-06	0	0	0	0	0	3
340	171	0	3.37604297	0	0	0	0	0	5e-06	0	0	0	0	0	3
341	172	0	3.3859725	0	0	0	0	0	5e-06	0	0	0	0	0	3
342	172	0	3.39590204	0	0	0	0	0	5e-06	0	0	0	0	0	3
343	173	0	3.40583158	0	0	0	0	0	5e-06	0	0	0	0	0	3
344	173	0	3.41576112	0	0	0	0	0	5e-06	0	0	0	0	0	3
345	174	0	3.42569066	0	0	0	0	0	5e-06	0	0	0	0	0	3
346	174	0	3.43562019	0	0	0	0	0	5e-06	0	0	0	0	0	3
347	175	0	3.44554973	0	0	0	0	0	5e-06	0	0	0	0	0	3
348	176	0	3.45547927	0	0	0	0	0	5e-06	0	0	0	0	0	3
349	176	0	3.46540881	0	0	0	0	0	5e-06	0	0	0	0	0	3
350	177	0	3.47533835	0	0	0	0	0	5e-06	0	0	0	0	0	3
351	177	0	3.48526788	0	0	0	0	0	5e-06	0	0	0	0	0	3
352	178	0	3.49519742	0	0	0	0	0	5e-06	0	0	0	0	0	3
353	178	0	3.50512696	0	0	0	0	0	5e-06	0	0	0	0	0	3
354	179	0	3.5150565	0	0	0	0	0	5e-06	0	0	0	0	0	3
355	179	0	3.52498604	0	0	0	0	0	5e-06	0	0	0	0	0	3
356	180	0	3.53491558	0	0	0	0	0	5e-06	0	0	0	0	0	3
357	180	0	3.54484511	0	0	0	0	0	5e-06	0	0	0	0	0	3
358	181	0	3.55477465	0	0	0	0	0	5e-06	0	0	0	0	0	3
359	181	0	3.56470419	0	0	0	0	0	5e-06	0	0	0	0	0	3
360	181	0	3.57463373	0	0	0	0	0	5e-06	0	0	0	0	0	3
361	182	0	3.58456327	0	0	0	0	0	5e-06	0	0	0	0	0	3
362	182	0	3.5944928	0	0	0	0	0	5e-06	0	0	0	0	0	3
363	183	0	3.60442234	0	0	0	0	0	5e-06	0	0	0	0	0	3
364	183	0	3.61435188	0	0	0	0	0	5e-06	0	0	0	0	0	3
365	184	0	3.62428142	0	0	0	0	0	5e-06	0	0	0	0	0	3
366	184	0	3.63421096	0	0	0	0	0	5e-06	0	0	0	0	0	3
367	185	0	3.6441405	0	0	0	0	0	5e-06	0	0	0	0	0	3
368	185	0	3.65407003	0	0	0	0	0	5e-06	0	0	0	0	0	3
369	186	0	3.66399957	0	0	0	0	0	5e-06	0	0	0	0	0	3
370	186	0	3.67392911	0	0	0	0	0	5e-06	0	0	0	0	0	3
371	186	0	3.68385865	0	0	0	0	0	5e-06	0	0	0	0	0	3
372	187	0	3.69378819	0	0	0	0	0	5e-06	0	0	0	0	0	3
373	187	0	3.70371772	0	0	0	0	0	5e-06	0	0	0	0	0	3
374	188	0	3.71364726	0	0	0	0	0	5e-06	0	0	0	0	0	3
375	188	0	3.7235768	0	0	0	0	0	5e-06	0	0	0	0	0	3
376	189	0	3.73350634	0	0	0	0	0	5e-06	0	0	0	0	0	3
377	189	0	3.74343588	0	0	0	0	0	5e-06	0	0	0	0	0	3
378	190	0	3.75336541	0	0	0	0	0	5e-06	0	0	0	0	0	3
379	190	0	3.76329495	0	0	0	0	0	5e-06	0	0	0	0	0	3
380	190	0	3.77322449	0	0	0	0	0	5e-06	0	0	0	0	0	3
381	191	0	3.78315403	0	0	0	0	0	5e-06	0	0	0	0	0	3
382	191	0	3.79308357	0	0	0	0	0	5e-06	0	0	0	0	0	3
383	192	0	3.80301311	0	0	0	0	0	5e-06	0	0	0	0	0	3
384	192	0	3.81294264	0	0	0	0	0	5e-06	0	0	0	0	0	3
385	193	0	3.82287218	0	0	0	0	0	5e-06	0	0	0	0	0	3
386	193	0	3.83280172	0	0	0	0	0	5e-06	0	0	0	0	0	3
387	194	0	3.84273126	0	0	0	0	0	5e-06	0	0	0	0	0	3
388	194	0	3.8526608	0	0	0	0	0	5e-06	0	0	0	0	0	3
389	195	0	3.86259033	0	0	0	0	0	5e-06	0	0	0	0	0	3
390	195	0	3.87251987	0	0	0	0	0	5e-06	0	0	0	0	0	3
391	196	0	3.88244941	0	0	0	0	0	5e-06	0	0	0	0	0	3
392	196	0	3.89237895	0	0	0	0	0	5e-06	0	0	0	0	0	3
393	197	0	3.90230849	0	0	0	0	0	5e-06	0	0	0	0	0	3
394	197	0	3.91223802	0	0	0	0	0	5e-06	0	0	0	0	0	3
395	197	0	3.92216756	0	0	0	0	0	5e-06	0	0	0	0	0	3
396	198	0	3.9320971	0	0	0	0	0	5e-06	0	0	0	0	0	3
397	198	0	3.94202664	0	0	0	0	0	5e-06	0	0	0	0	0	3
398	199	0	3.95195618	0	0	0	0	0	5e-06	0	0	0	0	0	3
399	199	0	3.96188572	0	0	0	0	0	5e-06	0	0	0	0	0	3
400	200	0	3.97181525	0	0	0	0	0	5e-06	0	0	0	0	0	3
401	200	0	3.98174479	0	0	0	0	0	5e-06	0	0	0	0	0	3
402	201	0	3.99167433	0	0	0	0	0	5e-06	0	0	0	0	0	3
403	201	0	4.00160387	0	0	0	0	0	5e-06	0	0	0	0	0	3
404	202	0	4.01153341	0	0	0	0	0	5e-06	0	0	0	0	0	3
405	202	0	4.02146294	0	0	0	0	0	5e-06	0	0	0	0	0	3
406	203	0	4.03139248	0	0	0	0	0	5e-06	0	0	0	0	0	3
407	203	0	4.04132202	0	0	0	0	0	5e-06	0	0	0	0	0	3
408	204	0	4.05125156	0	0	0	0	0	5e-06	0	0	0	0	0	3
409	204	0	4.0611811	0	0	0	0	0	5e-06	0	0	0	0	0	3
410	204	0	4.07111063	0	0	0	0	0	5e-06	0	0	0	0	0	3
411	205	0	4.08104017	0	0	0	0	0	5e-06	0	0	0	0	0	3
412	205	0	4.09096971	0	0	0	0	0	5e-06	0	0	0	0	0	3
413	206	0	4.10089925	0	0	0	0	0	5e-06	0	0	0	0	0	3
414	206	0	4.11082879	0	0	0	0	0	5e-06	0	0	0	0	0	3
415	207	0	4.12075833	0	0	0	0	0	5e-06	0	0	0	0	0	3
416	207	0	4.13068786	0	0	0	0	0	5e-06	0	0	0	0	0	3
417	208	0	4.1406174	0	0	0	0	0	5e-06	0	0	0	0	0	3
418	208	0	4.15054694	0	0	0	0	0	5e-06	0	0	0	0	0	3
419	208	0	4.16047648	0	0	0	0	0	5e-06	0	0	0	0	0	3
420	209	0	4.17040602	0	0	0	0	0	5e-06	0	0	0	0	0	3
421	209	0	4.18033555	0	0	0	0	0	5e-06	0	0	0	0	0	3
422	210	0	4.19026509	0	0	0	0	0	5e-06	0	0	0	0	0	3
423	210	0	4.20019463	0	0	0	0	0	5e-06	0	0	0	0	0	3
424	211	0	4.21012417	0	0	0	0	0	5e-06	0	0	0	0	0	3
425	211	0	4.22005371	0	0	0	0	0	5e-06	0	0	0	0	0	3
426	212	0	4.22998325	0	0	0	0	0	5e-06	0	0	0	0	0	3
427	212	0	4.23991278	0	0	0	0	0	5e-06	0	0	0	0	0	3
428	212	0	4.24984232	0	0	0	0	0	5e-06	0	0	0	0	0	3
429	213	0	4.25977186	0	0	0	0	0	5e-06	0	0	0	0	0	3
430	213	0	4.2697014	0	0	0	0	0	5e-06	0	0	0	0	0	3
431	214	0	4.27963094	0	0	0	0	0	5e-06	0	0	0	0	0	3
432	214	0	4.28956047	0	0	0	0	0	5e-06	0	0	0	0	0	3
433	215	0	4.29949001	0	0	0	0	0	5e-06	0	0	0	0	0	3
434	215	0	4.30941955	0	0	0	0	0	5e-06	0	0	0	0	0	3
435	215	0	4.31934909	0	0	0	0	0	5e-06	0	0	0	0	0	3
436	216	0	4.32927863	0	0	0	0	0	5e-06	0	0	0	0	0	3
437	216	0	4.33920816	0	0	0	0	0	5e-06	0	0	0	0	0	3
438	217	0	4.3491377	0	0	0	0	0	5e-06	0	0	0	0	0	3
439	217	0	4.35906724	0	0	0	0	0	5e-06	0	0	0	0	0	3
440	218	0	4.36899678	0	0	0	0	0	5e-06	0	0	0	0	0	3
441	218	0	4.37892632	0	0	0	0	0	5e-06	0	0	0	0	0	3
442	219	0	4.38885586	0	0	0	0	0	5e-06	0	0	0	0	0	3
443	219	0	4.39878539	0	0	0	0	0	5e-06	0	0	0	0	0	3
444	219	0	4.40871493	0	0	0	0	0	5e-06	0	0	0	0	0	3
445	220	0	4.41864447	0	0	0	0	0	5e-06	0	0	0	0	0	3
446	220	0	4.42857401	0	0	0	0	0	5e-06	0	0	0	0	0	3
447	221	0	4.43850355	0	0	0	0	0	5e-06	0	0	0	0	0	3
448	221	0	4.44843308	0	0	0	0	0	5e-06	0	0	0	0	0	3
449	222	0	4.45836262	0	0	0	0	0	5e-06	0	0	0	0	0	3
450	222	0	4.46829216	0	0	0	0	0	5e-06	0	0	0	0	0	3
451	223	0	4.4782217	0	0	0	0	0	5e-06	0	0	0	0	0	3
452	223	0	4.48815124	0	0	0	0	0	5e-06	0	0	0	0	0	3
453	224	0	4.49808077	0	0	0	0	0	5e-06	0	0	0	0	0	3
454	225	0	4.50801031	0	0	0	0	0	5e-06	0	0	0	0	0	3
455	225	0	4.51793985	0	0	0	0	0	5e-06	0	0	0	0	0	3
456	226	0	4.52786939	0	0	0	0	0	5e-06	0	0	0	0	0	3
457	226	0	4.53779893	0	0	0	0	0	5e-06	0	0	0	0	0	3
458	227	0	4.54772847	0	0	0	0	0	5e-06	0	0	0	0	0	3
459	228	0	4.557658	0	0	0	0	0	5e-06	0	0	0	0	0	3
460	228	0	4.56758754	0	0	0	0	0	5e-06	0	0	0	0	0	3
461	229	0	4.57751708	0	0	0	0	0	5e-06	0	0	0	0	0	3
462	229	0	4.58744662	0	0	0	0	0	5e-06	0	0	0	0	0	3
463	230	0	4.59737616	0	0	0	0	0	5e-06	0	0	0	0	0	3
464	231	0	4.60730569	0	0	0	0	0	5e-06	0	0	0	0	0	3
465	231	0	4.61723523	0	0	0	0	0	5e-06	0	0	0	0	0	3
466	232	0	4.62716477	0	0	0	0	0	5e-06	0	0	0	0	0	3
467	232	0	4.63709431	0	0	0	0	0	5e-06	0	0	0	0	0	3
468	233	0	4.64702385	0	0	0	0	0	5e-06	0	0	0	0	0	3
469	234	0	4.65695338	0	0	0	0	0	5e-06	0	0	0	0	0	3
470	234	0	4.66688292	0	0	0	0	0	5e-06	0	0	0	0	0	3
471	235	0	4.67681246	0	0	0	0	0	5e-06	0	0	0	0	0	3
472	236	0	4.686742	0	0	0	0	0	5e-06	0	0	0	0	0	3
473	236	0	4.69667154	0	0	0	0	0	5e-06	0	0	0	0	0	3
474	237	0	4.70660108	0	0	0	0	0	5e-06	0	0	0	0	0	3
475	237	0	4.71653061	0	0	0	0	0	5e-06	0	0	0	0	0	3
476	237	0	4.72646015	0	0	0	0	0	5e-06	0	0	0	0	0	3
477	238	0	4.73638969	0	0	0	0	0	5e-06	0	0	0	0	0	3
478	238	0	4.74631923	0	0	0	0	0	5e-06	0	0	0	0	0	3
479	239	0	4.75624877	0	0	0	0	0	5e-06	0	0	0	0	0	3
480	240	0	4.7661783	0	0	0	0	0	5e-06	0	0	0	0	0	3
481	240	0	4.77610784	0	0	0	0	0	5e-06	0	0	0	0	0	3
482	241	0	4.78603738	0	0	0	0	0	5e-06	0	0	0	0	0	3
483	242	0	4.79596692	0	0	0	0	0	5e-06	0	0	0	0	0	3
484	242	0	4.80589646	0	0	0	0	0	5e-06	0	0	0	0	0	3
485	243	0	4.81582599	0	0	0	0	0	5e-06	0	0	0	0	0	3
486	244	0	4.82575553	0	0	0	0	0	5e-06	0	0	0	0	0	3
487	244	0	4.83568507	0	0	0	0	0	5e-06	0	0	0	0	0	3
488	245	0	4.84561461	0	0	0	0	0	5e-06	0	0	0	0	0	3
489	245	0	4.85554415	0	0	0	0	0	5e-06	0	0	0	0	0	3
490	246	0	4.86547369	0	0	0	0	0	5e-06	0	0	0	0	0	3
491	246	0	4.87540322	0	0	0	0	0	5e-06	0	0	0	0	0	3
492	247	0	4.88533276	0	0	0	0	0	5e-06	0	0	0	0	0	3
493	247	0	4.8952623	0	0	0	0	0	5e-06	0	0	0	0	0	3
494	248	0	4.90519184	0	0	0	0	0	5e-06	0	0	0	0	0	3
495	248	0	4.91512138	0	0	0	0	0	5e-06	0	0	0	0	0	3
496	249	0	4.92505091	0	0	0	0	0	5e-06	0	0	0	0	0	3
497	250	0	4.93498045	0	0	0	0	0	5e-06	0	0	0	0	0	3
498	250	0	4.94490999	0	0	0	0	0	5e-06	0	0	0	0	0	3
499	251	0	4.95483953	0	0	0	0	0	5e-06	0	0	0	0	0	3
500	251	0	4.96476907	0	0	0	0	0	5e-06	0	0	0	0	0	3
501	252	0	4.97469861	0	0	0	0	0	5e-06	0	0	0	0	0	3
502	252	0	4.98462814	0	0	0	0	0	5e-06	0	0	0	0	0	3
503	253	0	4.99455768	0	0	0	0	0	5e-06	0	0	0	0	0	3
504	253	0	5.00448722	0	0	0	0	0	5e-06	0	0	0	0	0	3
505	254	0	5.01441676	0	0	0	0	0	5e-06	0	0	0	0	0	3
506	255	0	5.0243463	0	0	0	0	0	5e-06	0	0	0	0	0	3
507	255	0	5.03427583	0	0	0	0	0	5e-06	0	0	0	0	0	3
508	256	0	5.04420537	0	0	0	0	0	5e-06	0	0	0	0	0	3
509	256	0	5.05413491	0	0	0	0	0	5e-06	0	0	0	0	0	3
510	257	0	5.06406445	0	0	0	0	0	5e-06	0	0	0	0	0	3
511	258	0	5.07399399	0	0	0	0	0	5e-06	0	0	0	0	0	3
512	259	0	5.08392352	0	0	0	0	0	5e-06	0	0	0	0	0	3
513	259	0	5.09385306	0	0	0	0	0	5e-06	0	0	0	0	0	3
514	260	0	5.1037826	0	0	0	0	0	5e-06	0	0	0	0	0	3
515	260	0	5.11371214	0	0	0	0	0	5e-06	0	0	0	0	0	3
516	261	0	5.12364168	0	0	0	0	0	5e-06	0	0	0	0	0	3
517	261	0	5.13357122	0	0	0	0	0	5e-06	0	0	0	0	0	3
518	261	0	5.14350075	0	0	0	0	0	5e-06	0	0	0	0	0	3
519	262	0	5.15343029	0	0	0	0	0	5e-06	0	0	0	0	0	3
520	262	0	5.16335983	0	0	0	0	0	5e-06	0	0	0	0	0	3
521	263	0	5.17328937	0	0	0	0	0	5e-06	0	0	0	0	0	3
522	263	0	5.18321891	0	0	0	0	0	5e-06	0	0	0	0	0	3
523	264	0	5.19314844	0	0	0	0	0	5e-06	0	0	0	0	0	3
524	264	0	5.20307798	0	0	0	0	0	5e-06	0	0	0	0	0	3
525	265	0	5.21300752	0	0	0	0	0	5e-06	0	0	0	0	0	3
526	265	0	5.22293706	0	0	0	0	0	5e-06	0	0	0	0	0	3
527	266	0	5.2328666	0	0	0	0	0	5e-06	0	0	0	0	0	3
528	266	0	5.24279613	0	0	0	0	0	5e-06	0	0	0	0	0	3
529	267	0	5.25272567	0	0	0	0	0	5e-06	0	0	0	0	0	3
530	267	0	5.26265521	0	0	0	0	0	5e-06	0	0	0	0	0	3
531	268	0	5.27258475	0	0	0	0	0	5e-06	0	0	0	0	0	3
532	268	0	5.28251429	0	0	0	0	0	5e-06	0	0	0	0	0	3
533	269	0	5.29244383	0	0	0	0	0	5e-06	0	0	0	0	0	3
534	269	0	5.30237336	0	0	0	0	0	5e-06	0	0	0	0	0	3
535	270	0	5.3123029	0	0	0	0	0	5e-06	0	0	0	0	0	3
536	270	0	5.32223244	0	0	0	0	0	5e-06	0	0	0	0	0	3
537	271	0	5.33216198	0	0	0	0	0	5e-06	0	0	0	0	0	3
538	271	0	5.34209152	0	0	0	0	0	5e-06	0	0	0	0	0	3
539	272	0	5.35202105	0	0	0	0	0	5e-06	0	0	0	0	0	3
540	272	0	5.36195059	0	0	0	0	0	5e-06	0	0	0	0	0	3
541	272	0	5.37188013	0	0	0	0	0	5e-06	0	0	0	0	0	3
542	273	0	5.38180967	0	0	0	0	0	5e-06	0	0	0	0	0	3
543	273	0	5.39173921	0	0	0	0	0	5e-06	0	0	0	0	0	3
544	274	0	5.40166874	0	0	0	0	0	5e-06	0	0	0	0	0	3
545	274	0	5.41159828	0	0	0	0	0	5e-06	0	0	0	0	0	3
546	275	0	5.42152782	0	0	0	0	0	5e-06	0	0	0	0	0	3
547	275	0	5.43145736	0	0	0	0	0	5e-06	0	0	0	0	0	3
548	276	0	5.4413869	0	0	0	0	0	5e-06	0	0	0	0	0	3
549	276	0	5.45131644	0	0	0	0	0	5e-06	0	0	0	0	0	3
550	277	0	5.46124597	0	0	0	0	0	5e-06	0	0	0	0	0	3
551	277	0	5.47117551	0	0	0	0	0	5e-06	0	0	0	0	0	3
552	278	0	5.48110505	0	0	0	0	0	5e-06	0	0	0	0	0	3
553	278	0	5.49103459	0	0	0	0	0	5e-06	0	0	0	0	0	3
554	279	0	5.50096413	0	0	0	0	0	5e-06	0	0	0	0	0	3
555	279	0	5.51089366	0	0	0	0	0	5e-06	0	0	0	0	0	3
556	280	0	5.5208232	0	0	0	0	0	5e-06	0	0	0	0	0	3
557	280	0	5.53075274	0	0	0	0	0	5e-06	0	0	0	0	0	3
558	281	0	5.54068228	0	0	0	0	0	5e-06	0	0	0	0	0	3
559	281	0	5.55061182	0	0	0	0	0	5e-06	0	0	0	0	0	3
560	282	0	5.56054135	0	0	0	0	0	5e-06	0	0	0	0	0	3
561	282	0	5.57047089	0	0	0	0	0	5e-06	0	0	0	0	0	3
562	283	0	5.58040043	0	0	0	0	0	5e-06	0	0	0	0	0	3
563	283	0	5.59032997	0	0	0	0	0	5e-06	0	0	0	0	0	3
564	284	0	5.60025951	0	0	0	0	0	5e-06	0	0	0	0	0	3
565	284	0	5.61018905	0	0	0	0	0	5e-06	0	0	0	0	0	3
566	285	0	5.62011858	0	0	0	0	0	5e-06	0	0	0	0	0	3
567	285	0	5.63004812	0	0	0	0	0	5e-06	0	0	0	0	0	3
568	286	0	5.63997766	0	0	0	0	0	5e-06	0	0	0	0	0	3
569	286	0	5.6499072	0	0	0	0	0	5e-06	0	0	0	0	0	3
570	286	0	5.65983674	0	0	0	0	0	5e-06	0	0	0	0	0	3
571	287	0	5.66976627	0	0	0	0	0	5e-06	0	0	0	0	0	3
572	287	0	5.67969581	0	0	0	0	0	5e-06	0	0	0	0	0	3
573	288	0	5.68962535	0	0	0	0	0	5e-06	0	0	0	0	0	3
574	288	0	5.69955489	0	0	0	0	0	5e-06	0	0	0	0	0	3
575	289	0	5.70948443	0	0	0	0	0	5e-06	0	0	0	0	0	3
576	289	0	5.71941397	0	0	0	0	0	5e-06	0	0	0	0	0	3
577	290	0	5.7293435	0	0	0	0	0	5e-06	0	0	0	0	0	3
578	290	0	5.73927304	0	0	0	0	0	5e-06	0	0	0	0	0	3
579	291	0	5.74920258	0	0	0	0	0	5e-06	0	0	0	0	0	3
580	291	0	5.75913212	0	0	0	0	0	5e-06	0	0	0	0	0	3
581	292	0	5.76906166	0	0	0	0	0	5e-06	0	0	0	0	0	3
582	292	0	5.77899119	0	0	0	0	0	5e-06	0	0	0	0	0	3
583	293	0	5.78892073	0	0	0	0	0	5e-06	0	0	0	0	0	3
584	293	0	5.79885027	0	0	0	0	0	5e-06	0	0	0	0	0	3
585	294	0	5.80877981	0	0	0	0	0	5e-06	0	0	0	0	0	3
586	294	0	5.81870935	0	0	0	0	0	5e-06	0	0	0	0	0	3
587	295	0	5.82863888	0	0	0	0	0	5e-06	0	0	0	0	0	3
588	295	0	5.83856842	0	0	0	0	0	5e-06	0	0	0	0	0	3
589	296	0	5.84849796	0	0	0	0	0	5e-06	0	0	0	0	0	3
590	296	0	5.8584275	0	0	0	0	0	5e-06	0	0	0	0	0	3
591	296	0	5.86835704	0	0	0	0	0	5e-06	0	0	0	0	0	3
592	297	0	5.87828658	0	0	0	0	0	5e-06	0	0	0	0	0	3
593	297	0	5.88821611	0	0	0	0	0	5e-06	0	0	0	0	0	3
594	298	0	5.89814565	0	0	0	0	0	5e-06	0	0	0	0	0	3
595	298	0	5.90807519	0	0	0	0	0	5e-06	0	0	0	0	0	3
596	299	0	5.91800473	0	0	0	0	0	5e-06	0	0	0	0	0	3
597	299	0	5.92793427	0	0	0	0	0	5e-06	0	0	0	0	0	3
598	300	0	5.9378638	0	0	0	0	0	5e-06	0	0	0	0	0	3
599	300	0	5.94779334	0	0	0	0	0	5e-06	0	0	0	0	0	3
600	301	0	5.95772288	0	0	0	0	0	5e-06	0	0	0	0	0	3
601	302	0	5.96765242	0	0	0	0	0	5e-06	0	0	0	0	0	3
602	302	0	5.97758196	0	0	0	0	0	5e-06	0	0	0	0	0	3
603	303	0	5.98751149	0	0	0	0	0	5e-06	0	0	0	0	0	3
604	303	0	5.99744103	0	0	0	0	0	5e-06	0	0	0	0	0	3
605	303	0	6.00737057	0	0	0	0	0	5e-06	0	0	0	0	0	3
606	304	0	6.01730011	0	0	0	0	0	5e-06	0	0	0	0	0	3
607	304	0	6.02722965	0	0	0	0	0	5e-06	0	0	0	0	0	3
608	305	0	6.03715919	0	0	0	0	0	5e-06	0	0	0	0	0	3
609	305	0	6.04708872	0	0	0	0	0	5e-06	0	0	0	0	0	3
610	306	0	6.05701826	0	0	0	0	0	5e-06	0	0	0	0	0	3
611	306	0	6.0669478	0	0	0	0	0	5e-06	0	0	0	0	0	3
612	307	0	6.07687734	0	0	0	0	0	5e-06	0	0	0	0	0	3
613	307	0	6.08680688	0	0	0	0	0	5e-06	0	0	0	0	0	3
614	308	0	6.09673641	0	0	0	0	0	5e-06	0	0	0	0	0	3
615	309	0	6.10666595	0	0	0	0	0	5e-06	0	0	0	0	0	3
616	309	0	6.11659549	0	0	0	0	0	5e-06	0	0	0	0	0	3
617	310	0	6.12652503	0	0	0	0	0	5e-06	0	0	0	0	0	3
618	310	0	6.13645457	0	0	0	0	0	5e-06	0	0	0	0	0	3
619	311	0	6.1463841	0	0	0	0	0	5e-06	0	0	0	0	0	3
620	311	0	6.15631364	0	0	0	0	0	5e-06	0	0	0	0	0	3
621	312	0	6.16624318	0	0	0	0	0	5e-06	0	0	0	0	0	3
622	312	0	6.17617272	0	0	0	0	0	5e-06	0	0	0	0	0	3
623	313	0	6.18610226	0	0	0	0	0	5e-06	0	0	0	0	0	3
624	313	0	6.1960318	0	0	0	0	0	5e-06	0	0	0	0	0	3
625	314	0	6.20596133	0	0	0	0	0	5e-06	0	0	0	0	0	3
626	314	0	6.21589087	0	0	0	0	0	5e-06	0	0	0	0	0	3
627	315	0	6.22582041	0	0	0	0	0	5e-06	0	0	0	0	0	3
628	315	0	6.23574995	0	0	0	0	0	5e-06	0	0	0	0	0	3
629	315	0	6.24567949	0	0	0	0	0	5e-06	0	0	0	0	0	3
630	316	0	6.25560902	0	0	0	0	0	5e-06	0	0	0	0	0	3
631	316	0	6.26553856	0	0	0	0	0	5e-06	0	0	0	0	0	3
632	317	0	6.2754681	0	0	0	0	0	5e-06	0	0	0	0	0	3
633	317	0	6.28539764	0	0	0	0	0	5e-06	0	0	0	0	0	3
634	318	0	6.29532718	0	0	0	0	0	5e-06	0	0	0	0	0	3
635	318	0	6.30525672	0	0	0	0	0	5e-06	0	0	0	0	0	3
636	319	0	6.31518625	0	0	0	0	0	5e-06	0	0	0	0	0	3
637	319	0	6.32511579	0	0	0	0	0	5e-06	0	0	0	0	0	3
638	320	0	6.33504533	0	0	0	0	0	5e-06	0	0	0	0	0	3
639	320	0	6.34497487	0	0	0	0	0	5e-06	0	0	0	0	0	3
640	321	0	6.35490441	0	0	0	0	0	5e-06	0	0	0	0	0	3
641	321	0	6.36483394	0	0	0	0	0	5e-06	0	0	0	0	0	3
642	322	0	6.37476348	0	0	0	0	0	5e-06	0	0	0	0	0	3
643	322	0	6.38469302	0	0	0	0	0	5e-06	0	0	0	0	0	3
644	323	0	6.39462256	0	0	0	0	0	5e-06	0	0	0	0	0	3
645	323	0	6.4045521	0	0	0	0	0	5e-06	0	0	0	0	0	3
646	324	0	6.41448163	0	0	0	0	0	5e-06	0	0	0	0	0	3
647	324	0	6.42441117	0	0	0	0	0	5e-06	0	0	0	0	0	3
648	325	0	6.43434071	0	0	0	0	0	5e-06	0	0	0	0	0	3
649	325	0	6.44427025	0	0	0	0	0	5e-06	0	0	0	0	0	3
650	326	0	6.45419979	0	0	0	0	0	5e-06	0	0	0	0	0	3
651	326	0	6.46412933	0	0	0	0	0	5e-06	0	0	0	0	0	3
652	327	0	6.47405886	0	0	0	0	0	5e-06	0	0	0	0	0	3
653	327	0	6.4839884	0	0	0	0	0	5e-06	0	0	0	0	0	3
654	328	0	6.49391794	0	0	0	0	0	5e-06	0	0	0	0	0	3
655	328	0	6.50384748	0	0	0	0	0	5e-06	0	0	0	0	0	3
656	328	0	6.51377702	0	0	0	0	0	5e-06	0	0	0	0	0	3
657	329	0	6.52370655	0	0	0	0	0	5e-06	0	0	0	0	0	3
658	330	0	6.53363609	0	0	0	0	0	5e-06	0	0	0	0	0	3
659	330	0	6.54356563	0	0	0	0	0	5e-06	0	0	0	0	0	3
660	331	0	6.55349517	0	0	0	0	0	5e-06	0	0	0	0	0	3
661	331	0	6.56342471	0	0	0	0	0	5e-06	0	0	0	0	0	3
662	332	0	6.57335424	0	0	0	0	0	5e-06	0	0	0	0	0	3
663	332	0	6.58328378	0	0	0	0	0	5e-06	0	0	0	0	0	3
664	332	0	6.59321332	0	0	0	0	0	5e-06	0	0	0	0	0	3
665	333	0	6.60314286	0	0	0	0	0	5e-06	0	0	0	0	0	3
666	334	0	6.6130724	0	0	0	0	0	5e-06	0	0	0	0	0	3
667	334	0	6.62300194	0	0	0	0	0	5e-06	0	0	0	0	0	3
668	335	0	6.63293147	0	0	0	0	0	5e-06	0	0	0	0	0	3
669	336	0	6.64286101	0	0	0	0	0	5e-06	0	0	0	0	0	3
670	337	0	6.65279055	0	0	0	0	0	5e-06	0	0	0	0	0	3
671	337	0	6.66272009	0	0	0	0	0	5e-06	0	0	0	0	0	3
672	338	0	6.67264963	0	0	0	0	0	5e-06	0	0	0	0	0	3
673	338	0	6.68257916	0	0	0	0	0	5e-06	0	0	0	0	0	3
674	339	0	6.6925087	0	0	0	0	0	5e-06	0	0	0	0	0	3
675	340	0	6.70243824	0	0	0	0	0	5e-06	0	0	0	0	0	3
676	340	0	6.71236778	0	0	0	0	0	5e-06	0	0	0	0	0	3
677	341	0	6.72229732	0	0	0	0	0	5e-06	0	0	0	0	0	3
678	341	0	6.73222685	0	0	0	0	0	5e-06	0	0	0	0	0	3
679	342	0	6.74215639	0	0	0	0	0	5e-06	0	0	0	0	0	3
680	342	0	6.75208593	0	0	0	0	0	5e-06	0	0	0	0	0	3
681	342	0	6.76201547	0	0	0	0	0	5e-06	0	0	0	0	0	3
682	343	0	6.77194501	0	0	0	0	0	5e-06	0	0	0	0	0	3
683	343	0	6.78187455	0	0	0	0	0	5e-06	0	0	0	0	0	3
684	344	0	6.79180408	0	0	0	0	0	5e-06	0	0	0	0	0	3
685	345	0	6.80173362	0	0	0	0	0	5e-06	0	0	0	0	0	3
686	345	0	6.81166316	0	0	0	0	0	5e-06	0	0	0	0	0	3
687	345	0	6.8215927	0	0	0	0	0	5e-06	0	0	0	0	0	3
688	346	0	6.83152224	0	0	0	0	0	5e-06	0	0	0	0	0	3
689	346	0	6.84145177	0	0	0	0	0	5e-06	0	0	0	0	0	3
690	347	0	6.85138131	0	0	0	0	0	5e-06	0	0	0	0	0	3
691	347	0	6.86131085	0	0	0	0	0	5e-06	0	0	0	0	0	3
692	348	0	6.87124039	0	0	0	0	0	5e-06	0	0	0	0	0	3
693	348	0	6.88116993	0	0	0	0	0	5e-06	0	0	0	0	0	3
694	349	0	6.89109946	0	0	0	0	0	5e-06	0	0	0	0	0	3
695	350	0	6.901029	0	0	0	0	0	5e-06	0	0	0	0	0	3
696	350	0	6.91095854	0	0	0	0	0	5e-06	0	0	0	0	0	3
697	351	0	6.92088808	0	0	0	0	0	5e-06	0	0	0	0	0	3
698	351	0	6.93081762	0	0	0	0	0	5e-06	0	0	0	0	0	3
699	352	0	6.94074716	0	0	0	0	0	5e-06	0	0	0	0	0	3
700	352	0	6.95067669	0	0	0	0	0	5e-06	0	0	0	0	0	3
701	353	0	6.96060623	0	0	0	0	0	5e-06	0	0	0	0	0	3
702	354	0	6.97053577	0	0	0	0	0	5e-06	0	0	0	0	0	3
703	354	0	6.98046531	0	0	0	0	0	5e-06	0	0	0	0	0	3
704	355	0	6.99039485	0	0	0	0	0	5e-06	0	0	0	0	0	3
705	355	0	7.00032438	0	0	0	0	0	5e-06	0	0	0	0	0	3
706	356	0	7.01025392	0	0	0	0	0	5e-06	0	0	0	0	0	3
707	357	0	7.02018346	0	0	0	0	0	5e-06	0	0	0	0	0	3
708	357	0	7.030113	0	0	0	0	0	5e-06	0	0	0	0	0	3
709	357	0	7.04004254	0	0	0	0	0	5e-06	0	0	0	0	0	3
710	358	0	7.04997208	0	0	0	0	0	5e-06	0	0	0	0	0	3
711	358	0	7.05990161	0	0	0	0	0	5e-06	0	0	0	0	0	3
712	359	0	7.06983115	0	0	0	0	0	5e-06	0	0	0	0	0	3
713	359	0	7.07976069	0	0	0	0	0	5e-06	0	0	0	0	0	3
714	360	0	7.08969023	0	0	0	0	0	5e-06	0	0	0	0	0	3
715	360	0	7.09961977	0	0	0	0	0	5e-06	0	0	0	0	0	3
716	361	0	7.1095493	0	0	0	0	0	5e-06	0	0	0	0	0	3
717	361	0	7.11947884	0	0	0	0	0	5e-06	0	0	0	0	0	3
718	362	0	7.12940838	0	0	0	0	0	5e-06	0	0	0	0	0	3
719	363	0	7.13933792	0	0	0	0	0	5e-06	0	0	0	0	0	3
720	363	0	7.14926746	0	0	0	0	0	5e-06	0	0	0	0	0	3
721	364	0	7.15919699	0	0	0	0	0	5e-06	0	0	0	0	0	3
722	364	0	7.16912653	0	0	0	0	0	5e-06	0	0	0	0	0	3
723	365	0	7.17905607	0	0	0	0	0	5e-06	0	0	0	0	0	3
724	365	0	7.18898561	0	0	0	0	0	5e-06	0	0	0	0	0	3
725	366	0	7.19891515	0	0	0	0	0	5e-06	0	0	0	0	0	3
726	366	0	7.20884469	0	0	0	0	0	5e-06	0	0	0	0	0	3
727	367	0	7.21877422	0	0	0	0	0	5e-06	0	0	0	0	0	3
728	367	0	7.22870376	0	0	0	0	0	5e-06	0	0	0	0	0	3
729	367	0	7.2386333	0	0	0	0	0	5e-06	0	0	0	0	0	3
730	368	0	7.24856284	0	0	0	0	0	5e-06	0	0	0	0	0	3
731	368	0	7.25849238	0	0	0	0	0	5e-06	0	0	0	0	0	3
732	369	0	7.26842191	0	0	0	0	0	5e-06	0	0	0	0	0	3
733	369	0	7.27835145	0	0	0	0	0	5e-06	0	0	0	0	0	3
734	370	0	7.28828099	0	0	0	0	0	5e-06	0	0	0	0	0	3
735	370	0	7.29821053	0	0	0	0	0	5e-06	0	0	0	0	0	3
736	371	0	7.30814007	0	0	0	0	0	5e-06	0	0	0	0	0	3
737	371	0	7.3180696	0	0	0	0	0	5e-06	0	0	0	0	0	3
738	372	0	7.32799914	0	0	0	0	0	5e-06	0	0	0	0	0	3
739	372	0	7.33792868	0	0	0	0	0	5e-06	0	0	0	0	0	3
740	373	0	7.34785822	0	0	0	0	0	5e-06	0	0	0	0	0	3
741	373	0	7.35778776	0	0	0	0	0	5e-06	0	0	0	0	0	3
742	374	0	7.3677173	0	0	0	0	0	5e-06	0	0	0	0	0	3
743	374	0	7.37764683	0	0	0	0	0	5e-06	0	0	0	0	0	3
744	375	0	7.38757637	0	0	0	0	0	5e-06	0	0	0	0	0	3
745	375	0	7.39750591	0	0	0	0	0	5e-06	0	0	0	0	0	3
746	376	0	7.40743545	0	0	0	0	0	5e-06	0	0	0	0	0	3
747	376	0	7.41736499	0	0	0	0	0	5e-06	0	0	0	0	0	3
748	377	0	7.42729452	0	0	0	0	0	5e-06	0	0	0	0	0	3
749	377	0	7.43722406	0	0	0	0	0	5e-06	0	0	0	0	0	3
750	378	0	7.4471536	0	0	0	0	0	5e-06	0	0	0	0	0	3
751	379	0	7.45708314	0	0	0	0	0	5e-06	0	0	0	0	0	3
752	379	0	7.46701268	0	0	0	0	0	5e-06	0	0	0	0	0	3
753	380	0	7.47694221	0	0	0	0	0	5e-06	0	0	0	0	0	3
754	380	0	7.48687175	0	0	0	0	0	5e-06	0	0	0	0	0	3
755	381	0	7.49680129	0	0	0	0	0	5e-06	0	0	0	0	0	3
756	382	0	7.50673083	0	0	0	0	0	5e-06	0	0	0	0	0	3
757	382	0	7.51666037	0	0	0	0	0	5e-06	0	0	0	0	0	3
758	383	0	7.52658991	0	0	0	0	0	5e-06	0	0	0	0	0	3
759	383	0	7.53651944	0	0	0	0	0	5e-06	0	0	0	0	0	3
760	384	0	7.54644898	0	0	0	0	0	5e-06	0	0	0	0	0	3
761	385	0	7.55637852	0	0	0	0	0	5e-06	0	0	0	0	0	3
762	385	0	7.56630806	0	0	0	0	0	5e-06	0	0	0	0	0	3
763	386	0	7.5762376	0	0	0	0	0	5e-06	0	0	0	0	0	3
764	387	0	7.58616713	0	0	0	0	0	5e-06	0	0	0	0	0	3
765	387	0	7.59609667	0	0	0	0	0	5e-06	0	0	0	0	0	3
766	388	0	7.60602621	0	0	0	0	0	5e-06	0	0	0	0	0	3
767	388	0	7.61595575	0	0	0	0	0	5e-06	0	0	0	0	0	3
768	389	0	7.62588529	0	0	0	0	0	5e-06	0	0	0	0	0	3
769	390	0	7.63581482	0	0	0	0	0	5e-06	0	0	0	0	0	3
770	391	0	7.64574436	0	0	0	0	0	5e-06	0	0	0	0	0	3
771	391	0	7.6556739	0	0	0	0	0	5e-06	0	0	0	0	0	3
772	392	0	7.66560344	0	0	0	0	0	5e-06	0	0	0	0	0	3
773	392	0	7.67553298	0	0	0	0	0	5e-06	0	0	0	0	0	3
774	393	0	7.68546252	0	0	0	0	0	5e-06	0	0	0	0	0	3
775	393	0	7.69539205	0	0	0	0	0	5e-06	0	0	0	0	0	3
776	394	0	7.70532159	0	0	0	0	0	5e-06	0	0	0	0	0	3
777	394	0	7.71525113	0	0	0	0	0	5e-06	0	0	0	0	0	3
778	395	0	7.72518067	0	0	0	0	0	5e-06	0	0	0	0	0	3
779	395	0	7.73511021	0	0	0	0	0	5e-06	0	0	0	0	0	3
780	396	0	7.74503974	0	0	0	0	0	5e-06	0	0	0	0	0	3
781	396	0	7.75496928	0	0	0	0	0	5e-06	0	0	0	0	0	3
782	397	0	7.76489882	0	0	0	0	0	5e-06	0	0	0	0	0	3
783	397	0	7.77482836	0	0	0	0	0	5e-06	0	0	0	0	0	3
784	397	0	7.7847579	0	0	0	0	0	5e-06	0	0	0	0	0	3
785	398	0	7.79468744	0	0	0	0	0	5e-06	0	0	0	0	0	3
786	398	0	7.80461697	0	0	0	0	0	5e-06	0	0	0	0	0	3
787	399	0	7.81454651	0	0	0	0	0	5e-06	0	0	0	0	0	3
788	399	0	7.82447605	0	0	0	0	0	5e-06	0	0	0	0	0	3
789	400	0	7.83440559	0	0	0	0	0	5e-06	0	0	0	0	0	3
790	400	0	7.84433513	0	0	0	0	0	5e-06	0	0	0	0	0	3
791	401	0	7.85426466	0	0	0	0	0	5e-06	0	0	0	0	0	3
792	401	0	7.8641942	0	0	0	0	0	5e-06	0	0	0	0	0	3
793	402	0	7.87412374	0	0	0	0	0	5e-06	0	0	0	0	0	3
794	402	0	7.88405328	0	0	0	0	0	5e-06	0	0	0	0	0	3
795	403	0	7.89398282	0	0	0	0	0	5e-06	0	0	0	0	0	3
796	403	0	7.90391235	0	0	0	0	0	5e-06	0	0	0	0	0	3
797	404	0	7.91384189	0	0	0	0	0	5e-06	0	0	0	0	0	3
798	404	0	7.92377143	0	0	0	0	0	5e-06	0	0	0	0	0	3
799	405	0	7.93370097	0	0	0	0	0	5e-06	0	0	0	0	0	3
800	405	0	7.94363051	0	0	0	0	0	5e-06	0	0	0	0	0	3
801	406	0	7.95356005	0	0	0	0	0	5e-06	0	0	0	0	0	3
802	406	0	7.96348958	0	0	0	0	0	5e-06	0	0	0	0	0	3
803	407	0	7.97341912	0	0	0	0	0	5e-06	0	0	0	0	0	3
804	407	0	7.98334866	0	0	0	0	0	5e-06	0	0	0	0	0	3
805	408	0	7.9932782	0	0	0	0	0	5e-06	0	0	0	0	0	3
806	408	0	8.00320774	0	0	0	0	0	5e-06	0	0	0	0	0	3
807	408	0	8.01313727	0	0	0	0	0	5e-06	0	0	0	0	0	3
808	409	0	8.02306681	0	0	0	0	0	5e-06	0	0	0	0	0	3
809	410	0	8.03299635	0	0	0	0	0	5e-06	0	0	0	0	0	3
810	410	0	8.04292589	0	0	0	0	0	5e-06	0	0	0	0	0	3
811	411	0	8.05285543	0	0	0	0	0	5e-06	0	0	0	0	0	3
812	411	0	8.06278496	0	0	0	0	0	5e-06	0	0	0	0	0	3
813	412	0	8.0727145	0	0	0	0	0	5e-06	0	0	0	0	0	3
814	412	0	8.08264404	0	0	0	0	0	5e-06	0	0	0	0	0	3
815	413	0	8.09257358	0	0	0	0	0	5e-06	0	0	0	0	0	3
816	413	0	8.10250312	0	0	0	0	0	5e-06	0	0	0	0	0	3
817	414	0	8.11243266	0	0	0	0	0	5e-06	0	0	0	0	0	3
818	414	0	8.12236219	0	0	0	0	0	5e-06	0	0	0	0	0	3
819	415	0	8.13229173	0	0	0	0	0	5e-06	0	0	0	0	0	3
820	415	0	8.14222127	0	0	0	0	0	5e-06	0	0	0	0	0	3
821	416	0	8.15215081	0	0	0	0	0	5e-06	0	0	0	0	0	3
822	417	0	8.16208035	0	0	0	0	0	5e-06	0	0	0	0	0	3
823	417	0	8.17200988	0	0	0	0	0	5e-06	0	0	0	0	0	3
824	417	0	8.18193942	0	0	0	0	0	5e-06	0	0	0	0	0	3
825	418	0	8.19186896	0	0	0	0	0	5e-06	0	0	0	0	0	3
826	418	0	8.2017985	0	0	0	0	0	5e-06	0	0	0	0	0	3
827	419	0	8.21172804	0	0	0	0	0	5e-06	0	0	0	0	0	3
828	419	0	8.22165757	0	0	0	0	0	5e-06	0	0	0	0	0	3
829	420	0	8.23158711	0	0	0	0	0	5e-06	0	0	0	0	0	3
830	420	0	8.24151665	0	0	0	0	0	5e-06	0	0	0	0	0	3
831	421	0	8.25144619	0	0	0	0	0	5e-06	0	0	0	0	0	3
832	421	0	8.26137573	0	0	0	0	0	5e-06	0	0	0	0	0	3
833	422	0	8.27130527	0	0	0	0	0	5e-06	0	0	0	0	0	3
834	422	0	8.2812348	0	0	0	0	0	5e-06	0	0	0	0	0	3
835	423	0	8.29116434	0	0	0	0	0	5e-06	0	0	0	0	0	3
836	423	0	8.30109388	0	0	0	0	0	5e-06	0	0	0	0	0	3
837	424	0	8.31102342	0	0	0	0	0	5e-06	0	0	0	0	0	3
838	424	0	8.32095296	0	0	0	0	0	5e-06	0	0	0	0	0	3
839	425	0	8.33088249	0	0	0	0	0	5e-06	0	0	0	0	0	3
840	425	0	8.34081203	0	0	0	0	0	5e-06	0	0	0	0	0	3
841	426	0	8.35074157	0	0	0	0	0	5e-06	0	0	0	0	0	3
842	426	0	8.36067111	0	0	0	0	0	5e-06	0	0	0	0	0	3
843	427	0	8.37060065	0	0	0	0	0	5e-06	0	0	0	0	0	3
844	427	0	8.38053019	0	0	0	0	0	5e-06	0	0	0	0	0	3
845	428	0	8.39045972	0	0	0	0	0	5e-06	0	0	0	0	0	3
846	428	0	8.40038926	0	0	0	0	0	5e-06	0	0	0	0	0	3
847	429	0	8.4103188	0	0	0	0	0	5e-06	0	0	0	0	0	3
848	429	0	8.42024834	0	0	0	0	0	5e-06	0	0	0	0	0	3
849	430	0	8.43017788	0	0	0	0	0	5e-06	0	0	0	0	0	3
850	430	0	8.44010741	0	0	0	0	0	5e-06	0	0	0	0	0	3
851	431	0	8.45003695	0	0	0	0	0	5e-06	0	0	0	0	0	3
852	431	0	8.45996649	0	0	0	0	0	5e-06	0	0	0	0	0	3
853	432	0	8.46989603	0	0	0	0	0	5e-06	0	0	0	0	0	3
854	432	0	8.47982557	0	0	0	0	0	5e-06	0	0	0	0	0	3
855	433	0	8.4897551	0	0	0	0	0	5e-06	0	0	0	0	0	3
856	433	0	8.49968464	0	0	0	0	0	5e-06	0	0	0	0	0	3
857	434	0	8.50961418	0	0	0	0	0	5e-06	0	0	0	0	0	3
858	434	0	8.51954372	0	0	0	0	0	5e-06	0	0	0	0	0	3
859	435	0	8.52947326	0	0	0	0	0	5e-06	0	0	0	0	0	3
860	435	0	8.5394028	0	0	0	0	0	5e-06	0	0	0	0	0	3
861	436	0	8.54933233	0	0	0	0	0	5e-06	0	0	0	0	0	3
862	436	0	8.55926187	0	0	0	0	0	5e-06	0	0	0	0	0	3
863	437	0	8.56919141	0	0	0	0	0	5e-06	0	0	0	0	0	3
864	438	0	8.57912095	0	0	0	0	0	5e-06	0	0	0	0	0	3
865	438	0	8.58905049	0	0	0	0	0	5e-06	0	0	0	0	0	3
866	439	0	8.59898002	0	0	0	0	0	5e-06	0	0	0	0	0	3
867	439	0	8.60890956	0	0	0	0	0	5e-06	0	0	0	0	0	3
868	440	0	8.6188391	0	0	0	0	0	5e-06	0	0	0	0	0	3
869	441	0	8.62876864	0	0	0	0	0	5e-06	0	0	0	0	0	3
870	442	0	8.63869818	0	0	0	0	0	5e-06	0	0	0	0	0	3
871	442	0	8.64862771	0	0	0	0	0	5e-06	0	0	0	0	0	3
872	443	0	8.65855725	0	0	0	0	0	5e-06	0	0	0	0	0	3
873	443	0	8.66848679	0	0	0	0	0	5e-06	0	0	0	0	0	3
874	444	0	8.67841633	0	0	0	0	0	5e-06	0	0	0	0	0	3
875	444	0	8.68834587	0	0	0	0	0	5e-06	0	0	0	0	0	3
876	445	0	8.69827541	0	0	0	0	0	5e-06	0	0	0	0	0	3
877	445	0	8.70820494	0	0	0	0	0	5e-06	0	0	0	0	0	3
878	446	0	8.71813448	0	0	0	0	0	5e-06	0	0	0	0	0	3
879	446	0	8.72806402	0	0	0	0	0	5e-06	0	0	0	0	0	3
880	447	0	8.73799356	0	0	0	0	0	5e-06	0	0	0	0	0	3
881	448	0	8.7479231	0	0	0	0	0	5e-06	0	0	0	0	0	3
882	448	0	8.75785263	0	0	0	0	0	5e-06	0	0	0	0	0	3
883	449	0	8.76778217	0	0	0	0	0	5e-06	0	0	0	0	0	3
884	449	0	8.77771171	0	0	0	0	0	5e-06	0	0	0	0	0	3
885	450	0	8.78764125	0	0	0	0	0	5e-06	0	0	0	0	0	3
886	450	0	8.79757079	0	0	0	0	0	5e-06	0	0	0	0	0	3
887	451	0	8.80750032	0	0	0	0	0	5e-06	0	0	0	0	0	3
888	451	0	8.81742986	0	0	0	0	0	5e-06	0	0	0	0	0	3
889	452	0	8.8273594	0	0	0	0	0	5e-06	0	0	0	0	0	3
890	452	0	8.83728894	0	0	0	0	0	5e-06	0	0	0	0	0	3
891	453	0	8.84721848	0	0	0	0	0	5e-06	0	0	0	0	0	3
892	453	0	8.85714802	0	0	0	0	0	5e-06	0	0	0	0	0	3
893	454	0	8.86707755	0	0	0	0	0	5e-06	0	0	0	0	0	3
894	454	0	8.87700709	0	0	0	0	0	5e-06	0	0	0	0	0	3
895	455	0	8.88693663	0	0	0	0	0	5e-06	0	0	0	0	0	3
896	455	0	8.89686617	0	0	0	0	0	5e-06	0	0	0	0	0	3
897	456	0	8.90679571	0	0	0	0	0	5e-06	0	0	0	0	0	3
898	456	0	8.91672524	0	0	0	0	0	5e-06	0	0	0	0	0	3
899	457	0	8.92665478	0	0	0	0	0	5e-06	0	0	0	0	0	3
900	457	0	8.93658432	0	0	0	0	0	5e-06	0	0	0	0	0	3
901	458	0	8.94651386	0	0	0	0	0	5e-06	0	0	0	0	0	3
902	459	0	8.9564434	0	0	0	0	0	5e-06	0	0	0	0	0	3
903	459	0	8.96637293	0	0	0	0	0	5e-06	0	0	0	0	0	3
904	460	0	8.97630247	0	0	0	0	0	5e-06	0	0	0	0	0	3
905	460	0	8.98623201	0	0	0	0	0	5e-06	0	0	0	0	0	3
906	461	0	8.99616155	0	0	0	0	0	5e-06	0	0	0	0	0	3
907	462	0	9.00609109	0	0	0	0	0	5e-06	0	0	0	0	0	3
908	462	0	9.01602063	0	0	0	0	0	5e-06	0	0	0	0	0	3
909	463	0	9.02595016	0	0	0	0	0	5e-06	0	0	0	0	0	3
910	463	0	9.0358797	0	0	0	0	0	5e-06	0	0	0	0	0	3
911	464	0	9.04580924	0	0	0	0	0	5e-06	0	0	0	0	0	3
912	464	0	9.05573878	0	0	0	0	0	5e-06	0	0	0	0	0	3
913	465	0	9.06566832	0	0	0	0	0	5e-06	0	0	0	0	0	3
914	466	0	9.07559785	0	0	0	0	0	5e-06	0	0	0	0	0	3
915	466	0	9.08552739	0	0	0	0	0	5e-06	0	0	0	0	0	3
916	467	0	9.09545693	0	0	0	0	0	5e-06	0	0	0	0	0	3
917	467	0	9.10538647	0	0	0	0	0	5e-06	0	0	0	0	0	3
918	468	0	9.11531601	0	0	0	0	0	5e-06	0	0	0	0	0	3
919	469	0	9.12524555	0	0	0	0	0	5e-06	0	0	0	0	0	3
920	469	0	9.13517508	0	0	0	0	0	5e-06	0	0	0	0	0	3
921	470	0	9.14510462	0	0	0	0	0	5e-06	0	0	0	0	0	3
922	470	0	9.15503416	0	0	0	0	0	5e-06	0	0	0	0	0	3
923	471	0	9.1649637	0	0	0	0	0	5e-06	0	0	0	0	0	3
924	472	0	9.17489324	0	0	0	0	0	5e-06	0	0	0	0	0	3
925	472	0	9.18482277	0	0	0	0	0	5e-06	0	0	0	0	0	3
926	473	0	9.19475231	0	0	0	0	0	5e-06	0	0	0	0	0	3
927	473	0	9.20468185	0	0	0	0	0	5e-06	0	0	0	0	0	3
928	474	0	9.21461139	0	0	0	0	0	5e-06	0	0	0	0	0	3
929	474	0	9.22454093	0	0	0	0	0	5e-06	0	0	0	0	0	3
930	475	0	9.23447046	0	0	0	0	0	5e-06	0	0	0	0	0	3
931	475	0	9.2444	0	0	0	0	0	5e-06	0	0	0	0	0	3
932	476	0	9.25432954	0	0	0	0	0	5e-06	0	0	0	0	0	3
933	476	0	9.26425908	0	0	0	0	0	5e-06	0	0	0	0	0	3
934	477	0	9.27418862	0	0	0	0	0	5e-06	0	0	0	0	0	3
935	477	0	9.28411816	0	0	0	0	0	5e-06	0	0	0	0	0	3
936	478	0	9.29404769	0	0	0	0	0	5e-06	0	0	0	0	0	3
937	478	0	9.30397723	0	0	0	0	0	5e-06	0	0	0	0	0	3
938	479	0	9.31390677	0	0	0	0	0	5e-06	0	0	0	0	0	3
939	479	0	9.32383631	0	0	0	0	0	5e-06	0	0	0	0	0	3
940	480	0	9.33376585	0	0	0	0	0	5e-06	0	0	0	0	0	3
941	480	0	9.34369538	0	0	0	0	0	5e-06	0	0	0	0	0	3
942	481	0	9.35362492	0	0	0	0	0	5e-06	0	0	0	0	0	3
943	481	0	9.36355446	0	0	0	0	0	5e-06	0	0	0	0	0	3
944	482	0	9.373484	0	0	0	0	0	5e-06	0	0	0	0	0	3
945	482	0	9.38341354	0	0	0	0	0	5e-06	0	0	0	0	0	3
946	483	0	9.39334307	0	0	0	0	0	5e-06	0	0	0	0	0	3
947	483	0	9.40327261	0	0	0	0	0	5e-06	0	0	0	0	0	3
948	484	0	9.41320215	0	0	0	0	0	5e-06	0	0	0	0	0	3
949	484	0	9.42313169	0	0	0	0	0	5e-06	0	0	0	0	0	3
950	485	0	9.43306123	0	0	0	0	0	5e-06	0	0	0	0	0	3
951	485	0	9.44299077	0	0	0	0	0	5e-06	0	0	0	0	0	3
952	486	0	9.4529203	0	0	0	0	0	5e-06	0	0	0	0	0	3
953	486	0	9.46284984	0	0	0	0	0	5e-06	0	0	0	0	0	3
954	487	0	9.47277938	0	0	0	0	0	5e-06	0	0	0	0	0	3
955	487	0	9.48270892	0	0	0	0	0	5e-06	0	0	0	0	0	3
956	488	0	9.49263846	0	0	0	0	0	5e-06	0	0	0	0	0	3
957	488	0	9.50256799	0	0	0	0	0	5e-06	0	0	0	0	0	3
958	489	0	9.51249753	0	0	0	0	0	5e-06	0	0	0	0	0	3
959	489	0	9.52242707	0	0	0	0	0	5e-06	0	0	0	0	0	3
960	490	0	9.53235661	0	0	0	0	0	5e-06	0	0	0	0	0	3
961	490	0	9.54228615	0	0	0	0	0	5e-06	0	0	0	0	0	3
962	491	0	9.55221568	0	0	0	0	0	5e-06	0	0	0	0	0	3
963	491	0	9.56214522	0	0	0	0	0	5e-06	0	0	0	0	0	3
964	492	0	9.57207476	0	0	0	0	0	5e-06	0	0	0	0	0	3
965	492	0	9.5820043	0	0	0	0	0	5e-06	0	0	0	0	0	3
966	492	0	9.59193384	0	0	0	0	0	5e-06	0	0	0	0	0	3
967	493	0	9.60186338	0	0	0	0	0	5e-06	0	0	0	0	0	3
968	493	0	9.61179291	0	0	0	0	0	5e-06	0	0	0	0	0	3
969	494	0	9.62172245	0	0	0	0	0	5e-06	0	0	0	0	0	3
970	494	0	9.63165199	0	0	0	0	0	5e-06	0	0	0	0	0	3
971	495	0	9.64158153	0	0	0	0	0	5e-06	0	0	0	0	0	3
972	495	0	9.65151107	0	0	0	0	0	5e-06	0	0	0	0	0	3
973	496	0	9.6614406	0	0	0	0	0	5e-06	0	0	0	0	0	3
974	496	0	9.67137014	0	0	0	0	0	5e-06	0	0	0	0	0	3
975	497	0	9.68129968	0	0	0	0	0	5e-06	0	0	0	0	0	3
976	497	0	9.69122922	0	0	0	0	0	5e-06	0	0	0	0	0	3
977	498	0	9.70115876	0	0	0	0	0	5e-06	0	0	0	0	0	3
978	498	0	9.71108829	0	0	0	0	0	5e-06	0	0	0	0	0	3
979	499	0	9.72101783	0	0	0	0	0	5e-06	0	0	0	0	0	3
980	499	0	9.73094737	0	0	0	0	0	5e-06	0	0	0	0	0	3
981	500	0	9.74087691	0	0	0	0	0	5e-06	0	0	0	0	0	3
982	500	0	9.75080645	0	0	0	0	0	5e-06	0	0	0	0	0	3
983	501	0	9.76073599	0	0	0	0	0	5e-06	0	0	0	0	0	3
984	501	0	9.77066552	0	0	0	0	0	5e-06	0	0	0	0	0	3
985	502	0	9.78059506	0	0	0	0	0	5e-06	0	0	0	0	0	3
986	502	0	9.7905246	0	0	0	0	0	5e-06	0	0	0	0	0	3
987	503	0	9.80045414	0	0	0	0	0	5e-06	0	0	0	0	0	3
988	503	0	9.81038368	0	0	0	0	0	5e-06	0	0	0	0	0	3
989	504	0	9.82031321	0	0	0	0	0	5e-06	0	0	0	0	0	3
990	504	0	9.83024275	0	0	0	0	0	5e-06	0	0	0	0	0	3
991	505	0	9.84017229	0	0	0	0	0	5e-06	0	0	0	0	0	3
992	505	0	9.85010183	0	0	0	0	0	5e-06	0	0	0	0	0	3
993	506	0	9.86003137	0	0	0	0	0	5e-06	0	0	0	0	0	3
994	507	0	9.86996091	0	0	0	0	0	5e-06	0	0	0	0	0	3
995	507	0	9.87989044	0	0	0	0	0	5e-06	0	0	0	0	0	3
996	508	0	9.88981998	0	0	0	0	0	5e-06	0	0	0	0	0	3
997	508	0	9.89974952	0	0	0	0	0	5e-06	0	0	0	0	0	3
998	509	0	9.90967906	0	0	0	0	0	5e-06	0	0	0	0	0	3
999	509	0	9.9196086	0	0	0	0	0	5e-06	0	0	0	0	0	3
1000	510	0	9.92953813	0	0	0	0	0	5e-06	0	0	0	0	0	3
1001	511	0	9.93946767	0	0	0	0	0	5e-06	0	0	0	0	0	3
1002	511	0	9.94939721	0	0	0	0	0	5e-06	0	0	0	0	0	3
1003	512	0	9.95932675	0	0	0	0	0	5e-06	0	0	0	0	0	3
1004	512	0	9.96925629	0	0	0	0	0	5e-06	0	0	0	0	0	3
1005	512	0	9.97918582	0	0	0	0	0	5e-06	0	0	0	0	0	3
1006	513	0	9.98911536	0	0	0	0	0	5e-06	0	0	0	0	0	3
1007	513	0	9.9990449	0	0	0	0	0	5e-06	0	0	0	0	0	3
1008	514	0	10.0089744	0	0	0	0	0	5e-06	0	0	0	0	0	3
